s (1,1) 3
s (2,1) 41
s (3,1) 31
s (4,1) 15
s (5,1) 36
s (6,1) 19
s (7,1) 31
s (8,1) 45
s (9,1) 47
s (10,1) 49
s (11,1) 21
(1,1) (1,2) 47
(1,2) (1,3) 47
(1,3) (1,4) 17
(1,4) (1,5) 36
(1,5) (1,6) 20
(1,6) (1,7) 42
(1,7) (1,8) 15
(1,8) (1,9) 22
(1,9) (1,10) 37
(1,10) (1,11) 27
(1,11) (1,12) 4
(1,12) (1,13) 26
(1,13) (1,14) 54
(1,14) (1,15) 52
(1,15) (1,16) 30
(1,16) (1,17) 38
(1,17) (1,18) 15
(1,18) (1,19) 13
(1,19) (1,20) 44
(2,1) (2,2) 35
(2,2) (2,3) 31
(2,3) (2,4) 15
(2,4) (2,5) 37
(2,5) (2,6) 38
(2,6) (2,7) 4
(2,7) (2,8) 44
(2,8) (2,9) 37
(2,9) (2,10) 36
(2,10) (2,11) 11
(2,11) (2,12) 24
(2,12) (2,13) 37
(2,13) (2,14) 31
(2,14) (2,15) 33
(2,15) (2,16) 3
(2,16) (2,17) 17
(2,17) (2,18) 37
(2,18) (2,19) 46
(2,19) (2,20) 16
(3,1) (3,2) 39
(3,2) (3,3) 34
(3,3) (3,4) 36
(3,4) (3,5) 16
(3,5) (3,6) 45
(3,6) (3,7) 22
(3,7) (3,8) 41
(3,8) (3,9) 27
(3,9) (3,10) 33
(3,10) (3,11) 22
(3,11) (3,12) 46
(3,12) (3,13) 48
(3,13) (3,14) 32
(3,14) (3,15) 46
(3,15) (3,16) 37
(3,16) (3,17) 24
(3,17) (3,18) 27
(3,18) (3,19) 45
(3,19) (3,20) 45
(4,1) (4,2) 22
(4,2) (4,3) 35
(4,3) (4,4) 37
(4,4) (4,5) 27
(4,5) (4,6) 29
(4,6) (4,7) 47
(4,7) (4,8) 10
(4,8) (4,9) 16
(4,9) (4,10) 30
(4,10) (4,11) 17
(4,11) (4,12) 34
(4,12) (4,13) 7
(4,13) (4,14) 4
(4,14) (4,15) 26
(4,15) (4,16) 11
(4,16) (4,17) 14
(4,17) (4,18) 16
(4,18) (4,19) 11
(4,19) (4,20) 53
(5,1) (5,2) 53
(5,2) (5,3) 7
(5,3) (5,4) 21
(5,4) (5,5) 40
(5,5) (5,6) 54
(5,6) (5,7) 8
(5,7) (5,8) 51
(5,8) (5,9) 25
(5,9) (5,10) 25
(5,10) (5,11) 24
(5,11) (5,12) 37
(5,12) (5,13) 51
(5,13) (5,14) 53
(5,14) (5,15) 51
(5,15) (5,16) 45
(5,16) (5,17) 7
(5,17) (5,18) 48
(5,18) (5,19) 23
(5,19) (5,20) 54
(6,1) (6,2) 10
(6,2) (6,3) 50
(6,3) (6,4) 40
(6,4) (6,5) 42
(6,5) (6,6) 34
(6,6) (6,7) 53
(6,7) (6,8) 14
(6,8) (6,9) 19
(6,9) (6,10) 8
(6,10) (6,11) 29
(6,11) (6,12) 19
(6,12) (6,13) 19
(6,13) (6,14) 9
(6,14) (6,15) 15
(6,15) (6,16) 49
(6,16) (6,17) 41
(6,17) (6,18) 53
(6,18) (6,19) 29
(6,19) (6,20) 40
(7,1) (7,2) 8
(7,2) (7,3) 3
(7,3) (7,4) 27
(7,4) (7,5) 7
(7,5) (7,6) 33
(7,6) (7,7) 40
(7,7) (7,8) 29
(7,8) (7,9) 35
(7,9) (7,10) 17
(7,10) (7,11) 5
(7,11) (7,12) 37
(7,12) (7,13) 3
(7,13) (7,14) 47
(7,14) (7,15) 39
(7,15) (7,16) 46
(7,16) (7,17) 42
(7,17) (7,18) 14
(7,18) (7,19) 9
(7,19) (7,20) 19
(8,1) (8,2) 20
(8,2) (8,3) 13
(8,3) (8,4) 30
(8,4) (8,5) 30
(8,5) (8,6) 50
(8,6) (8,7) 43
(8,7) (8,8) 7
(8,8) (8,9) 26
(8,9) (8,10) 39
(8,10) (8,11) 35
(8,11) (8,12) 14
(8,12) (8,13) 48
(8,13) (8,14) 31
(8,14) (8,15) 15
(8,15) (8,16) 42
(8,16) (8,17) 12
(8,17) (8,18) 32
(8,18) (8,19) 22
(8,19) (8,20) 15
(9,1) (9,2) 35
(9,2) (9,3) 24
(9,3) (9,4) 32
(9,4) (9,5) 11
(9,5) (9,6) 55
(9,6) (9,7) 44
(9,7) (9,8) 9
(9,8) (9,9) 51
(9,9) (9,10) 42
(9,10) (9,11) 15
(9,11) (9,12) 14
(9,12) (9,13) 23
(9,13) (9,14) 18
(9,14) (9,15) 23
(9,15) (9,16) 37
(9,16) (9,17) 48
(9,17) (9,18) 26
(9,18) (9,19) 36
(9,19) (9,20) 19
(10,1) (10,2) 3
(10,2) (10,3) 34
(10,3) (10,4) 10
(10,4) (10,5) 54
(10,5) (10,6) 48
(10,6) (10,7) 7
(10,7) (10,8) 34
(10,8) (10,9) 14
(10,9) (10,10) 18
(10,10) (10,11) 32
(10,11) (10,12) 11
(10,12) (10,13) 35
(10,13) (10,14) 54
(10,14) (10,15) 31
(10,15) (10,16) 48
(10,16) (10,17) 44
(10,17) (10,18) 55
(10,18) (10,19) 10
(10,19) (10,20) 15
(11,1) (11,2) 20
(11,2) (11,3) 18
(11,3) (11,4) 27
(11,4) (11,5) 20
(11,5) (11,6) 18
(11,6) (11,7) 32
(11,7) (11,8) 23
(11,8) (11,9) 24
(11,9) (11,10) 41
(11,10) (11,11) 43
(11,11) (11,12) 42
(11,12) (11,13) 15
(11,13) (11,14) 40
(11,14) (11,15) 25
(11,15) (11,16) 49
(11,16) (11,17) 21
(11,17) (11,18) 53
(11,18) (11,19) 3
(11,19) (11,20) 38
(1,1) (2,1) 23
(2,1) (1,1) 11
(2,1) (3,1) 22
(3,1) (2,1) 13
(3,1) (4,1) 27
(4,1) (3,1) 3
(4,1) (5,1) 20
(5,1) (4,1) 35
(5,1) (6,1) 15
(6,1) (5,1) 48
(6,1) (7,1) 11
(7,1) (6,1) 25
(7,1) (8,1) 24
(8,1) (7,1) 20
(8,1) (9,1) 18
(9,1) (8,1) 10
(9,1) (10,1) 29
(10,1) (9,1) 34
(10,1) (11,1) 28
(11,1) (10,1) 29
(1,2) (2,2) 26
(2,2) (1,2) 8
(2,2) (3,2) 45
(3,2) (2,2) 26
(3,2) (4,2) 55
(4,2) (3,2) 34
(4,2) (5,2) 37
(5,2) (4,2) 22
(5,2) (6,2) 34
(6,2) (5,2) 32
(6,2) (7,2) 13
(7,2) (6,2) 50
(7,2) (8,2) 44
(8,2) (7,2) 11
(8,2) (9,2) 7
(9,2) (8,2) 51
(9,2) (10,2) 19
(10,2) (9,2) 29
(10,2) (11,2) 32
(11,2) (10,2) 7
(1,3) (2,3) 13
(2,3) (1,3) 16
(2,3) (3,3) 37
(3,3) (2,3) 22
(3,3) (4,3) 21
(4,3) (3,3) 46
(4,3) (5,3) 49
(5,3) (4,3) 20
(5,3) (6,3) 46
(6,3) (5,3) 38
(6,3) (7,3) 6
(7,3) (6,3) 38
(7,3) (8,3) 25
(8,3) (7,3) 3
(8,3) (9,3) 39
(9,3) (8,3) 44
(9,3) (10,3) 37
(10,3) (9,3) 51
(10,3) (11,3) 55
(11,3) (10,3) 7
(1,4) (2,4) 36
(2,4) (1,4) 38
(2,4) (3,4) 16
(3,4) (2,4) 25
(3,4) (4,4) 49
(4,4) (3,4) 33
(4,4) (5,4) 21
(5,4) (4,4) 24
(5,4) (6,4) 47
(6,4) (5,4) 5
(6,4) (7,4) 5
(7,4) (6,4) 7
(7,4) (8,4) 7
(8,4) (7,4) 19
(8,4) (9,4) 17
(9,4) (8,4) 37
(9,4) (10,4) 41
(10,4) (9,4) 46
(10,4) (11,4) 45
(11,4) (10,4) 39
(1,5) (2,5) 47
(2,5) (1,5) 4
(2,5) (3,5) 31
(3,5) (2,5) 37
(3,5) (4,5) 35
(4,5) (3,5) 21
(4,5) (5,5) 41
(5,5) (4,5) 31
(5,5) (6,5) 52
(6,5) (5,5) 44
(6,5) (7,5) 41
(7,5) (6,5) 6
(7,5) (8,5) 46
(8,5) (7,5) 16
(8,5) (9,5) 15
(9,5) (8,5) 9
(9,5) (10,5) 22
(10,5) (9,5) 28
(10,5) (11,5) 17
(11,5) (10,5) 49
(1,6) (2,6) 4
(2,6) (1,6) 38
(2,6) (3,6) 26
(3,6) (2,6) 48
(3,6) (4,6) 37
(4,6) (3,6) 23
(4,6) (5,6) 39
(5,6) (4,6) 47
(5,6) (6,6) 26
(6,6) (5,6) 52
(6,6) (7,6) 16
(7,6) (6,6) 23
(7,6) (8,6) 24
(8,6) (7,6) 21
(8,6) (9,6) 6
(9,6) (8,6) 13
(9,6) (10,6) 27
(10,6) (9,6) 30
(10,6) (11,6) 6
(11,6) (10,6) 53
(1,7) (2,7) 40
(2,7) (1,7) 55
(2,7) (3,7) 28
(3,7) (2,7) 14
(3,7) (4,7) 18
(4,7) (3,7) 41
(4,7) (5,7) 31
(5,7) (4,7) 41
(5,7) (6,7) 26
(6,7) (5,7) 51
(6,7) (7,7) 44
(7,7) (6,7) 39
(7,7) (8,7) 33
(8,7) (7,7) 41
(8,7) (9,7) 46
(9,7) (8,7) 13
(9,7) (10,7) 28
(10,7) (9,7) 45
(10,7) (11,7) 31
(11,7) (10,7) 37
(1,8) (2,8) 36
(2,8) (1,8) 18
(2,8) (3,8) 7
(3,8) (2,8) 54
(3,8) (4,8) 33
(4,8) (3,8) 41
(4,8) (5,8) 11
(5,8) (4,8) 24
(5,8) (6,8) 35
(6,8) (5,8) 17
(6,8) (7,8) 20
(7,8) (6,8) 11
(7,8) (8,8) 16
(8,8) (7,8) 53
(8,8) (9,8) 10
(9,8) (8,8) 7
(9,8) (10,8) 9
(10,8) (9,8) 41
(10,8) (11,8) 46
(11,8) (10,8) 43
(1,9) (2,9) 50
(2,9) (1,9) 49
(2,9) (3,9) 14
(3,9) (2,9) 52
(3,9) (4,9) 45
(4,9) (3,9) 42
(4,9) (5,9) 48
(5,9) (4,9) 40
(5,9) (6,9) 36
(6,9) (5,9) 30
(6,9) (7,9) 51
(7,9) (6,9) 38
(7,9) (8,9) 9
(8,9) (7,9) 17
(8,9) (9,9) 11
(9,9) (8,9) 10
(9,9) (10,9) 37
(10,9) (9,9) 9
(10,9) (11,9) 22
(11,9) (10,9) 11
(1,10) (2,10) 16
(2,10) (1,10) 44
(2,10) (3,10) 53
(3,10) (2,10) 30
(3,10) (4,10) 9
(4,10) (3,10) 33
(4,10) (5,10) 31
(5,10) (4,10) 49
(5,10) (6,10) 45
(6,10) (5,10) 38
(6,10) (7,10) 36
(7,10) (6,10) 32
(7,10) (8,10) 8
(8,10) (7,10) 49
(8,10) (9,10) 52
(9,10) (8,10) 51
(9,10) (10,10) 41
(10,10) (9,10) 11
(10,10) (11,10) 22
(11,10) (10,10) 50
(1,11) (2,11) 20
(2,11) (1,11) 46
(2,11) (3,11) 14
(3,11) (2,11) 34
(3,11) (4,11) 27
(4,11) (3,11) 5
(4,11) (5,11) 53
(5,11) (4,11) 48
(5,11) (6,11) 3
(6,11) (5,11) 15
(6,11) (7,11) 10
(7,11) (6,11) 8
(7,11) (8,11) 51
(8,11) (7,11) 4
(8,11) (9,11) 22
(9,11) (8,11) 23
(9,11) (10,11) 40
(10,11) (9,11) 42
(10,11) (11,11) 9
(11,11) (10,11) 16
(1,12) (2,12) 19
(2,12) (1,12) 48
(2,12) (3,12) 52
(3,12) (2,12) 9
(3,12) (4,12) 4
(4,12) (3,12) 25
(4,12) (5,12) 39
(5,12) (4,12) 4
(5,12) (6,12) 43
(6,12) (5,12) 6
(6,12) (7,12) 36
(7,12) (6,12) 6
(7,12) (8,12) 6
(8,12) (7,12) 49
(8,12) (9,12) 27
(9,12) (8,12) 14
(9,12) (10,12) 34
(10,12) (9,12) 22
(10,12) (11,12) 54
(11,12) (10,12) 31
(1,13) (2,13) 19
(2,13) (1,13) 51
(2,13) (3,13) 36
(3,13) (2,13) 16
(3,13) (4,13) 34
(4,13) (3,13) 22
(4,13) (5,13) 8
(5,13) (4,13) 26
(5,13) (6,13) 48
(6,13) (5,13) 55
(6,13) (7,13) 14
(7,13) (6,13) 14
(7,13) (8,13) 51
(8,13) (7,13) 54
(8,13) (9,13) 36
(9,13) (8,13) 18
(9,13) (10,13) 42
(10,13) (9,13) 42
(10,13) (11,13) 20
(11,13) (10,13) 32
(1,14) (2,14) 41
(2,14) (1,14) 33
(2,14) (3,14) 43
(3,14) (2,14) 15
(3,14) (4,14) 14
(4,14) (3,14) 36
(4,14) (5,14) 54
(5,14) (4,14) 40
(5,14) (6,14) 30
(6,14) (5,14) 9
(6,14) (7,14) 42
(7,14) (6,14) 13
(7,14) (8,14) 16
(8,14) (7,14) 27
(8,14) (9,14) 44
(9,14) (8,14) 46
(9,14) (10,14) 40
(10,14) (9,14) 10
(10,14) (11,14) 37
(11,14) (10,14) 36
(1,15) (2,15) 30
(2,15) (1,15) 46
(2,15) (3,15) 3
(3,15) (2,15) 4
(3,15) (4,15) 55
(4,15) (3,15) 28
(4,15) (5,15) 46
(5,15) (4,15) 21
(5,15) (6,15) 47
(6,15) (5,15) 12
(6,15) (7,15) 9
(7,15) (6,15) 3
(7,15) (8,15) 31
(8,15) (7,15) 12
(8,15) (9,15) 24
(9,15) (8,15) 14
(9,15) (10,15) 14
(10,15) (9,15) 55
(10,15) (11,15) 53
(11,15) (10,15) 35
(1,16) (2,16) 24
(2,16) (1,16) 30
(2,16) (3,16) 45
(3,16) (2,16) 40
(3,16) (4,16) 6
(4,16) (3,16) 38
(4,16) (5,16) 55
(5,16) (4,16) 19
(5,16) (6,16) 26
(6,16) (5,16) 47
(6,16) (7,16) 8
(7,16) (6,16) 5
(7,16) (8,16) 51
(8,16) (7,16) 14
(8,16) (9,16) 30
(9,16) (8,16) 40
(9,16) (10,16) 14
(10,16) (9,16) 19
(10,16) (11,16) 32
(11,16) (10,16) 47
(1,17) (2,17) 42
(2,17) (1,17) 49
(2,17) (3,17) 49
(3,17) (2,17) 7
(3,17) (4,17) 34
(4,17) (3,17) 34
(4,17) (5,17) 15
(5,17) (4,17) 24
(5,17) (6,17) 27
(6,17) (5,17) 26
(6,17) (7,17) 3
(7,17) (6,17) 46
(7,17) (8,17) 9
(8,17) (7,17) 11
(8,17) (9,17) 51
(9,17) (8,17) 51
(9,17) (10,17) 44
(10,17) (9,17) 53
(10,17) (11,17) 41
(11,17) (10,17) 45
(1,18) (2,18) 46
(2,18) (1,18) 30
(2,18) (3,18) 41
(3,18) (2,18) 25
(3,18) (4,18) 45
(4,18) (3,18) 15
(4,18) (5,18) 18
(5,18) (4,18) 54
(5,18) (6,18) 41
(6,18) (5,18) 10
(6,18) (7,18) 46
(7,18) (6,18) 23
(7,18) (8,18) 43
(8,18) (7,18) 26
(8,18) (9,18) 49
(9,18) (8,18) 23
(9,18) (10,18) 22
(10,18) (9,18) 44
(10,18) (11,18) 48
(11,18) (10,18) 19
(1,19) (2,19) 40
(2,19) (1,19) 40
(2,19) (3,19) 45
(3,19) (2,19) 24
(3,19) (4,19) 44
(4,19) (3,19) 40
(4,19) (5,19) 4
(5,19) (4,19) 24
(5,19) (6,19) 42
(6,19) (5,19) 46
(6,19) (7,19) 13
(7,19) (6,19) 51
(7,19) (8,19) 9
(8,19) (7,19) 25
(8,19) (9,19) 47
(9,19) (8,19) 46
(9,19) (10,19) 50
(10,19) (9,19) 48
(10,19) (11,19) 3
(11,19) (10,19) 13
(1,20) (2,20) 3
(2,20) (1,20) 6
(2,20) (3,20) 8
(3,20) (2,20) 32
(3,20) (4,20) 41
(4,20) (3,20) 30
(4,20) (5,20) 11
(5,20) (4,20) 15
(5,20) (6,20) 18
(6,20) (5,20) 28
(6,20) (7,20) 10
(7,20) (6,20) 15
(7,20) (8,20) 9
(8,20) (7,20) 54
(8,20) (9,20) 18
(9,20) (8,20) 25
(9,20) (10,20) 26
(10,20) (9,20) 52
(10,20) (11,20) 44
(11,20) (10,20) 36
(1,20) t 24
(2,20) t 52
(3,20) t 40
(4,20) t 14
(5,20) t 26
(6,20) t 22
(7,20) t 38
(8,20) t 30
(9,20) t 38
(10,20) t 23
(11,20) t 51
