s (1,1) 44
s (2,1) 7
s (3,1) 11
s (4,1) 53
s (5,1) 55
s (6,1) 23
s (7,1) 10
s (8,1) 38
s (9,1) 33
s (10,1) 29
s (11,1) 55
s (12,1) 61
s (13,1) 58
s (14,1) 56
s (15,1) 48
s (16,1) 33
s (17,1) 17
s (18,1) 33
(1,1) (1,2) 39
(1,2) (1,3) 61
(1,3) (1,4) 49
(1,4) (1,5) 49
(1,5) (1,6) 58
(1,6) (1,7) 54
(1,7) (1,8) 8
(1,8) (1,9) 43
(1,9) (1,10) 51
(1,10) (1,11) 14
(1,11) (1,12) 26
(1,12) (1,13) 12
(1,13) (1,14) 44
(1,14) (1,15) 46
(1,15) (1,16) 47
(1,16) (1,17) 42
(1,17) (1,18) 26
(1,18) (1,19) 64
(1,19) (1,20) 24
(2,1) (2,2) 65
(2,2) (2,3) 54
(2,3) (2,4) 31
(2,4) (2,5) 11
(2,5) (2,6) 17
(2,6) (2,7) 7
(2,7) (2,8) 22
(2,8) (2,9) 9
(2,9) (2,10) 16
(2,10) (2,11) 29
(2,11) (2,12) 34
(2,12) (2,13) 58
(2,13) (2,14) 60
(2,14) (2,15) 13
(2,15) (2,16) 21
(2,16) (2,17) 43
(2,17) (2,18) 65
(2,18) (2,19) 18
(2,19) (2,20) 51
(3,1) (3,2) 8
(3,2) (3,3) 57
(3,3) (3,4) 16
(3,4) (3,5) 45
(3,5) (3,6) 40
(3,6) (3,7) 50
(3,7) (3,8) 49
(3,8) (3,9) 24
(3,9) (3,10) 54
(3,10) (3,11) 50
(3,11) (3,12) 11
(3,12) (3,13) 46
(3,13) (3,14) 18
(3,14) (3,15) 41
(3,15) (3,16) 12
(3,16) (3,17) 63
(3,17) (3,18) 63
(3,18) (3,19) 24
(3,19) (3,20) 58
(4,1) (4,2) 26
(4,2) (4,3) 63
(4,3) (4,4) 62
(4,4) (4,5) 35
(4,5) (4,6) 13
(4,6) (4,7) 51
(4,7) (4,8) 14
(4,8) (4,9) 48
(4,9) (4,10) 12
(4,10) (4,11) 42
(4,11) (4,12) 55
(4,12) (4,13) 58
(4,13) (4,14) 34
(4,14) (4,15) 61
(4,15) (4,16) 11
(4,16) (4,17) 15
(4,17) (4,18) 38
(4,18) (4,19) 22
(4,19) (4,20) 53
(5,1) (5,2) 60
(5,2) (5,3) 49
(5,3) (5,4) 35
(5,4) (5,5) 30
(5,5) (5,6) 56
(5,6) (5,7) 58
(5,7) (5,8) 43
(5,8) (5,9) 47
(5,9) (5,10) 56
(5,10) (5,11) 44
(5,11) (5,12) 21
(5,12) (5,13) 28
(5,13) (5,14) 13
(5,14) (5,15) 35
(5,15) (5,16) 42
(5,16) (5,17) 37
(5,17) (5,18) 42
(5,18) (5,19) 50
(5,19) (5,20) 60
(6,1) (6,2) 48
(6,2) (6,3) 41
(6,3) (6,4) 26
(6,4) (6,5) 61
(6,5) (6,6) 40
(6,6) (6,7) 62
(6,7) (6,8) 24
(6,8) (6,9) 60
(6,9) (6,10) 57
(6,10) (6,11) 46
(6,11) (6,12) 54
(6,12) (6,13) 64
(6,13) (6,14) 53
(6,14) (6,15) 54
(6,15) (6,16) 61
(6,16) (6,17) 24
(6,17) (6,18) 7
(6,18) (6,19) 65
(6,19) (6,20) 47
(7,1) (7,2) 28
(7,2) (7,3) 14
(7,3) (7,4) 29
(7,4) (7,5) 38
(7,5) (7,6) 12
(7,6) (7,7) 40
(7,7) (7,8) 39
(7,8) (7,9) 8
(7,9) (7,10) 36
(7,10) (7,11) 51
(7,11) (7,12) 27
(7,12) (7,13) 29
(7,13) (7,14) 46
(7,14) (7,15) 38
(7,15) (7,16) 21
(7,16) (7,17) 65
(7,17) (7,18) 7
(7,18) (7,19) 61
(7,19) (7,20) 45
(8,1) (8,2) 38
(8,2) (8,3) 34
(8,3) (8,4) 58
(8,4) (8,5) 14
(8,5) (8,6) 9
(8,6) (8,7) 31
(8,7) (8,8) 21
(8,8) (8,9) 25
(8,9) (8,10) 8
(8,10) (8,11) 41
(8,11) (8,12) 21
(8,12) (8,13) 33
(8,13) (8,14) 19
(8,14) (8,15) 47
(8,15) (8,16) 50
(8,16) (8,17) 39
(8,17) (8,18) 35
(8,18) (8,19) 26
(8,19) (8,20) 15
(9,1) (9,2) 25
(9,2) (9,3) 52
(9,3) (9,4) 35
(9,4) (9,5) 26
(9,5) (9,6) 49
(9,6) (9,7) 58
(9,7) (9,8) 54
(9,8) (9,9) 29
(9,9) (9,10) 42
(9,10) (9,11) 65
(9,11) (9,12) 38
(9,12) (9,13) 43
(9,13) (9,14) 54
(9,14) (9,15) 20
(9,15) (9,16) 24
(9,16) (9,17) 21
(9,17) (9,18) 18
(9,18) (9,19) 46
(9,19) (9,20) 57
(10,1) (10,2) 15
(10,2) (10,3) 57
(10,3) (10,4) 35
(10,4) (10,5) 56
(10,5) (10,6) 20
(10,6) (10,7) 8
(10,7) (10,8) 9
(10,8) (10,9) 65
(10,9) (10,10) 33
(10,10) (10,11) 33
(10,11) (10,12) 51
(10,12) (10,13) 55
(10,13) (10,14) 46
(10,14) (10,15) 35
(10,15) (10,16) 7
(10,16) (10,17) 44
(10,17) (10,18) 41
(10,18) (10,19) 52
(10,19) (10,20) 28
(11,1) (11,2) 35
(11,2) (11,3) 23
(11,3) (11,4) 26
(11,4) (11,5) 35
(11,5) (11,6) 35
(11,6) (11,7) 57
(11,7) (11,8) 62
(11,8) (11,9) 24
(11,9) (11,10) 45
(11,10) (11,11) 64
(11,11) (11,12) 13
(11,12) (11,13) 33
(11,13) (11,14) 31
(11,14) (11,15) 41
(11,15) (11,16) 51
(11,16) (11,17) 28
(11,17) (11,18) 35
(11,18) (11,19) 15
(11,19) (11,20) 8
(12,1) (12,2) 15
(12,2) (12,3) 24
(12,3) (12,4) 45
(12,4) (12,5) 31
(12,5) (12,6) 49
(12,6) (12,7) 23
(12,7) (12,8) 49
(12,8) (12,9) 54
(12,9) (12,10) 23
(12,10) (12,11) 11
(12,11) (12,12) 31
(12,12) (12,13) 41
(12,13) (12,14) 18
(12,14) (12,15) 54
(12,15) (12,16) 45
(12,16) (12,17) 41
(12,17) (12,18) 63
(12,18) (12,19) 56
(12,19) (12,20) 53
(13,1) (13,2) 7
(13,2) (13,3) 27
(13,3) (13,4) 14
(13,4) (13,5) 26
(13,5) (13,6) 8
(13,6) (13,7) 43
(13,7) (13,8) 44
(13,8) (13,9) 55
(13,9) (13,10) 39
(13,10) (13,11) 45
(13,11) (13,12) 13
(13,12) (13,13) 65
(13,13) (13,14) 31
(13,14) (13,15) 38
(13,15) (13,16) 47
(13,16) (13,17) 51
(13,17) (13,18) 24
(13,18) (13,19) 39
(13,19) (13,20) 57
(14,1) (14,2) 31
(14,2) (14,3) 53
(14,3) (14,4) 52
(14,4) (14,5) 56
(14,5) (14,6) 9
(14,6) (14,7) 22
(14,7) (14,8) 60
(14,8) (14,9) 31
(14,9) (14,10) 37
(14,10) (14,11) 60
(14,11) (14,12) 51
(14,12) (14,13) 61
(14,13) (14,14) 31
(14,14) (14,15) 61
(14,15) (14,16) 21
(14,16) (14,17) 16
(14,17) (14,18) 29
(14,18) (14,19) 44
(14,19) (14,20) 12
(15,1) (15,2) 41
(15,2) (15,3) 38
(15,3) (15,4) 44
(15,4) (15,5) 12
(15,5) (15,6) 57
(15,6) (15,7) 41
(15,7) (15,8) 38
(15,8) (15,9) 37
(15,9) (15,10) 56
(15,10) (15,11) 65
(15,11) (15,12) 31
(15,12) (15,13) 42
(15,13) (15,14) 21
(15,14) (15,15) 59
(15,15) (15,16) 62
(15,16) (15,17) 65
(15,17) (15,18) 62
(15,18) (15,19) 30
(15,19) (15,20) 55
(16,1) (16,2) 20
(16,2) (16,3) 50
(16,3) (16,4) 52
(16,4) (16,5) 47
(16,5) (16,6) 24
(16,6) (16,7) 7
(16,7) (16,8) 10
(16,8) (16,9) 45
(16,9) (16,10) 40
(16,10) (16,11) 24
(16,11) (16,12) 41
(16,12) (16,13) 44
(16,13) (16,14) 10
(16,14) (16,15) 61
(16,15) (16,16) 51
(16,16) (16,17) 53
(16,17) (16,18) 36
(16,18) (16,19) 38
(16,19) (16,20) 37
(17,1) (17,2) 41
(17,2) (17,3) 51
(17,3) (17,4) 39
(17,4) (17,5) 17
(17,5) (17,6) 11
(17,6) (17,7) 62
(17,7) (17,8) 9
(17,8) (17,9) 56
(17,9) (17,10) 29
(17,10) (17,11) 26
(17,11) (17,12) 15
(17,12) (17,13) 10
(17,13) (17,14) 15
(17,14) (17,15) 54
(17,15) (17,16) 28
(17,16) (17,17) 29
(17,17) (17,18) 50
(17,18) (17,19) 23
(17,19) (17,20) 20
(18,1) (18,2) 45
(18,2) (18,3) 37
(18,3) (18,4) 22
(18,4) (18,5) 56
(18,5) (18,6) 13
(18,6) (18,7) 30
(18,7) (18,8) 55
(18,8) (18,9) 35
(18,9) (18,10) 43
(18,10) (18,11) 34
(18,11) (18,12) 17
(18,12) (18,13) 13
(18,13) (18,14) 31
(18,14) (18,15) 55
(18,15) (18,16) 61
(18,16) (18,17) 35
(18,17) (18,18) 28
(18,18) (18,19) 58
(18,19) (18,20) 45
(1,1) (2,1) 54
(2,1) (1,1) 24
(2,1) (3,1) 63
(3,1) (2,1) 53
(3,1) (4,1) 35
(4,1) (3,1) 22
(4,1) (5,1) 34
(5,1) (4,1) 9
(5,1) (6,1) 41
(6,1) (5,1) 10
(6,1) (7,1) 57
(7,1) (6,1) 19
(7,1) (8,1) 62
(8,1) (7,1) 35
(8,1) (9,1) 45
(9,1) (8,1) 12
(9,1) (10,1) 58
(10,1) (9,1) 8
(10,1) (11,1) 18
(11,1) (10,1) 15
(11,1) (12,1) 65
(12,1) (11,1) 62
(12,1) (13,1) 25
(13,1) (12,1) 41
(13,1) (14,1) 16
(14,1) (13,1) 11
(14,1) (15,1) 34
(15,1) (14,1) 52
(15,1) (16,1) 8
(16,1) (15,1) 41
(16,1) (17,1) 27
(17,1) (16,1) 61
(17,1) (18,1) 52
(18,1) (17,1) 37
(1,2) (2,2) 10
(2,2) (1,2) 40
(2,2) (3,2) 32
(3,2) (2,2) 28
(3,2) (4,2) 18
(4,2) (3,2) 58
(4,2) (5,2) 57
(5,2) (4,2) 48
(5,2) (6,2) 16
(6,2) (5,2) 47
(6,2) (7,2) 33
(7,2) (6,2) 55
(7,2) (8,2) 61
(8,2) (7,2) 30
(8,2) (9,2) 41
(9,2) (8,2) 38
(9,2) (10,2) 18
(10,2) (9,2) 39
(10,2) (11,2) 39
(11,2) (10,2) 25
(11,2) (12,2) 9
(12,2) (11,2) 52
(12,2) (13,2) 17
(13,2) (12,2) 56
(13,2) (14,2) 7
(14,2) (13,2) 60
(14,2) (15,2) 27
(15,2) (14,2) 64
(15,2) (16,2) 48
(16,2) (15,2) 41
(16,2) (17,2) 10
(17,2) (16,2) 62
(17,2) (18,2) 22
(18,2) (17,2) 17
(1,3) (2,3) 24
(2,3) (1,3) 28
(2,3) (3,3) 35
(3,3) (2,3) 27
(3,3) (4,3) 53
(4,3) (3,3) 41
(4,3) (5,3) 52
(5,3) (4,3) 56
(5,3) (6,3) 15
(6,3) (5,3) 42
(6,3) (7,3) 16
(7,3) (6,3) 18
(7,3) (8,3) 34
(8,3) (7,3) 28
(8,3) (9,3) 32
(9,3) (8,3) 42
(9,3) (10,3) 27
(10,3) (9,3) 39
(10,3) (11,3) 33
(11,3) (10,3) 29
(11,3) (12,3) 62
(12,3) (11,3) 19
(12,3) (13,3) 30
(13,3) (12,3) 16
(13,3) (14,3) 40
(14,3) (13,3) 51
(14,3) (15,3) 28
(15,3) (14,3) 54
(15,3) (16,3) 33
(16,3) (15,3) 48
(16,3) (17,3) 39
(17,3) (16,3) 60
(17,3) (18,3) 52
(18,3) (17,3) 45
(1,4) (2,4) 32
(2,4) (1,4) 42
(2,4) (3,4) 57
(3,4) (2,4) 32
(3,4) (4,4) 40
(4,4) (3,4) 65
(4,4) (5,4) 51
(5,4) (4,4) 19
(5,4) (6,4) 31
(6,4) (5,4) 48
(6,4) (7,4) 64
(7,4) (6,4) 31
(7,4) (8,4) 17
(8,4) (7,4) 47
(8,4) (9,4) 41
(9,4) (8,4) 53
(9,4) (10,4) 31
(10,4) (9,4) 33
(10,4) (11,4) 30
(11,4) (10,4) 23
(11,4) (12,4) 41
(12,4) (11,4) 59
(12,4) (13,4) 36
(13,4) (12,4) 25
(13,4) (14,4) 42
(14,4) (13,4) 63
(14,4) (15,4) 31
(15,4) (14,4) 63
(15,4) (16,4) 60
(16,4) (15,4) 26
(16,4) (17,4) 8
(17,4) (16,4) 45
(17,4) (18,4) 36
(18,4) (17,4) 24
(1,5) (2,5) 64
(2,5) (1,5) 18
(2,5) (3,5) 17
(3,5) (2,5) 63
(3,5) (4,5) 26
(4,5) (3,5) 53
(4,5) (5,5) 65
(5,5) (4,5) 63
(5,5) (6,5) 51
(6,5) (5,5) 32
(6,5) (7,5) 29
(7,5) (6,5) 32
(7,5) (8,5) 19
(8,5) (7,5) 61
(8,5) (9,5) 41
(9,5) (8,5) 33
(9,5) (10,5) 52
(10,5) (9,5) 20
(10,5) (11,5) 23
(11,5) (10,5) 59
(11,5) (12,5) 10
(12,5) (11,5) 21
(12,5) (13,5) 42
(13,5) (12,5) 49
(13,5) (14,5) 55
(14,5) (13,5) 54
(14,5) (15,5) 50
(15,5) (14,5) 50
(15,5) (16,5) 7
(16,5) (15,5) 20
(16,5) (17,5) 64
(17,5) (16,5) 53
(17,5) (18,5) 15
(18,5) (17,5) 48
(1,6) (2,6) 43
(2,6) (1,6) 16
(2,6) (3,6) 59
(3,6) (2,6) 32
(3,6) (4,6) 27
(4,6) (3,6) 59
(4,6) (5,6) 7
(5,6) (4,6) 16
(5,6) (6,6) 53
(6,6) (5,6) 28
(6,6) (7,6) 40
(7,6) (6,6) 32
(7,6) (8,6) 52
(8,6) (7,6) 48
(8,6) (9,6) 25
(9,6) (8,6) 44
(9,6) (10,6) 60
(10,6) (9,6) 63
(10,6) (11,6) 32
(11,6) (10,6) 53
(11,6) (12,6) 27
(12,6) (11,6) 41
(12,6) (13,6) 51
(13,6) (12,6) 58
(13,6) (14,6) 20
(14,6) (13,6) 20
(14,6) (15,6) 56
(15,6) (14,6) 31
(15,6) (16,6) 60
(16,6) (15,6) 28
(16,6) (17,6) 31
(17,6) (16,6) 47
(17,6) (18,6) 23
(18,6) (17,6) 24
(1,7) (2,7) 7
(2,7) (1,7) 47
(2,7) (3,7) 61
(3,7) (2,7) 58
(3,7) (4,7) 22
(4,7) (3,7) 49
(4,7) (5,7) 21
(5,7) (4,7) 42
(5,7) (6,7) 17
(6,7) (5,7) 59
(6,7) (7,7) 13
(7,7) (6,7) 65
(7,7) (8,7) 29
(8,7) (7,7) 57
(8,7) (9,7) 64
(9,7) (8,7) 36
(9,7) (10,7) 64
(10,7) (9,7) 31
(10,7) (11,7) 53
(11,7) (10,7) 42
(11,7) (12,7) 18
(12,7) (11,7) 55
(12,7) (13,7) 42
(13,7) (12,7) 60
(13,7) (14,7) 59
(14,7) (13,7) 43
(14,7) (15,7) 36
(15,7) (14,7) 38
(15,7) (16,7) 30
(16,7) (15,7) 61
(16,7) (17,7) 10
(17,7) (16,7) 23
(17,7) (18,7) 56
(18,7) (17,7) 46
(1,8) (2,8) 45
(2,8) (1,8) 34
(2,8) (3,8) 59
(3,8) (2,8) 29
(3,8) (4,8) 53
(4,8) (3,8) 18
(4,8) (5,8) 35
(5,8) (4,8) 17
(5,8) (6,8) 33
(6,8) (5,8) 29
(6,8) (7,8) 13
(7,8) (6,8) 16
(7,8) (8,8) 9
(8,8) (7,8) 37
(8,8) (9,8) 44
(9,8) (8,8) 37
(9,8) (10,8) 34
(10,8) (9,8) 34
(10,8) (11,8) 24
(11,8) (10,8) 25
(11,8) (12,8) 32
(12,8) (11,8) 17
(12,8) (13,8) 51
(13,8) (12,8) 28
(13,8) (14,8) 8
(14,8) (13,8) 9
(14,8) (15,8) 29
(15,8) (14,8) 64
(15,8) (16,8) 28
(16,8) (15,8) 15
(16,8) (17,8) 29
(17,8) (16,8) 50
(17,8) (18,8) 42
(18,8) (17,8) 35
(1,9) (2,9) 28
(2,9) (1,9) 57
(2,9) (3,9) 65
(3,9) (2,9) 63
(3,9) (4,9) 56
(4,9) (3,9) 43
(4,9) (5,9) 46
(5,9) (4,9) 46
(5,9) (6,9) 35
(6,9) (5,9) 10
(6,9) (7,9) 25
(7,9) (6,9) 47
(7,9) (8,9) 36
(8,9) (7,9) 56
(8,9) (9,9) 43
(9,9) (8,9) 38
(9,9) (10,9) 37
(10,9) (9,9) 9
(10,9) (11,9) 46
(11,9) (10,9) 23
(11,9) (12,9) 63
(12,9) (11,9) 58
(12,9) (13,9) 34
(13,9) (12,9) 54
(13,9) (14,9) 28
(14,9) (13,9) 64
(14,9) (15,9) 16
(15,9) (14,9) 54
(15,9) (16,9) 56
(16,9) (15,9) 33
(16,9) (17,9) 21
(17,9) (16,9) 19
(17,9) (18,9) 18
(18,9) (17,9) 29
(1,10) (2,10) 46
(2,10) (1,10) 37
(2,10) (3,10) 12
(3,10) (2,10) 23
(3,10) (4,10) 28
(4,10) (3,10) 60
(4,10) (5,10) 53
(5,10) (4,10) 33
(5,10) (6,10) 38
(6,10) (5,10) 29
(6,10) (7,10) 7
(7,10) (6,10) 14
(7,10) (8,10) 35
(8,10) (7,10) 64
(8,10) (9,10) 23
(9,10) (8,10) 13
(9,10) (10,10) 15
(10,10) (9,10) 28
(10,10) (11,10) 23
(11,10) (10,10) 48
(11,10) (12,10) 50
(12,10) (11,10) 59
(12,10) (13,10) 15
(13,10) (12,10) 65
(13,10) (14,10) 32
(14,10) (13,10) 34
(14,10) (15,10) 8
(15,10) (14,10) 12
(15,10) (16,10) 50
(16,10) (15,10) 20
(16,10) (17,10) 52
(17,10) (16,10) 21
(17,10) (18,10) 15
(18,10) (17,10) 37
(1,11) (2,11) 15
(2,11) (1,11) 57
(2,11) (3,11) 61
(3,11) (2,11) 39
(3,11) (4,11) 21
(4,11) (3,11) 43
(4,11) (5,11) 38
(5,11) (4,11) 39
(5,11) (6,11) 31
(6,11) (5,11) 63
(6,11) (7,11) 20
(7,11) (6,11) 16
(7,11) (8,11) 33
(8,11) (7,11) 57
(8,11) (9,11) 21
(9,11) (8,11) 53
(9,11) (10,11) 18
(10,11) (9,11) 7
(10,11) (11,11) 58
(11,11) (10,11) 60
(11,11) (12,11) 54
(12,11) (11,11) 32
(12,11) (13,11) 41
(13,11) (12,11) 27
(13,11) (14,11) 36
(14,11) (13,11) 8
(14,11) (15,11) 9
(15,11) (14,11) 46
(15,11) (16,11) 32
(16,11) (15,11) 48
(16,11) (17,11) 46
(17,11) (16,11) 41
(17,11) (18,11) 65
(18,11) (17,11) 57
(1,12) (2,12) 26
(2,12) (1,12) 60
(2,12) (3,12) 54
(3,12) (2,12) 24
(3,12) (4,12) 25
(4,12) (3,12) 55
(4,12) (5,12) 13
(5,12) (4,12) 36
(5,12) (6,12) 27
(6,12) (5,12) 47
(6,12) (7,12) 36
(7,12) (6,12) 36
(7,12) (8,12) 24
(8,12) (7,12) 26
(8,12) (9,12) 53
(9,12) (8,12) 20
(9,12) (10,12) 15
(10,12) (9,12) 15
(10,12) (11,12) 37
(11,12) (10,12) 48
(11,12) (12,12) 22
(12,12) (11,12) 58
(12,12) (13,12) 56
(13,12) (12,12) 7
(13,12) (14,12) 24
(14,12) (13,12) 57
(14,12) (15,12) 32
(15,12) (14,12) 47
(15,12) (16,12) 30
(16,12) (15,12) 63
(16,12) (17,12) 32
(17,12) (16,12) 11
(17,12) (18,12) 9
(18,12) (17,12) 30
(1,13) (2,13) 9
(2,13) (1,13) 25
(2,13) (3,13) 38
(3,13) (2,13) 44
(3,13) (4,13) 61
(4,13) (3,13) 10
(4,13) (5,13) 38
(5,13) (4,13) 23
(5,13) (6,13) 22
(6,13) (5,13) 10
(6,13) (7,13) 63
(7,13) (6,13) 13
(7,13) (8,13) 63
(8,13) (7,13) 34
(8,13) (9,13) 9
(9,13) (8,13) 24
(9,13) (10,13) 18
(10,13) (9,13) 45
(10,13) (11,13) 15
(11,13) (10,13) 56
(11,13) (12,13) 37
(12,13) (11,13) 52
(12,13) (13,13) 65
(13,13) (12,13) 14
(13,13) (14,13) 53
(14,13) (13,13) 57
(14,13) (15,13) 53
(15,13) (14,13) 18
(15,13) (16,13) 41
(16,13) (15,13) 25
(16,13) (17,13) 12
(17,13) (16,13) 23
(17,13) (18,13) 57
(18,13) (17,13) 25
(1,14) (2,14) 24
(2,14) (1,14) 61
(2,14) (3,14) 62
(3,14) (2,14) 47
(3,14) (4,14) 25
(4,14) (3,14) 45
(4,14) (5,14) 36
(5,14) (4,14) 64
(5,14) (6,14) 19
(6,14) (5,14) 31
(6,14) (7,14) 43
(7,14) (6,14) 26
(7,14) (8,14) 10
(8,14) (7,14) 63
(8,14) (9,14) 25
(9,14) (8,14) 20
(9,14) (10,14) 43
(10,14) (9,14) 26
(10,14) (11,14) 8
(11,14) (10,14) 13
(11,14) (12,14) 19
(12,14) (11,14) 38
(12,14) (13,14) 32
(13,14) (12,14) 17
(13,14) (14,14) 34
(14,14) (13,14) 33
(14,14) (15,14) 15
(15,14) (14,14) 42
(15,14) (16,14) 29
(16,14) (15,14) 35
(16,14) (17,14) 18
(17,14) (16,14) 18
(17,14) (18,14) 25
(18,14) (17,14) 62
(1,15) (2,15) 8
(2,15) (1,15) 57
(2,15) (3,15) 25
(3,15) (2,15) 44
(3,15) (4,15) 10
(4,15) (3,15) 53
(4,15) (5,15) 50
(5,15) (4,15) 60
(5,15) (6,15) 35
(6,15) (5,15) 54
(6,15) (7,15) 57
(7,15) (6,15) 26
(7,15) (8,15) 38
(8,15) (7,15) 48
(8,15) (9,15) 19
(9,15) (8,15) 49
(9,15) (10,15) 54
(10,15) (9,15) 52
(10,15) (11,15) 51
(11,15) (10,15) 40
(11,15) (12,15) 63
(12,15) (11,15) 58
(12,15) (13,15) 60
(13,15) (12,15) 48
(13,15) (14,15) 17
(14,15) (13,15) 59
(14,15) (15,15) 51
(15,15) (14,15) 17
(15,15) (16,15) 16
(16,15) (15,15) 50
(16,15) (17,15) 65
(17,15) (16,15) 28
(17,15) (18,15) 40
(18,15) (17,15) 12
(1,16) (2,16) 20
(2,16) (1,16) 55
(2,16) (3,16) 30
(3,16) (2,16) 7
(3,16) (4,16) 14
(4,16) (3,16) 9
(4,16) (5,16) 14
(5,16) (4,16) 28
(5,16) (6,16) 57
(6,16) (5,16) 16
(6,16) (7,16) 11
(7,16) (6,16) 18
(7,16) (8,16) 36
(8,16) (7,16) 43
(8,16) (9,16) 53
(9,16) (8,16) 64
(9,16) (10,16) 25
(10,16) (9,16) 25
(10,16) (11,16) 49
(11,16) (10,16) 54
(11,16) (12,16) 51
(12,16) (11,16) 16
(12,16) (13,16) 52
(13,16) (12,16) 15
(13,16) (14,16) 26
(14,16) (13,16) 49
(14,16) (15,16) 23
(15,16) (14,16) 62
(15,16) (16,16) 36
(16,16) (15,16) 58
(16,16) (17,16) 21
(17,16) (16,16) 64
(17,16) (18,16) 8
(18,16) (17,16) 26
(1,17) (2,17) 60
(2,17) (1,17) 35
(2,17) (3,17) 38
(3,17) (2,17) 21
(3,17) (4,17) 47
(4,17) (3,17) 60
(4,17) (5,17) 21
(5,17) (4,17) 43
(5,17) (6,17) 26
(6,17) (5,17) 36
(6,17) (7,17) 21
(7,17) (6,17) 64
(7,17) (8,17) 35
(8,17) (7,17) 9
(8,17) (9,17) 18
(9,17) (8,17) 53
(9,17) (10,17) 45
(10,17) (9,17) 46
(10,17) (11,17) 65
(11,17) (10,17) 46
(11,17) (12,17) 7
(12,17) (11,17) 63
(12,17) (13,17) 39
(13,17) (12,17) 27
(13,17) (14,17) 34
(14,17) (13,17) 13
(14,17) (15,17) 10
(15,17) (14,17) 39
(15,17) (16,17) 10
(16,17) (15,17) 53
(16,17) (17,17) 47
(17,17) (16,17) 44
(17,17) (18,17) 28
(18,17) (17,17) 64
(1,18) (2,18) 54
(2,18) (1,18) 20
(2,18) (3,18) 37
(3,18) (2,18) 49
(3,18) (4,18) 12
(4,18) (3,18) 54
(4,18) (5,18) 16
(5,18) (4,18) 52
(5,18) (6,18) 7
(6,18) (5,18) 12
(6,18) (7,18) 55
(7,18) (6,18) 64
(7,18) (8,18) 17
(8,18) (7,18) 26
(8,18) (9,18) 17
(9,18) (8,18) 8
(9,18) (10,18) 48
(10,18) (9,18) 32
(10,18) (11,18) 49
(11,18) (10,18) 45
(11,18) (12,18) 61
(12,18) (11,18) 30
(12,18) (13,18) 25
(13,18) (12,18) 63
(13,18) (14,18) 20
(14,18) (13,18) 62
(14,18) (15,18) 9
(15,18) (14,18) 34
(15,18) (16,18) 46
(16,18) (15,18) 34
(16,18) (17,18) 59
(17,18) (16,18) 20
(17,18) (18,18) 22
(18,18) (17,18) 21
(1,19) (2,19) 53
(2,19) (1,19) 15
(2,19) (3,19) 49
(3,19) (2,19) 59
(3,19) (4,19) 62
(4,19) (3,19) 28
(4,19) (5,19) 42
(5,19) (4,19) 28
(5,19) (6,19) 7
(6,19) (5,19) 14
(6,19) (7,19) 7
(7,19) (6,19) 34
(7,19) (8,19) 20
(8,19) (7,19) 37
(8,19) (9,19) 21
(9,19) (8,19) 36
(9,19) (10,19) 17
(10,19) (9,19) 7
(10,19) (11,19) 40
(11,19) (10,19) 53
(11,19) (12,19) 61
(12,19) (11,19) 31
(12,19) (13,19) 55
(13,19) (12,19) 35
(13,19) (14,19) 7
(14,19) (13,19) 47
(14,19) (15,19) 17
(15,19) (14,19) 19
(15,19) (16,19) 62
(16,19) (15,19) 56
(16,19) (17,19) 41
(17,19) (16,19) 44
(17,19) (18,19) 18
(18,19) (17,19) 22
(1,20) (2,20) 44
(2,20) (1,20) 65
(2,20) (3,20) 27
(3,20) (2,20) 48
(3,20) (4,20) 55
(4,20) (3,20) 19
(4,20) (5,20) 27
(5,20) (4,20) 15
(5,20) (6,20) 25
(6,20) (5,20) 39
(6,20) (7,20) 19
(7,20) (6,20) 21
(7,20) (8,20) 65
(8,20) (7,20) 23
(8,20) (9,20) 34
(9,20) (8,20) 24
(9,20) (10,20) 55
(10,20) (9,20) 58
(10,20) (11,20) 64
(11,20) (10,20) 38
(11,20) (12,20) 12
(12,20) (11,20) 51
(12,20) (13,20) 64
(13,20) (12,20) 17
(13,20) (14,20) 30
(14,20) (13,20) 46
(14,20) (15,20) 61
(15,20) (14,20) 44
(15,20) (16,20) 37
(16,20) (15,20) 26
(16,20) (17,20) 53
(17,20) (16,20) 13
(17,20) (18,20) 50
(18,20) (17,20) 35
(1,20) t 60
(2,20) t 20
(3,20) t 32
(4,20) t 35
(5,20) t 9
(6,20) t 23
(7,20) t 48
(8,20) t 21
(9,20) t 47
(10,20) t 30
(11,20) t 18
(12,20) t 50
(13,20) t 17
(14,20) t 33
(15,20) t 15
(16,20) t 60
(17,20) t 31
(18,20) t 61
