s (1,1) 42
s (2,1) 21
s (3,1) 13
s (4,1) 51
s (5,1) 10
s (6,1) 15
s (7,1) 46
s (8,1) 44
s (9,1) 23
s (10,1) 33
s (11,1) 41
s (12,1) 27
s (13,1) 39
s (14,1) 33
s (15,1) 16
s (16,1) 43
s (17,1) 15
s (18,1) 52
s (19,1) 32
s (20,1) 55
(1,1) (1,2) 23
(1,2) (1,3) 61
(1,3) (1,4) 50
(1,4) (1,5) 9
(1,5) (1,6) 40
(1,6) (1,7) 24
(1,7) (1,8) 14
(1,8) (1,9) 18
(1,9) (1,10) 12
(2,1) (2,2) 23
(2,2) (2,3) 54
(2,3) (2,4) 46
(2,4) (2,5) 51
(2,5) (2,6) 31
(2,6) (2,7) 17
(2,7) (2,8) 38
(2,8) (2,9) 18
(2,9) (2,10) 38
(3,1) (3,2) 10
(3,2) (3,3) 47
(3,3) (3,4) 29
(3,4) (3,5) 37
(3,5) (3,6) 49
(3,6) (3,7) 39
(3,7) (3,8) 27
(3,8) (3,9) 32
(3,9) (3,10) 26
(4,1) (4,2) 24
(4,2) (4,3) 52
(4,3) (4,4) 42
(4,4) (4,5) 37
(4,5) (4,6) 13
(4,6) (4,7) 35
(4,7) (4,8) 8
(4,8) (4,9) 30
(4,9) (4,10) 54
(5,1) (5,2) 48
(5,2) (5,3) 57
(5,3) (5,4) 30
(5,4) (5,5) 26
(5,5) (5,6) 31
(5,6) (5,7) 62
(5,7) (5,8) 26
(5,8) (5,9) 35
(5,9) (5,10) 31
(6,1) (6,2) 17
(6,2) (6,3) 13
(6,3) (6,4) 33
(6,4) (6,5) 10
(6,5) (6,6) 43
(6,6) (6,7) 37
(6,7) (6,8) 12
(6,8) (6,9) 28
(6,9) (6,10) 19
(7,1) (7,2) 43
(7,2) (7,3) 20
(7,3) (7,4) 27
(7,4) (7,5) 14
(7,5) (7,6) 18
(7,6) (7,7) 40
(7,7) (7,8) 15
(7,8) (7,9) 29
(7,9) (7,10) 23
(8,1) (8,2) 52
(8,2) (8,3) 60
(8,3) (8,4) 9
(8,4) (8,5) 7
(8,5) (8,6) 47
(8,6) (8,7) 27
(8,7) (8,8) 36
(8,8) (8,9) 21
(8,9) (8,10) 21
(9,1) (9,2) 33
(9,2) (9,3) 15
(9,3) (9,4) 45
(9,4) (9,5) 57
(9,5) (9,6) 17
(9,6) (9,7) 17
(9,7) (9,8) 27
(9,8) (9,9) 13
(9,9) (9,10) 14
(10,1) (10,2) 15
(10,2) (10,3) 11
(10,3) (10,4) 41
(10,4) (10,5) 34
(10,5) (10,6) 61
(10,6) (10,7) 32
(10,7) (10,8) 16
(10,8) (10,9) 49
(10,9) (10,10) 57
(11,1) (11,2) 47
(11,2) (11,3) 22
(11,3) (11,4) 51
(11,4) (11,5) 8
(11,5) (11,6) 17
(11,6) (11,7) 30
(11,7) (11,8) 50
(11,8) (11,9) 48
(11,9) (11,10) 47
(12,1) (12,2) 21
(12,2) (12,3) 20
(12,3) (12,4) 48
(12,4) (12,5) 58
(12,5) (12,6) 56
(12,6) (12,7) 44
(12,7) (12,8) 45
(12,8) (12,9) 12
(12,9) (12,10) 49
(13,1) (13,2) 8
(13,2) (13,3) 39
(13,3) (13,4) 27
(13,4) (13,5) 42
(13,5) (13,6) 49
(13,6) (13,7) 54
(13,7) (13,8) 22
(13,8) (13,9) 37
(13,9) (13,10) 32
(14,1) (14,2) 25
(14,2) (14,3) 8
(14,3) (14,4) 59
(14,4) (14,5) 37
(14,5) (14,6) 33
(14,6) (14,7) 20
(14,7) (14,8) 7
(14,8) (14,9) 47
(14,9) (14,10) 43
(15,1) (15,2) 23
(15,2) (15,3) 61
(15,3) (15,4) 42
(15,4) (15,5) 17
(15,5) (15,6) 13
(15,6) (15,7) 9
(15,7) (15,8) 46
(15,8) (15,9) 8
(15,9) (15,10) 60
(16,1) (16,2) 32
(16,2) (16,3) 50
(16,3) (16,4) 9
(16,4) (16,5) 61
(16,5) (16,6) 43
(16,6) (16,7) 17
(16,7) (16,8) 10
(16,8) (16,9) 14
(16,9) (16,10) 28
(17,1) (17,2) 55
(17,2) (17,3) 9
(17,3) (17,4) 31
(17,4) (17,5) 34
(17,5) (17,6) 62
(17,6) (17,7) 21
(17,7) (17,8) 54
(17,8) (17,9) 18
(17,9) (17,10) 28
(18,1) (18,2) 7
(18,2) (18,3) 58
(18,3) (18,4) 58
(18,4) (18,5) 19
(18,5) (18,6) 21
(18,6) (18,7) 7
(18,7) (18,8) 36
(18,8) (18,9) 24
(18,9) (18,10) 17
(19,1) (19,2) 57
(19,2) (19,3) 18
(19,3) (19,4) 22
(19,4) (19,5) 37
(19,5) (19,6) 54
(19,6) (19,7) 28
(19,7) (19,8) 32
(19,8) (19,9) 44
(19,9) (19,10) 38
(20,1) (20,2) 11
(20,2) (20,3) 58
(20,3) (20,4) 34
(20,4) (20,5) 29
(20,5) (20,6) 43
(20,6) (20,7) 31
(20,7) (20,8) 45
(20,8) (20,9) 30
(20,9) (20,10) 38
(1,1) (2,1) 41
(2,1) (1,1) 50
(2,1) (3,1) 21
(3,1) (2,1) 14
(3,1) (4,1) 60
(4,1) (3,1) 56
(4,1) (5,1) 39
(5,1) (4,1) 59
(5,1) (6,1) 56
(6,1) (5,1) 41
(6,1) (7,1) 41
(7,1) (6,1) 10
(7,1) (8,1) 32
(8,1) (7,1) 18
(8,1) (9,1) 56
(9,1) (8,1) 36
(9,1) (10,1) 46
(10,1) (9,1) 16
(10,1) (11,1) 50
(11,1) (10,1) 12
(11,1) (12,1) 8
(12,1) (11,1) 34
(12,1) (13,1) 59
(13,1) (12,1) 14
(13,1) (14,1) 9
(14,1) (13,1) 37
(14,1) (15,1) 7
(15,1) (14,1) 31
(15,1) (16,1) 18
(16,1) (15,1) 8
(16,1) (17,1) 18
(17,1) (16,1) 10
(17,1) (18,1) 8
(18,1) (17,1) 44
(18,1) (19,1) 13
(19,1) (18,1) 30
(19,1) (20,1) 23
(20,1) (19,1) 31
(1,2) (2,2) 30
(2,2) (1,2) 51
(2,2) (3,2) 8
(3,2) (2,2) 8
(3,2) (4,2) 26
(4,2) (3,2) 37
(4,2) (5,2) 24
(5,2) (4,2) 13
(5,2) (6,2) 44
(6,2) (5,2) 31
(6,2) (7,2) 48
(7,2) (6,2) 32
(7,2) (8,2) 38
(8,2) (7,2) 48
(8,2) (9,2) 52
(9,2) (8,2) 11
(9,2) (10,2) 25
(10,2) (9,2) 40
(10,2) (11,2) 62
(11,2) (10,2) 43
(11,2) (12,2) 15
(12,2) (11,2) 43
(12,2) (13,2) 30
(13,2) (12,2) 37
(13,2) (14,2) 20
(14,2) (13,2) 18
(14,2) (15,2) 40
(15,2) (14,2) 11
(15,2) (16,2) 14
(16,2) (15,2) 25
(16,2) (17,2) 7
(17,2) (16,2) 22
(17,2) (18,2) 49
(18,2) (17,2) 29
(18,2) (19,2) 45
(19,2) (18,2) 45
(19,2) (20,2) 30
(20,2) (19,2) 23
(1,3) (2,3) 49
(2,3) (1,3) 33
(2,3) (3,3) 49
(3,3) (2,3) 28
(3,3) (4,3) 59
(4,3) (3,3) 51
(4,3) (5,3) 37
(5,3) (4,3) 35
(5,3) (6,3) 39
(6,3) (5,3) 29
(6,3) (7,3) 39
(7,3) (6,3) 33
(7,3) (8,3) 47
(8,3) (7,3) 44
(8,3) (9,3) 54
(9,3) (8,3) 23
(9,3) (10,3) 37
(10,3) (9,3) 13
(10,3) (11,3) 8
(11,3) (10,3) 11
(11,3) (12,3) 53
(12,3) (11,3) 33
(12,3) (13,3) 21
(13,3) (12,3) 9
(13,3) (14,3) 11
(14,3) (13,3) 8
(14,3) (15,3) 34
(15,3) (14,3) 51
(15,3) (16,3) 8
(16,3) (15,3) 40
(16,3) (17,3) 46
(17,3) (16,3) 23
(17,3) (18,3) 57
(18,3) (17,3) 44
(18,3) (19,3) 33
(19,3) (18,3) 37
(19,3) (20,3) 62
(20,3) (19,3) 32
(1,4) (2,4) 45
(2,4) (1,4) 40
(2,4) (3,4) 11
(3,4) (2,4) 32
(3,4) (4,4) 33
(4,4) (3,4) 34
(4,4) (5,4) 51
(5,4) (4,4) 28
(5,4) (6,4) 53
(6,4) (5,4) 57
(6,4) (7,4) 12
(7,4) (6,4) 58
(7,4) (8,4) 54
(8,4) (7,4) 31
(8,4) (9,4) 33
(9,4) (8,4) 23
(9,4) (10,4) 14
(10,4) (9,4) 31
(10,4) (11,4) 56
(11,4) (10,4) 24
(11,4) (12,4) 28
(12,4) (11,4) 30
(12,4) (13,4) 34
(13,4) (12,4) 58
(13,4) (14,4) 47
(14,4) (13,4) 38
(14,4) (15,4) 32
(15,4) (14,4) 22
(15,4) (16,4) 16
(16,4) (15,4) 38
(16,4) (17,4) 23
(17,4) (16,4) 52
(17,4) (18,4) 61
(18,4) (17,4) 37
(18,4) (19,4) 39
(19,4) (18,4) 53
(19,4) (20,4) 22
(20,4) (19,4) 8
(1,5) (2,5) 15
(2,5) (1,5) 53
(2,5) (3,5) 24
(3,5) (2,5) 34
(3,5) (4,5) 9
(4,5) (3,5) 33
(4,5) (5,5) 20
(5,5) (4,5) 38
(5,5) (6,5) 14
(6,5) (5,5) 47
(6,5) (7,5) 8
(7,5) (6,5) 21
(7,5) (8,5) 43
(8,5) (7,5) 32
(8,5) (9,5) 45
(9,5) (8,5) 8
(9,5) (10,5) 9
(10,5) (9,5) 48
(10,5) (11,5) 19
(11,5) (10,5) 60
(11,5) (12,5) 47
(12,5) (11,5) 36
(12,5) (13,5) 48
(13,5) (12,5) 11
(13,5) (14,5) 40
(14,5) (13,5) 14
(14,5) (15,5) 55
(15,5) (14,5) 40
(15,5) (16,5) 8
(16,5) (15,5) 14
(16,5) (17,5) 11
(17,5) (16,5) 12
(17,5) (18,5) 31
(18,5) (17,5) 53
(18,5) (19,5) 52
(19,5) (18,5) 34
(19,5) (20,5) 54
(20,5) (19,5) 25
(1,6) (2,6) 22
(2,6) (1,6) 44
(2,6) (3,6) 61
(3,6) (2,6) 43
(3,6) (4,6) 11
(4,6) (3,6) 30
(4,6) (5,6) 23
(5,6) (4,6) 11
(5,6) (6,6) 61
(6,6) (5,6) 20
(6,6) (7,6) 21
(7,6) (6,6) 40
(7,6) (8,6) 12
(8,6) (7,6) 34
(8,6) (9,6) 31
(9,6) (8,6) 45
(9,6) (10,6) 15
(10,6) (9,6) 15
(10,6) (11,6) 30
(11,6) (10,6) 31
(11,6) (12,6) 23
(12,6) (11,6) 23
(12,6) (13,6) 18
(13,6) (12,6) 41
(13,6) (14,6) 45
(14,6) (13,6) 37
(14,6) (15,6) 61
(15,6) (14,6) 52
(15,6) (16,6) 21
(16,6) (15,6) 18
(16,6) (17,6) 10
(17,6) (16,6) 55
(17,6) (18,6) 29
(18,6) (17,6) 21
(18,6) (19,6) 62
(19,6) (18,6) 50
(19,6) (20,6) 61
(20,6) (19,6) 55
(1,7) (2,7) 46
(2,7) (1,7) 16
(2,7) (3,7) 27
(3,7) (2,7) 48
(3,7) (4,7) 33
(4,7) (3,7) 20
(4,7) (5,7) 24
(5,7) (4,7) 45
(5,7) (6,7) 20
(6,7) (5,7) 15
(6,7) (7,7) 19
(7,7) (6,7) 61
(7,7) (8,7) 36
(8,7) (7,7) 41
(8,7) (9,7) 51
(9,7) (8,7) 15
(9,7) (10,7) 11
(10,7) (9,7) 28
(10,7) (11,7) 17
(11,7) (10,7) 19
(11,7) (12,7) 9
(12,7) (11,7) 43
(12,7) (13,7) 45
(13,7) (12,7) 51
(13,7) (14,7) 27
(14,7) (13,7) 34
(14,7) (15,7) 60
(15,7) (14,7) 16
(15,7) (16,7) 38
(16,7) (15,7) 41
(16,7) (17,7) 35
(17,7) (16,7) 56
(17,7) (18,7) 49
(18,7) (17,7) 7
(18,7) (19,7) 62
(19,7) (18,7) 60
(19,7) (20,7) 61
(20,7) (19,7) 51
(1,8) (2,8) 34
(2,8) (1,8) 15
(2,8) (3,8) 12
(3,8) (2,8) 46
(3,8) (4,8) 39
(4,8) (3,8) 55
(4,8) (5,8) 21
(5,8) (4,8) 55
(5,8) (6,8) 46
(6,8) (5,8) 53
(6,8) (7,8) 19
(7,8) (6,8) 29
(7,8) (8,8) 59
(8,8) (7,8) 44
(8,8) (9,8) 33
(9,8) (8,8) 33
(9,8) (10,8) 9
(10,8) (9,8) 13
(10,8) (11,8) 45
(11,8) (10,8) 27
(11,8) (12,8) 16
(12,8) (11,8) 16
(12,8) (13,8) 42
(13,8) (12,8) 56
(13,8) (14,8) 31
(14,8) (13,8) 58
(14,8) (15,8) 33
(15,8) (14,8) 7
(15,8) (16,8) 38
(16,8) (15,8) 41
(16,8) (17,8) 11
(17,8) (16,8) 53
(17,8) (18,8) 14
(18,8) (17,8) 54
(18,8) (19,8) 42
(19,8) (18,8) 47
(19,8) (20,8) 9
(20,8) (19,8) 55
(1,9) (2,9) 34
(2,9) (1,9) 32
(2,9) (3,9) 45
(3,9) (2,9) 15
(3,9) (4,9) 9
(4,9) (3,9) 13
(4,9) (5,9) 44
(5,9) (4,9) 10
(5,9) (6,9) 18
(6,9) (5,9) 62
(6,9) (7,9) 8
(7,9) (6,9) 49
(7,9) (8,9) 60
(8,9) (7,9) 62
(8,9) (9,9) 51
(9,9) (8,9) 45
(9,9) (10,9) 39
(10,9) (9,9) 58
(10,9) (11,9) 20
(11,9) (10,9) 62
(11,9) (12,9) 36
(12,9) (11,9) 60
(12,9) (13,9) 47
(13,9) (12,9) 39
(13,9) (14,9) 31
(14,9) (13,9) 17
(14,9) (15,9) 10
(15,9) (14,9) 59
(15,9) (16,9) 20
(16,9) (15,9) 14
(16,9) (17,9) 44
(17,9) (16,9) 35
(17,9) (18,9) 53
(18,9) (17,9) 22
(18,9) (19,9) 14
(19,9) (18,9) 39
(19,9) (20,9) 26
(20,9) (19,9) 61
(1,10) (2,10) 10
(2,10) (1,10) 11
(2,10) (3,10) 7
(3,10) (2,10) 36
(3,10) (4,10) 43
(4,10) (3,10) 17
(4,10) (5,10) 61
(5,10) (4,10) 58
(5,10) (6,10) 35
(6,10) (5,10) 61
(6,10) (7,10) 50
(7,10) (6,10) 29
(7,10) (8,10) 29
(8,10) (7,10) 11
(8,10) (9,10) 46
(9,10) (8,10) 32
(9,10) (10,10) 10
(10,10) (9,10) 24
(10,10) (11,10) 53
(11,10) (10,10) 17
(11,10) (12,10) 27
(12,10) (11,10) 15
(12,10) (13,10) 9
(13,10) (12,10) 57
(13,10) (14,10) 34
(14,10) (13,10) 14
(14,10) (15,10) 51
(15,10) (14,10) 28
(15,10) (16,10) 46
(16,10) (15,10) 21
(16,10) (17,10) 56
(17,10) (16,10) 18
(17,10) (18,10) 33
(18,10) (17,10) 34
(18,10) (19,10) 50
(19,10) (18,10) 32
(19,10) (20,10) 40
(20,10) (19,10) 62
(1,10) t 60
(2,10) t 11
(3,10) t 14
(4,10) t 12
(5,10) t 31
(6,10) t 43
(7,10) t 17
(8,10) t 18
(9,10) t 40
(10,10) t 61
(11,10) t 46
(12,10) t 51
(13,10) t 38
(14,10) t 13
(15,10) t 13
(16,10) t 61
(17,10) t 43
(18,10) t 15
(19,10) t 15
(20,10) t 45
