s (1,1) 71
s (2,1) 49
s (3,1) 29
s (4,1) 27
s (5,1) 23
s (6,1) 26
s (7,1) 53
s (8,1) 70
s (9,1) 36
s (10,1) 54
s (11,1) 40
s (12,1) 85
s (13,1) 83
s (14,1) 54
s (15,1) 44
s (16,1) 11
s (17,1) 22
s (18,1) 34
(1,1) (1,2) 22
(1,2) (1,3) 70
(1,3) (1,4) 86
(1,4) (1,5) 79
(1,5) (1,6) 28
(1,6) (1,7) 11
(1,7) (1,8) 10
(1,8) (1,9) 54
(1,9) (1,10) 57
(1,10) (1,11) 11
(1,11) (1,12) 39
(1,12) (1,13) 47
(1,13) (1,14) 33
(1,14) (1,15) 83
(1,15) (1,16) 85
(2,1) (2,2) 63
(2,2) (2,3) 34
(2,3) (2,4) 75
(2,4) (2,5) 17
(2,5) (2,6) 50
(2,6) (2,7) 41
(2,7) (2,8) 10
(2,8) (2,9) 62
(2,9) (2,10) 64
(2,10) (2,11) 36
(2,11) (2,12) 81
(2,12) (2,13) 23
(2,13) (2,14) 79
(2,14) (2,15) 20
(2,15) (2,16) 27
(3,1) (3,2) 61
(3,2) (3,3) 70
(3,3) (3,4) 68
(3,4) (3,5) 72
(3,5) (3,6) 22
(3,6) (3,7) 81
(3,7) (3,8) 21
(3,8) (3,9) 77
(3,9) (3,10) 75
(3,10) (3,11) 28
(3,11) (3,12) 50
(3,12) (3,13) 16
(3,13) (3,14) 74
(3,14) (3,15) 51
(3,15) (3,16) 19
(4,1) (4,2) 65
(4,2) (4,3) 29
(4,3) (4,4) 64
(4,4) (4,5) 16
(4,5) (4,6) 56
(4,6) (4,7) 43
(4,7) (4,8) 60
(4,8) (4,9) 43
(4,9) (4,10) 13
(4,10) (4,11) 87
(4,11) (4,12) 67
(4,12) (4,13) 54
(4,13) (4,14) 24
(4,14) (4,15) 74
(4,15) (4,16) 67
(5,1) (5,2) 18
(5,2) (5,3) 68
(5,3) (5,4) 86
(5,4) (5,5) 45
(5,5) (5,6) 27
(5,6) (5,7) 68
(5,7) (5,8) 34
(5,8) (5,9) 34
(5,9) (5,10) 47
(5,10) (5,11) 86
(5,11) (5,12) 44
(5,12) (5,13) 70
(5,13) (5,14) 57
(5,14) (5,15) 81
(5,15) (5,16) 14
(6,1) (6,2) 64
(6,2) (6,3) 36
(6,3) (6,4) 80
(6,4) (6,5) 42
(6,5) (6,6) 53
(6,6) (6,7) 64
(6,7) (6,8) 77
(6,8) (6,9) 48
(6,9) (6,10) 61
(6,10) (6,11) 53
(6,11) (6,12) 22
(6,12) (6,13) 35
(6,13) (6,14) 37
(6,14) (6,15) 24
(6,15) (6,16) 35
(7,1) (7,2) 66
(7,2) (7,3) 72
(7,3) (7,4) 48
(7,4) (7,5) 66
(7,5) (7,6) 46
(7,6) (7,7) 54
(7,7) (7,8) 52
(7,8) (7,9) 28
(7,9) (7,10) 69
(7,10) (7,11) 41
(7,11) (7,12) 44
(7,12) (7,13) 59
(7,13) (7,14) 50
(7,14) (7,15) 63
(7,15) (7,16) 32
(8,1) (8,2) 12
(8,2) (8,3) 34
(8,3) (8,4) 28
(8,4) (8,5) 41
(8,5) (8,6) 74
(8,6) (8,7) 73
(8,7) (8,8) 42
(8,8) (8,9) 86
(8,9) (8,10) 25
(8,10) (8,11) 73
(8,11) (8,12) 49
(8,12) (8,13) 77
(8,13) (8,14) 52
(8,14) (8,15) 10
(8,15) (8,16) 52
(9,1) (9,2) 80
(9,2) (9,3) 23
(9,3) (9,4) 17
(9,4) (9,5) 32
(9,5) (9,6) 23
(9,6) (9,7) 50
(9,7) (9,8) 31
(9,8) (9,9) 34
(9,9) (9,10) 63
(9,10) (9,11) 47
(9,11) (9,12) 37
(9,12) (9,13) 11
(9,13) (9,14) 60
(9,14) (9,15) 29
(9,15) (9,16) 17
(10,1) (10,2) 24
(10,2) (10,3) 74
(10,3) (10,4) 53
(10,4) (10,5) 45
(10,5) (10,6) 74
(10,6) (10,7) 29
(10,7) (10,8) 46
(10,8) (10,9) 82
(10,9) (10,10) 77
(10,10) (10,11) 36
(10,11) (10,12) 80
(10,12) (10,13) 70
(10,13) (10,14) 84
(10,14) (10,15) 49
(10,15) (10,16) 50
(11,1) (11,2) 50
(11,2) (11,3) 58
(11,3) (11,4) 86
(11,4) (11,5) 16
(11,5) (11,6) 77
(11,6) (11,7) 46
(11,7) (11,8) 70
(11,8) (11,9) 27
(11,9) (11,10) 58
(11,10) (11,11) 29
(11,11) (11,12) 20
(11,12) (11,13) 69
(11,13) (11,14) 20
(11,14) (11,15) 12
(11,15) (11,16) 43
(12,1) (12,2) 26
(12,2) (12,3) 55
(12,3) (12,4) 33
(12,4) (12,5) 79
(12,5) (12,6) 69
(12,6) (12,7) 47
(12,7) (12,8) 62
(12,8) (12,9) 37
(12,9) (12,10) 61
(12,10) (12,11) 76
(12,11) (12,12) 15
(12,12) (12,13) 55
(12,13) (12,14) 43
(12,14) (12,15) 72
(12,15) (12,16) 26
(13,1) (13,2) 63
(13,2) (13,3) 77
(13,3) (13,4) 48
(13,4) (13,5) 36
(13,5) (13,6) 42
(13,6) (13,7) 43
(13,7) (13,8) 13
(13,8) (13,9) 66
(13,9) (13,10) 57
(13,10) (13,11) 12
(13,11) (13,12) 76
(13,12) (13,13) 12
(13,13) (13,14) 33
(13,14) (13,15) 51
(13,15) (13,16) 73
(14,1) (14,2) 20
(14,2) (14,3) 26
(14,3) (14,4) 74
(14,4) (14,5) 44
(14,5) (14,6) 74
(14,6) (14,7) 67
(14,7) (14,8) 56
(14,8) (14,9) 42
(14,9) (14,10) 38
(14,10) (14,11) 30
(14,11) (14,12) 40
(14,12) (14,13) 24
(14,13) (14,14) 51
(14,14) (14,15) 16
(14,15) (14,16) 81
(15,1) (15,2) 50
(15,2) (15,3) 73
(15,3) (15,4) 48
(15,4) (15,5) 34
(15,5) (15,6) 44
(15,6) (15,7) 27
(15,7) (15,8) 41
(15,8) (15,9) 28
(15,9) (15,10) 19
(15,10) (15,11) 22
(15,11) (15,12) 19
(15,12) (15,13) 18
(15,13) (15,14) 62
(15,14) (15,15) 46
(15,15) (15,16) 32
(16,1) (16,2) 85
(16,2) (16,3) 63
(16,3) (16,4) 64
(16,4) (16,5) 40
(16,5) (16,6) 21
(16,6) (16,7) 84
(16,7) (16,8) 86
(16,8) (16,9) 24
(16,9) (16,10) 26
(16,10) (16,11) 22
(16,11) (16,12) 73
(16,12) (16,13) 56
(16,13) (16,14) 48
(16,14) (16,15) 13
(16,15) (16,16) 60
(17,1) (17,2) 70
(17,2) (17,3) 73
(17,3) (17,4) 39
(17,4) (17,5) 62
(17,5) (17,6) 52
(17,6) (17,7) 13
(17,7) (17,8) 54
(17,8) (17,9) 55
(17,9) (17,10) 49
(17,10) (17,11) 14
(17,11) (17,12) 79
(17,12) (17,13) 46
(17,13) (17,14) 46
(17,14) (17,15) 58
(17,15) (17,16) 45
(18,1) (18,2) 63
(18,2) (18,3) 64
(18,3) (18,4) 30
(18,4) (18,5) 16
(18,5) (18,6) 52
(18,6) (18,7) 49
(18,7) (18,8) 54
(18,8) (18,9) 38
(18,9) (18,10) 31
(18,10) (18,11) 53
(18,11) (18,12) 67
(18,12) (18,13) 30
(18,13) (18,14) 35
(18,14) (18,15) 56
(18,15) (18,16) 67
(1,1) (2,1) 15
(2,1) (1,1) 55
(2,1) (3,1) 56
(3,1) (2,1) 81
(3,1) (4,1) 33
(4,1) (3,1) 31
(4,1) (5,1) 43
(5,1) (4,1) 25
(5,1) (6,1) 51
(6,1) (5,1) 81
(6,1) (7,1) 25
(7,1) (6,1) 46
(7,1) (8,1) 83
(8,1) (7,1) 65
(8,1) (9,1) 85
(9,1) (8,1) 79
(9,1) (10,1) 65
(10,1) (9,1) 56
(10,1) (11,1) 38
(11,1) (10,1) 33
(11,1) (12,1) 36
(12,1) (11,1) 70
(12,1) (13,1) 33
(13,1) (12,1) 46
(13,1) (14,1) 62
(14,1) (13,1) 58
(14,1) (15,1) 82
(15,1) (14,1) 50
(15,1) (16,1) 53
(16,1) (15,1) 77
(16,1) (17,1) 66
(17,1) (16,1) 58
(17,1) (18,1) 77
(18,1) (17,1) 24
(1,2) (2,2) 61
(2,2) (1,2) 28
(2,2) (3,2) 71
(3,2) (2,2) 28
(3,2) (4,2) 18
(4,2) (3,2) 78
(4,2) (5,2) 28
(5,2) (4,2) 76
(5,2) (6,2) 14
(6,2) (5,2) 50
(6,2) (7,2) 39
(7,2) (6,2) 68
(7,2) (8,2) 73
(8,2) (7,2) 34
(8,2) (9,2) 43
(9,2) (8,2) 81
(9,2) (10,2) 26
(10,2) (9,2) 41
(10,2) (11,2) 81
(11,2) (10,2) 87
(11,2) (12,2) 48
(12,2) (11,2) 79
(12,2) (13,2) 19
(13,2) (12,2) 29
(13,2) (14,2) 46
(14,2) (13,2) 21
(14,2) (15,2) 46
(15,2) (14,2) 38
(15,2) (16,2) 48
(16,2) (15,2) 40
(16,2) (17,2) 16
(17,2) (16,2) 83
(17,2) (18,2) 86
(18,2) (17,2) 21
(1,3) (2,3) 84
(2,3) (1,3) 69
(2,3) (3,3) 47
(3,3) (2,3) 85
(3,3) (4,3) 81
(4,3) (3,3) 31
(4,3) (5,3) 57
(5,3) (4,3) 75
(5,3) (6,3) 16
(6,3) (5,3) 55
(6,3) (7,3) 69
(7,3) (6,3) 35
(7,3) (8,3) 84
(8,3) (7,3) 50
(8,3) (9,3) 17
(9,3) (8,3) 60
(9,3) (10,3) 21
(10,3) (9,3) 24
(10,3) (11,3) 17
(11,3) (10,3) 83
(11,3) (12,3) 14
(12,3) (11,3) 29
(12,3) (13,3) 71
(13,3) (12,3) 52
(13,3) (14,3) 85
(14,3) (13,3) 21
(14,3) (15,3) 25
(15,3) (14,3) 11
(15,3) (16,3) 79
(16,3) (15,3) 15
(16,3) (17,3) 53
(17,3) (16,3) 43
(17,3) (18,3) 16
(18,3) (17,3) 29
(1,4) (2,4) 74
(2,4) (1,4) 12
(2,4) (3,4) 10
(3,4) (2,4) 43
(3,4) (4,4) 84
(4,4) (3,4) 37
(4,4) (5,4) 83
(5,4) (4,4) 64
(5,4) (6,4) 69
(6,4) (5,4) 48
(6,4) (7,4) 60
(7,4) (6,4) 48
(7,4) (8,4) 86
(8,4) (7,4) 82
(8,4) (9,4) 10
(9,4) (8,4) 47
(9,4) (10,4) 36
(10,4) (9,4) 31
(10,4) (11,4) 48
(11,4) (10,4) 11
(11,4) (12,4) 55
(12,4) (11,4) 71
(12,4) (13,4) 17
(13,4) (12,4) 67
(13,4) (14,4) 67
(14,4) (13,4) 56
(14,4) (15,4) 35
(15,4) (14,4) 29
(15,4) (16,4) 16
(16,4) (15,4) 19
(16,4) (17,4) 16
(17,4) (16,4) 69
(17,4) (18,4) 24
(18,4) (17,4) 48
(1,5) (2,5) 35
(2,5) (1,5) 20
(2,5) (3,5) 46
(3,5) (2,5) 78
(3,5) (4,5) 31
(4,5) (3,5) 77
(4,5) (5,5) 53
(5,5) (4,5) 20
(5,5) (6,5) 81
(6,5) (5,5) 64
(6,5) (7,5) 64
(7,5) (6,5) 22
(7,5) (8,5) 53
(8,5) (7,5) 70
(8,5) (9,5) 40
(9,5) (8,5) 11
(9,5) (10,5) 78
(10,5) (9,5) 75
(10,5) (11,5) 39
(11,5) (10,5) 43
(11,5) (12,5) 56
(12,5) (11,5) 13
(12,5) (13,5) 48
(13,5) (12,5) 84
(13,5) (14,5) 48
(14,5) (13,5) 72
(14,5) (15,5) 11
(15,5) (14,5) 11
(15,5) (16,5) 17
(16,5) (15,5) 57
(16,5) (17,5) 16
(17,5) (16,5) 32
(17,5) (18,5) 81
(18,5) (17,5) 73
(1,6) (2,6) 84
(2,6) (1,6) 14
(2,6) (3,6) 23
(3,6) (2,6) 46
(3,6) (4,6) 44
(4,6) (3,6) 58
(4,6) (5,6) 12
(5,6) (4,6) 85
(5,6) (6,6) 37
(6,6) (5,6) 10
(6,6) (7,6) 10
(7,6) (6,6) 69
(7,6) (8,6) 67
(8,6) (7,6) 56
(8,6) (9,6) 20
(9,6) (8,6) 39
(9,6) (10,6) 29
(10,6) (9,6) 79
(10,6) (11,6) 73
(11,6) (10,6) 21
(11,6) (12,6) 22
(12,6) (11,6) 29
(12,6) (13,6) 52
(13,6) (12,6) 47
(13,6) (14,6) 21
(14,6) (13,6) 75
(14,6) (15,6) 52
(15,6) (14,6) 73
(15,6) (16,6) 61
(16,6) (15,6) 36
(16,6) (17,6) 66
(17,6) (16,6) 15
(17,6) (18,6) 78
(18,6) (17,6) 80
(1,7) (2,7) 23
(2,7) (1,7) 49
(2,7) (3,7) 52
(3,7) (2,7) 73
(3,7) (4,7) 62
(4,7) (3,7) 70
(4,7) (5,7) 81
(5,7) (4,7) 65
(5,7) (6,7) 80
(6,7) (5,7) 59
(6,7) (7,7) 10
(7,7) (6,7) 47
(7,7) (8,7) 45
(8,7) (7,7) 86
(8,7) (9,7) 38
(9,7) (8,7) 81
(9,7) (10,7) 53
(10,7) (9,7) 33
(10,7) (11,7) 73
(11,7) (10,7) 30
(11,7) (12,7) 85
(12,7) (11,7) 50
(12,7) (13,7) 80
(13,7) (12,7) 59
(13,7) (14,7) 30
(14,7) (13,7) 54
(14,7) (15,7) 61
(15,7) (14,7) 56
(15,7) (16,7) 72
(16,7) (15,7) 16
(16,7) (17,7) 76
(17,7) (16,7) 79
(17,7) (18,7) 13
(18,7) (17,7) 30
(1,8) (2,8) 36
(2,8) (1,8) 58
(2,8) (3,8) 71
(3,8) (2,8) 39
(3,8) (4,8) 54
(4,8) (3,8) 15
(4,8) (5,8) 57
(5,8) (4,8) 68
(5,8) (6,8) 18
(6,8) (5,8) 50
(6,8) (7,8) 86
(7,8) (6,8) 22
(7,8) (8,8) 72
(8,8) (7,8) 51
(8,8) (9,8) 42
(9,8) (8,8) 27
(9,8) (10,8) 59
(10,8) (9,8) 53
(10,8) (11,8) 68
(11,8) (10,8) 81
(11,8) (12,8) 36
(12,8) (11,8) 87
(12,8) (13,8) 33
(13,8) (12,8) 58
(13,8) (14,8) 10
(14,8) (13,8) 25
(14,8) (15,8) 45
(15,8) (14,8) 24
(15,8) (16,8) 40
(16,8) (15,8) 16
(16,8) (17,8) 44
(17,8) (16,8) 31
(17,8) (18,8) 53
(18,8) (17,8) 28
(1,9) (2,9) 56
(2,9) (1,9) 77
(2,9) (3,9) 18
(3,9) (2,9) 48
(3,9) (4,9) 37
(4,9) (3,9) 58
(4,9) (5,9) 53
(5,9) (4,9) 76
(5,9) (6,9) 18
(6,9) (5,9) 50
(6,9) (7,9) 49
(7,9) (6,9) 62
(7,9) (8,9) 37
(8,9) (7,9) 29
(8,9) (9,9) 26
(9,9) (8,9) 16
(9,9) (10,9) 17
(10,9) (9,9) 46
(10,9) (11,9) 71
(11,9) (10,9) 52
(11,9) (12,9) 71
(12,9) (11,9) 50
(12,9) (13,9) 77
(13,9) (12,9) 22
(13,9) (14,9) 14
(14,9) (13,9) 12
(14,9) (15,9) 16
(15,9) (14,9) 56
(15,9) (16,9) 25
(16,9) (15,9) 65
(16,9) (17,9) 34
(17,9) (16,9) 36
(17,9) (18,9) 40
(18,9) (17,9) 23
(1,10) (2,10) 33
(2,10) (1,10) 80
(2,10) (3,10) 64
(3,10) (2,10) 36
(3,10) (4,10) 21
(4,10) (3,10) 75
(4,10) (5,10) 12
(5,10) (4,10) 63
(5,10) (6,10) 41
(6,10) (5,10) 36
(6,10) (7,10) 21
(7,10) (6,10) 76
(7,10) (8,10) 13
(8,10) (7,10) 10
(8,10) (9,10) 14
(9,10) (8,10) 74
(9,10) (10,10) 27
(10,10) (9,10) 23
(10,10) (11,10) 46
(11,10) (10,10) 79
(11,10) (12,10) 66
(12,10) (11,10) 75
(12,10) (13,10) 69
(13,10) (12,10) 65
(13,10) (14,10) 39
(14,10) (13,10) 16
(14,10) (15,10) 62
(15,10) (14,10) 36
(15,10) (16,10) 79
(16,10) (15,10) 61
(16,10) (17,10) 86
(17,10) (16,10) 49
(17,10) (18,10) 71
(18,10) (17,10) 75
(1,11) (2,11) 52
(2,11) (1,11) 70
(2,11) (3,11) 47
(3,11) (2,11) 85
(3,11) (4,11) 40
(4,11) (3,11) 62
(4,11) (5,11) 12
(5,11) (4,11) 38
(5,11) (6,11) 17
(6,11) (5,11) 70
(6,11) (7,11) 51
(7,11) (6,11) 38
(7,11) (8,11) 43
(8,11) (7,11) 80
(8,11) (9,11) 31
(9,11) (8,11) 45
(9,11) (10,11) 30
(10,11) (9,11) 27
(10,11) (11,11) 14
(11,11) (10,11) 74
(11,11) (12,11) 79
(12,11) (11,11) 47
(12,11) (13,11) 60
(13,11) (12,11) 41
(13,11) (14,11) 11
(14,11) (13,11) 50
(14,11) (15,11) 56
(15,11) (14,11) 40
(15,11) (16,11) 57
(16,11) (15,11) 42
(16,11) (17,11) 34
(17,11) (16,11) 22
(17,11) (18,11) 14
(18,11) (17,11) 18
(1,12) (2,12) 67
(2,12) (1,12) 15
(2,12) (3,12) 73
(3,12) (2,12) 16
(3,12) (4,12) 16
(4,12) (3,12) 70
(4,12) (5,12) 63
(5,12) (4,12) 43
(5,12) (6,12) 65
(6,12) (5,12) 86
(6,12) (7,12) 70
(7,12) (6,12) 67
(7,12) (8,12) 18
(8,12) (7,12) 77
(8,12) (9,12) 66
(9,12) (8,12) 73
(9,12) (10,12) 39
(10,12) (9,12) 20
(10,12) (11,12) 81
(11,12) (10,12) 44
(11,12) (12,12) 77
(12,12) (11,12) 34
(12,12) (13,12) 11
(13,12) (12,12) 21
(13,12) (14,12) 42
(14,12) (13,12) 26
(14,12) (15,12) 30
(15,12) (14,12) 15
(15,12) (16,12) 38
(16,12) (15,12) 24
(16,12) (17,12) 12
(17,12) (16,12) 25
(17,12) (18,12) 43
(18,12) (17,12) 76
(1,13) (2,13) 14
(2,13) (1,13) 33
(2,13) (3,13) 11
(3,13) (2,13) 23
(3,13) (4,13) 62
(4,13) (3,13) 44
(4,13) (5,13) 45
(5,13) (4,13) 10
(5,13) (6,13) 17
(6,13) (5,13) 56
(6,13) (7,13) 61
(7,13) (6,13) 29
(7,13) (8,13) 39
(8,13) (7,13) 73
(8,13) (9,13) 43
(9,13) (8,13) 62
(9,13) (10,13) 11
(10,13) (9,13) 53
(10,13) (11,13) 87
(11,13) (10,13) 79
(11,13) (12,13) 84
(12,13) (11,13) 14
(12,13) (13,13) 29
(13,13) (12,13) 58
(13,13) (14,13) 20
(14,13) (13,13) 28
(14,13) (15,13) 87
(15,13) (14,13) 65
(15,13) (16,13) 24
(16,13) (15,13) 65
(16,13) (17,13) 25
(17,13) (16,13) 72
(17,13) (18,13) 25
(18,13) (17,13) 56
(1,14) (2,14) 73
(2,14) (1,14) 57
(2,14) (3,14) 31
(3,14) (2,14) 63
(3,14) (4,14) 29
(4,14) (3,14) 58
(4,14) (5,14) 20
(5,14) (4,14) 24
(5,14) (6,14) 82
(6,14) (5,14) 52
(6,14) (7,14) 30
(7,14) (6,14) 51
(7,14) (8,14) 60
(8,14) (7,14) 76
(8,14) (9,14) 19
(9,14) (8,14) 26
(9,14) (10,14) 62
(10,14) (9,14) 40
(10,14) (11,14) 84
(11,14) (10,14) 73
(11,14) (12,14) 36
(12,14) (11,14) 71
(12,14) (13,14) 15
(13,14) (12,14) 69
(13,14) (14,14) 31
(14,14) (13,14) 52
(14,14) (15,14) 73
(15,14) (14,14) 30
(15,14) (16,14) 20
(16,14) (15,14) 37
(16,14) (17,14) 39
(17,14) (16,14) 56
(17,14) (18,14) 43
(18,14) (17,14) 65
(1,15) (2,15) 67
(2,15) (1,15) 57
(2,15) (3,15) 31
(3,15) (2,15) 68
(3,15) (4,15) 39
(4,15) (3,15) 54
(4,15) (5,15) 14
(5,15) (4,15) 59
(5,15) (6,15) 35
(6,15) (5,15) 43
(6,15) (7,15) 24
(7,15) (6,15) 49
(7,15) (8,15) 53
(8,15) (7,15) 41
(8,15) (9,15) 18
(9,15) (8,15) 31
(9,15) (10,15) 87
(10,15) (9,15) 83
(10,15) (11,15) 17
(11,15) (10,15) 66
(11,15) (12,15) 13
(12,15) (11,15) 74
(12,15) (13,15) 74
(13,15) (12,15) 21
(13,15) (14,15) 59
(14,15) (13,15) 39
(14,15) (15,15) 78
(15,15) (14,15) 32
(15,15) (16,15) 49
(16,15) (15,15) 85
(16,15) (17,15) 61
(17,15) (16,15) 62
(17,15) (18,15) 41
(18,15) (17,15) 62
(1,16) (2,16) 39
(2,16) (1,16) 70
(2,16) (3,16) 44
(3,16) (2,16) 38
(3,16) (4,16) 65
(4,16) (3,16) 27
(4,16) (5,16) 16
(5,16) (4,16) 86
(5,16) (6,16) 20
(6,16) (5,16) 71
(6,16) (7,16) 73
(7,16) (6,16) 56
(7,16) (8,16) 18
(8,16) (7,16) 84
(8,16) (9,16) 16
(9,16) (8,16) 82
(9,16) (10,16) 71
(10,16) (9,16) 83
(10,16) (11,16) 24
(11,16) (10,16) 76
(11,16) (12,16) 20
(12,16) (11,16) 68
(12,16) (13,16) 39
(13,16) (12,16) 85
(13,16) (14,16) 28
(14,16) (13,16) 54
(14,16) (15,16) 17
(15,16) (14,16) 21
(15,16) (16,16) 16
(16,16) (15,16) 18
(16,16) (17,16) 58
(17,16) (16,16) 33
(17,16) (18,16) 74
(18,16) (17,16) 82
(1,16) t 77
(2,16) t 56
(3,16) t 77
(4,16) t 64
(5,16) t 45
(6,16) t 56
(7,16) t 47
(8,16) t 47
(9,16) t 18
(10,16) t 37
(11,16) t 49
(12,16) t 27
(13,16) t 34
(14,16) t 12
(15,16) t 56
(16,16) t 22
(17,16) t 43
(18,16) t 49
