s (1,1) 23
s (2,1) 22
s (3,1) 30
s (4,1) 34
(1,1) (1,2) 19
(1,2) (1,3) 24
(1,3) (1,4) 10
(1,4) (1,5) 6
(1,5) (1,6) 23
(1,6) (1,7) 14
(1,7) (1,8) 16
(1,8) (1,9) 12
(1,9) (1,10) 17
(1,10) (1,11) 17
(2,1) (2,2) 19
(2,2) (2,3) 26
(2,3) (2,4) 17
(2,4) (2,5) 18
(2,5) (2,6) 22
(2,6) (2,7) 12
(2,7) (2,8) 27
(2,8) (2,9) 29
(2,9) (2,10) 24
(2,10) (2,11) 32
(3,1) (3,2) 7
(3,2) (3,3) 18
(3,3) (3,4) 27
(3,4) (3,5) 13
(3,5) (3,6) 34
(3,6) (3,7) 29
(3,7) (3,8) 30
(3,8) (3,9) 18
(3,9) (3,10) 25
(3,10) (3,11) 14
(4,1) (4,2) 13
(4,2) (4,3) 11
(4,3) (4,4) 13
(4,4) (4,5) 28
(4,5) (4,6) 37
(4,6) (4,7) 27
(4,7) (4,8) 33
(4,8) (4,9) 16
(4,9) (4,10) 5
(4,10) (4,11) 10
(1,1) (2,1) 5
(2,1) (1,1) 19
(2,1) (3,1) 26
(3,1) (2,1) 35
(3,1) (4,1) 14
(4,1) (3,1) 35
(1,2) (2,2) 8
(2,2) (1,2) 14
(2,2) (3,2) 8
(3,2) (2,2) 35
(3,2) (4,2) 24
(4,2) (3,2) 11
(1,3) (2,3) 15
(2,3) (1,3) 19
(2,3) (3,3) 28
(3,3) (2,3) 22
(3,3) (4,3) 23
(4,3) (3,3) 36
(1,4) (2,4) 27
(2,4) (1,4) 7
(2,4) (3,4) 21
(3,4) (2,4) 14
(3,4) (4,4) 15
(4,4) (3,4) 14
(1,5) (2,5) 7
(2,5) (1,5) 16
(2,5) (3,5) 18
(3,5) (2,5) 33
(3,5) (4,5) 33
(4,5) (3,5) 29
(1,6) (2,6) 25
(2,6) (1,6) 9
(2,6) (3,6) 14
(3,6) (2,6) 8
(3,6) (4,6) 37
(4,6) (3,6) 5
(1,7) (2,7) 21
(2,7) (1,7) 36
(2,7) (3,7) 30
(3,7) (2,7) 16
(3,7) (4,7) 27
(4,7) (3,7) 28
(1,8) (2,8) 36
(2,8) (1,8) 27
(2,8) (3,8) 13
(3,8) (2,8) 34
(3,8) (4,8) 13
(4,8) (3,8) 16
(1,9) (2,9) 30
(2,9) (1,9) 23
(2,9) (3,9) 22
(3,9) (2,9) 6
(3,9) (4,9) 23
(4,9) (3,9) 5
(1,10) (2,10) 32
(2,10) (1,10) 21
(2,10) (3,10) 30
(3,10) (2,10) 15
(3,10) (4,10) 24
(4,10) (3,10) 20
(1,11) (2,11) 28
(2,11) (1,11) 29
(2,11) (3,11) 23
(3,11) (2,11) 27
(3,11) (4,11) 5
(4,11) (3,11) 25
(1,11) t 36
(2,11) t 28
(3,11) t 32
(4,11) t 16
