s (1,1) 6
s (2,1) 6
s (3,1) 6
s (4,1) 6
s (5,1) 6
s (6,1) 6
s (7,1) 6
s (8,1) 6
s (9,1) 6
s (10,1) 6
s (11,1) 6
s (12,1) 6
s (13,1) 6
s (14,1) 6
s (15,1) 6
s (16,1) 6
s (17,1) 6
s (18,1) 6
s (19,1) 6
s (20,1) 6
(1,1) (1,2) 6
(1,2) (1,3) 6
(1,3) (1,4) 6
(1,4) (1,5) 6
(2,1) (2,2) 6
(2,2) (2,3) 6
(2,3) (2,4) 6
(2,4) (2,5) 6
(3,1) (3,2) 6
(3,2) (3,3) 6
(3,3) (3,4) 6
(3,4) (3,5) 6
(4,1) (4,2) 6
(4,2) (4,3) 6
(4,3) (4,4) 6
(4,4) (4,5) 6
(5,1) (5,2) 6
(5,2) (5,3) 6
(5,3) (5,4) 6
(5,4) (5,5) 6
(6,1) (6,2) 6
(6,2) (6,3) 6
(6,3) (6,4) 6
(6,4) (6,5) 6
(7,1) (7,2) 6
(7,2) (7,3) 6
(7,3) (7,4) 6
(7,4) (7,5) 6
(8,1) (8,2) 6
(8,2) (8,3) 6
(8,3) (8,4) 6
(8,4) (8,5) 6
(9,1) (9,2) 6
(9,2) (9,3) 6
(9,3) (9,4) 6
(9,4) (9,5) 6
(10,1) (10,2) 6
(10,2) (10,3) 6
(10,3) (10,4) 6
(10,4) (10,5) 6
(11,1) (11,2) 6
(11,2) (11,3) 6
(11,3) (11,4) 6
(11,4) (11,5) 6
(12,1) (12,2) 6
(12,2) (12,3) 6
(12,3) (12,4) 6
(12,4) (12,5) 6
(13,1) (13,2) 6
(13,2) (13,3) 6
(13,3) (13,4) 6
(13,4) (13,5) 6
(14,1) (14,2) 6
(14,2) (14,3) 6
(14,3) (14,4) 6
(14,4) (14,5) 6
(15,1) (15,2) 6
(15,2) (15,3) 6
(15,3) (15,4) 6
(15,4) (15,5) 6
(16,1) (16,2) 6
(16,2) (16,3) 6
(16,3) (16,4) 6
(16,4) (16,5) 6
(17,1) (17,2) 6
(17,2) (17,3) 6
(17,3) (17,4) 6
(17,4) (17,5) 6
(18,1) (18,2) 6
(18,2) (18,3) 6
(18,3) (18,4) 6
(18,4) (18,5) 6
(19,1) (19,2) 6
(19,2) (19,3) 6
(19,3) (19,4) 6
(19,4) (19,5) 6
(20,1) (20,2) 6
(20,2) (20,3) 6
(20,3) (20,4) 6
(20,4) (20,5) 6
(1,1) (2,1) 6
(2,1) (1,1) 6
(2,1) (3,1) 6
(3,1) (2,1) 6
(3,1) (4,1) 6
(4,1) (3,1) 6
(4,1) (5,1) 6
(5,1) (4,1) 6
(5,1) (6,1) 6
(6,1) (5,1) 6
(6,1) (7,1) 6
(7,1) (6,1) 6
(7,1) (8,1) 6
(8,1) (7,1) 6
(8,1) (9,1) 6
(9,1) (8,1) 6
(9,1) (10,1) 6
(10,1) (9,1) 6
(10,1) (11,1) 6
(11,1) (10,1) 6
(11,1) (12,1) 6
(12,1) (11,1) 6
(12,1) (13,1) 6
(13,1) (12,1) 6
(13,1) (14,1) 6
(14,1) (13,1) 6
(14,1) (15,1) 6
(15,1) (14,1) 6
(15,1) (16,1) 6
(16,1) (15,1) 6
(16,1) (17,1) 6
(17,1) (16,1) 6
(17,1) (18,1) 6
(18,1) (17,1) 6
(18,1) (19,1) 6
(19,1) (18,1) 6
(19,1) (20,1) 6
(20,1) (19,1) 6
(1,2) (2,2) 6
(2,2) (1,2) 6
(2,2) (3,2) 6
(3,2) (2,2) 6
(3,2) (4,2) 6
(4,2) (3,2) 6
(4,2) (5,2) 6
(5,2) (4,2) 6
(5,2) (6,2) 6
(6,2) (5,2) 6
(6,2) (7,2) 6
(7,2) (6,2) 6
(7,2) (8,2) 6
(8,2) (7,2) 6
(8,2) (9,2) 6
(9,2) (8,2) 6
(9,2) (10,2) 6
(10,2) (9,2) 6
(10,2) (11,2) 6
(11,2) (10,2) 6
(11,2) (12,2) 6
(12,2) (11,2) 6
(12,2) (13,2) 6
(13,2) (12,2) 6
(13,2) (14,2) 6
(14,2) (13,2) 6
(14,2) (15,2) 6
(15,2) (14,2) 6
(15,2) (16,2) 6
(16,2) (15,2) 6
(16,2) (17,2) 6
(17,2) (16,2) 6
(17,2) (18,2) 6
(18,2) (17,2) 6
(18,2) (19,2) 6
(19,2) (18,2) 6
(19,2) (20,2) 6
(20,2) (19,2) 6
(1,3) (2,3) 6
(2,3) (1,3) 6
(2,3) (3,3) 6
(3,3) (2,3) 6
(3,3) (4,3) 6
(4,3) (3,3) 6
(4,3) (5,3) 6
(5,3) (4,3) 6
(5,3) (6,3) 6
(6,3) (5,3) 6
(6,3) (7,3) 6
(7,3) (6,3) 6
(7,3) (8,3) 6
(8,3) (7,3) 6
(8,3) (9,3) 6
(9,3) (8,3) 6
(9,3) (10,3) 6
(10,3) (9,3) 6
(10,3) (11,3) 6
(11,3) (10,3) 6
(11,3) (12,3) 6
(12,3) (11,3) 6
(12,3) (13,3) 6
(13,3) (12,3) 6
(13,3) (14,3) 6
(14,3) (13,3) 6
(14,3) (15,3) 6
(15,3) (14,3) 6
(15,3) (16,3) 6
(16,3) (15,3) 6
(16,3) (17,3) 6
(17,3) (16,3) 6
(17,3) (18,3) 6
(18,3) (17,3) 6
(18,3) (19,3) 6
(19,3) (18,3) 6
(19,3) (20,3) 6
(20,3) (19,3) 6
(1,4) (2,4) 6
(2,4) (1,4) 6
(2,4) (3,4) 6
(3,4) (2,4) 6
(3,4) (4,4) 6
(4,4) (3,4) 6
(4,4) (5,4) 6
(5,4) (4,4) 6
(5,4) (6,4) 6
(6,4) (5,4) 6
(6,4) (7,4) 6
(7,4) (6,4) 6
(7,4) (8,4) 6
(8,4) (7,4) 6
(8,4) (9,4) 6
(9,4) (8,4) 6
(9,4) (10,4) 6
(10,4) (9,4) 6
(10,4) (11,4) 6
(11,4) (10,4) 6
(11,4) (12,4) 6
(12,4) (11,4) 6
(12,4) (13,4) 6
(13,4) (12,4) 6
(13,4) (14,4) 6
(14,4) (13,4) 6
(14,4) (15,4) 6
(15,4) (14,4) 6
(15,4) (16,4) 6
(16,4) (15,4) 6
(16,4) (17,4) 6
(17,4) (16,4) 6
(17,4) (18,4) 6
(18,4) (17,4) 6
(18,4) (19,4) 6
(19,4) (18,4) 6
(19,4) (20,4) 6
(20,4) (19,4) 6
(1,5) (2,5) 6
(2,5) (1,5) 6
(2,5) (3,5) 6
(3,5) (2,5) 6
(3,5) (4,5) 6
(4,5) (3,5) 6
(4,5) (5,5) 6
(5,5) (4,5) 6
(5,5) (6,5) 6
(6,5) (5,5) 6
(6,5) (7,5) 6
(7,5) (6,5) 6
(7,5) (8,5) 6
(8,5) (7,5) 6
(8,5) (9,5) 6
(9,5) (8,5) 6
(9,5) (10,5) 6
(10,5) (9,5) 6
(10,5) (11,5) 6
(11,5) (10,5) 6
(11,5) (12,5) 6
(12,5) (11,5) 6
(12,5) (13,5) 6
(13,5) (12,5) 6
(13,5) (14,5) 6
(14,5) (13,5) 6
(14,5) (15,5) 6
(15,5) (14,5) 6
(15,5) (16,5) 6
(16,5) (15,5) 6
(16,5) (17,5) 6
(17,5) (16,5) 6
(17,5) (18,5) 6
(18,5) (17,5) 6
(18,5) (19,5) 6
(19,5) (18,5) 6
(19,5) (20,5) 6
(20,5) (19,5) 6
(1,5) t 6
(2,5) t 6
(3,5) t 6
(4,5) t 6
(5,5) t 6
(6,5) t 6
(7,5) t 6
(8,5) t 6
(9,5) t 6
(10,5) t 6
(11,5) t 6
(12,5) t 6
(13,5) t 6
(14,5) t 6
(15,5) t 6
(16,5) t 6
(17,5) t 6
(18,5) t 6
(19,5) t 6
(20,5) t 6
