s (1,1) 14
s (2,1) 8
s (3,1) 14
s (4,1) 14
s (5,1) 9
s (6,1) 13
(1,1) (1,2) 14
(1,2) (1,3) 9
(1,3) (1,4) 8
(1,4) (1,5) 8
(1,5) (1,6) 13
(1,6) (1,7) 7
(1,7) (1,8) 7
(1,8) (1,9) 13
(1,9) (1,10) 13
(1,10) (1,11) 12
(1,11) (1,12) 10
(1,12) (1,13) 7
(1,13) (1,14) 8
(1,14) (1,15) 7
(2,1) (2,2) 14
(2,2) (2,3) 10
(2,3) (2,4) 11
(2,4) (2,5) 11
(2,5) (2,6) 8
(2,6) (2,7) 9
(2,7) (2,8) 9
(2,8) (2,9) 9
(2,9) (2,10) 12
(2,10) (2,11) 14
(2,11) (2,12) 10
(2,12) (2,13) 7
(2,13) (2,14) 12
(2,14) (2,15) 13
(3,1) (3,2) 8
(3,2) (3,3) 10
(3,3) (3,4) 13
(3,4) (3,5) 12
(3,5) (3,6) 11
(3,6) (3,7) 12
(3,7) (3,8) 7
(3,8) (3,9) 11
(3,9) (3,10) 9
(3,10) (3,11) 14
(3,11) (3,12) 12
(3,12) (3,13) 14
(3,13) (3,14) 14
(3,14) (3,15) 10
(4,1) (4,2) 9
(4,2) (4,3) 7
(4,3) (4,4) 10
(4,4) (4,5) 7
(4,5) (4,6) 12
(4,6) (4,7) 7
(4,7) (4,8) 7
(4,8) (4,9) 14
(4,9) (4,10) 10
(4,10) (4,11) 14
(4,11) (4,12) 11
(4,12) (4,13) 8
(4,13) (4,14) 11
(4,14) (4,15) 13
(5,1) (5,2) 9
(5,2) (5,3) 13
(5,3) (5,4) 8
(5,4) (5,5) 9
(5,5) (5,6) 13
(5,6) (5,7) 12
(5,7) (5,8) 10
(5,8) (5,9) 12
(5,9) (5,10) 8
(5,10) (5,11) 7
(5,11) (5,12) 11
(5,12) (5,13) 11
(5,13) (5,14) 14
(5,14) (5,15) 9
(6,1) (6,2) 8
(6,2) (6,3) 13
(6,3) (6,4) 14
(6,4) (6,5) 13
(6,5) (6,6) 8
(6,6) (6,7) 14
(6,7) (6,8) 13
(6,8) (6,9) 7
(6,9) (6,10) 14
(6,10) (6,11) 12
(6,11) (6,12) 8
(6,12) (6,13) 14
(6,13) (6,14) 12
(6,14) (6,15) 14
(1,1) (2,1) 9
(2,1) (1,1) 8
(2,1) (3,1) 12
(3,1) (2,1) 11
(3,1) (4,1) 7
(4,1) (3,1) 10
(4,1) (5,1) 10
(5,1) (4,1) 14
(5,1) (6,1) 9
(6,1) (5,1) 12
(1,2) (2,2) 8
(2,2) (1,2) 10
(2,2) (3,2) 9
(3,2) (2,2) 10
(3,2) (4,2) 12
(4,2) (3,2) 12
(4,2) (5,2) 10
(5,2) (4,2) 12
(5,2) (6,2) 7
(6,2) (5,2) 14
(1,3) (2,3) 8
(2,3) (1,3) 8
(2,3) (3,3) 9
(3,3) (2,3) 7
(3,3) (4,3) 7
(4,3) (3,3) 11
(4,3) (5,3) 13
(5,3) (4,3) 9
(5,3) (6,3) 13
(6,3) (5,3) 10
(1,4) (2,4) 9
(2,4) (1,4) 13
(2,4) (3,4) 10
(3,4) (2,4) 10
(3,4) (4,4) 7
(4,4) (3,4) 12
(4,4) (5,4) 12
(5,4) (4,4) 8
(5,4) (6,4) 12
(6,4) (5,4) 14
(1,5) (2,5) 10
(2,5) (1,5) 13
(2,5) (3,5) 12
(3,5) (2,5) 10
(3,5) (4,5) 14
(4,5) (3,5) 12
(4,5) (5,5) 10
(5,5) (4,5) 8
(5,5) (6,5) 8
(6,5) (5,5) 7
(1,6) (2,6) 10
(2,6) (1,6) 14
(2,6) (3,6) 14
(3,6) (2,6) 8
(3,6) (4,6) 11
(4,6) (3,6) 13
(4,6) (5,6) 13
(5,6) (4,6) 13
(5,6) (6,6) 11
(6,6) (5,6) 9
(1,7) (2,7) 14
(2,7) (1,7) 13
(2,7) (3,7) 10
(3,7) (2,7) 7
(3,7) (4,7) 13
(4,7) (3,7) 14
(4,7) (5,7) 11
(5,7) (4,7) 11
(5,7) (6,7) 10
(6,7) (5,7) 12
(1,8) (2,8) 10
(2,8) (1,8) 12
(2,8) (3,8) 11
(3,8) (2,8) 13
(3,8) (4,8) 9
(4,8) (3,8) 9
(4,8) (5,8) 10
(5,8) (4,8) 14
(5,8) (6,8) 7
(6,8) (5,8) 10
(1,9) (2,9) 10
(2,9) (1,9) 9
(2,9) (3,9) 9
(3,9) (2,9) 10
(3,9) (4,9) 11
(4,9) (3,9) 11
(4,9) (5,9) 10
(5,9) (4,9) 11
(5,9) (6,9) 11
(6,9) (5,9) 7
(1,10) (2,10) 13
(2,10) (1,10) 9
(2,10) (3,10) 11
(3,10) (2,10) 7
(3,10) (4,10) 8
(4,10) (3,10) 11
(4,10) (5,10) 13
(5,10) (4,10) 9
(5,10) (6,10) 12
(6,10) (5,10) 13
(1,11) (2,11) 14
(2,11) (1,11) 11
(2,11) (3,11) 14
(3,11) (2,11) 11
(3,11) (4,11) 13
(4,11) (3,11) 8
(4,11) (5,11) 10
(5,11) (4,11) 8
(5,11) (6,11) 9
(6,11) (5,11) 8
(1,12) (2,12) 11
(2,12) (1,12) 11
(2,12) (3,12) 10
(3,12) (2,12) 13
(3,12) (4,12) 7
(4,12) (3,12) 7
(4,12) (5,12) 10
(5,12) (4,12) 11
(5,12) (6,12) 7
(6,12) (5,12) 11
(1,13) (2,13) 8
(2,13) (1,13) 14
(2,13) (3,13) 14
(3,13) (2,13) 9
(3,13) (4,13) 12
(4,13) (3,13) 13
(4,13) (5,13) 8
(5,13) (4,13) 13
(5,13) (6,13) 12
(6,13) (5,13) 8
(1,14) (2,14) 12
(2,14) (1,14) 10
(2,14) (3,14) 9
(3,14) (2,14) 12
(3,14) (4,14) 14
(4,14) (3,14) 14
(4,14) (5,14) 11
(5,14) (4,14) 12
(5,14) (6,14) 13
(6,14) (5,14) 11
(1,15) (2,15) 8
(2,15) (1,15) 11
(2,15) (3,15) 11
(3,15) (2,15) 12
(3,15) (4,15) 10
(4,15) (3,15) 9
(4,15) (5,15) 12
(5,15) (4,15) 12
(5,15) (6,15) 11
(6,15) (5,15) 8
(1,15) t 11
(2,15) t 11
(3,15) t 13
(4,15) t 12
(5,15) t 11
(6,15) t 13
