s (1,1) 19
s (2,1) 47
s (3,1) 24
s (4,1) 26
s (5,1) 41
s (6,1) 46
s (7,1) 36
s (8,1) 14
s (9,1) 21
s (10,1) 31
s (11,1) 13
s (12,1) 22
s (13,1) 39
(1,1) (1,2) 11
(1,2) (1,3) 20
(1,3) (1,4) 12
(1,4) (1,5) 16
(1,5) (1,6) 50
(1,6) (1,7) 42
(1,7) (1,8) 51
(2,1) (2,2) 42
(2,2) (2,3) 12
(2,3) (2,4) 37
(2,4) (2,5) 48
(2,5) (2,6) 24
(2,6) (2,7) 52
(2,7) (2,8) 16
(3,1) (3,2) 19
(3,2) (3,3) 23
(3,3) (3,4) 35
(3,4) (3,5) 54
(3,5) (3,6) 15
(3,6) (3,7) 53
(3,7) (3,8) 44
(4,1) (4,2) 49
(4,2) (4,3) 40
(4,3) (4,4) 34
(4,4) (4,5) 51
(4,5) (4,6) 19
(4,6) (4,7) 47
(4,7) (4,8) 56
(5,1) (5,2) 28
(5,2) (5,3) 55
(5,3) (5,4) 44
(5,4) (5,5) 47
(5,5) (5,6) 46
(5,6) (5,7) 23
(5,7) (5,8) 50
(6,1) (6,2) 24
(6,2) (6,3) 12
(6,3) (6,4) 36
(6,4) (6,5) 22
(6,5) (6,6) 30
(6,6) (6,7) 49
(6,7) (6,8) 18
(7,1) (7,2) 50
(7,2) (7,3) 51
(7,3) (7,4) 29
(7,4) (7,5) 27
(7,5) (7,6) 35
(7,6) (7,7) 49
(7,7) (7,8) 13
(8,1) (8,2) 19
(8,2) (8,3) 41
(8,3) (8,4) 55
(8,4) (8,5) 31
(8,5) (8,6) 50
(8,6) (8,7) 55
(8,7) (8,8) 21
(9,1) (9,2) 16
(9,2) (9,3) 45
(9,3) (9,4) 32
(9,4) (9,5) 33
(9,5) (9,6) 36
(9,6) (9,7) 35
(9,7) (9,8) 27
(10,1) (10,2) 33
(10,2) (10,3) 48
(10,3) (10,4) 36
(10,4) (10,5) 54
(10,5) (10,6) 43
(10,6) (10,7) 14
(10,7) (10,8) 35
(11,1) (11,2) 29
(11,2) (11,3) 40
(11,3) (11,4) 20
(11,4) (11,5) 45
(11,5) (11,6) 10
(11,6) (11,7) 28
(11,7) (11,8) 47
(12,1) (12,2) 39
(12,2) (12,3) 41
(12,3) (12,4) 38
(12,4) (12,5) 25
(12,5) (12,6) 25
(12,6) (12,7) 16
(12,7) (12,8) 20
(13,1) (13,2) 25
(13,2) (13,3) 42
(13,3) (13,4) 18
(13,4) (13,5) 10
(13,5) (13,6) 12
(13,6) (13,7) 54
(13,7) (13,8) 53
(1,1) (2,1) 11
(2,1) (1,1) 32
(2,1) (3,1) 34
(3,1) (2,1) 42
(3,1) (4,1) 40
(4,1) (3,1) 23
(4,1) (5,1) 25
(5,1) (4,1) 31
(5,1) (6,1) 15
(6,1) (5,1) 24
(6,1) (7,1) 21
(7,1) (6,1) 38
(7,1) (8,1) 21
(8,1) (7,1) 49
(8,1) (9,1) 55
(9,1) (8,1) 33
(9,1) (10,1) 12
(10,1) (9,1) 27
(10,1) (11,1) 30
(11,1) (10,1) 10
(11,1) (12,1) 36
(12,1) (11,1) 22
(12,1) (13,1) 27
(13,1) (12,1) 13
(1,2) (2,2) 18
(2,2) (1,2) 25
(2,2) (3,2) 27
(3,2) (2,2) 44
(3,2) (4,2) 33
(4,2) (3,2) 55
(4,2) (5,2) 43
(5,2) (4,2) 39
(5,2) (6,2) 14
(6,2) (5,2) 16
(6,2) (7,2) 26
(7,2) (6,2) 42
(7,2) (8,2) 39
(8,2) (7,2) 52
(8,2) (9,2) 11
(9,2) (8,2) 47
(9,2) (10,2) 17
(10,2) (9,2) 36
(10,2) (11,2) 42
(11,2) (10,2) 27
(11,2) (12,2) 40
(12,2) (11,2) 46
(12,2) (13,2) 41
(13,2) (12,2) 11
(1,3) (2,3) 43
(2,3) (1,3) 52
(2,3) (3,3) 16
(3,3) (2,3) 27
(3,3) (4,3) 23
(4,3) (3,3) 31
(4,3) (5,3) 26
(5,3) (4,3) 30
(5,3) (6,3) 24
(6,3) (5,3) 52
(6,3) (7,3) 35
(7,3) (6,3) 50
(7,3) (8,3) 43
(8,3) (7,3) 20
(8,3) (9,3) 31
(9,3) (8,3) 55
(9,3) (10,3) 45
(10,3) (9,3) 25
(10,3) (11,3) 38
(11,3) (10,3) 24
(11,3) (12,3) 29
(12,3) (11,3) 16
(12,3) (13,3) 12
(13,3) (12,3) 26
(1,4) (2,4) 14
(2,4) (1,4) 53
(2,4) (3,4) 43
(3,4) (2,4) 32
(3,4) (4,4) 36
(4,4) (3,4) 13
(4,4) (5,4) 28
(5,4) (4,4) 56
(5,4) (6,4) 56
(6,4) (5,4) 31
(6,4) (7,4) 19
(7,4) (6,4) 32
(7,4) (8,4) 24
(8,4) (7,4) 34
(8,4) (9,4) 35
(9,4) (8,4) 19
(9,4) (10,4) 13
(10,4) (9,4) 13
(10,4) (11,4) 14
(11,4) (10,4) 51
(11,4) (12,4) 15
(12,4) (11,4) 24
(12,4) (13,4) 21
(13,4) (12,4) 26
(1,5) (2,5) 24
(2,5) (1,5) 35
(2,5) (3,5) 51
(3,5) (2,5) 35
(3,5) (4,5) 33
(4,5) (3,5) 31
(4,5) (5,5) 52
(5,5) (4,5) 33
(5,5) (6,5) 53
(6,5) (5,5) 47
(6,5) (7,5) 53
(7,5) (6,5) 19
(7,5) (8,5) 33
(8,5) (7,5) 44
(8,5) (9,5) 32
(9,5) (8,5) 22
(9,5) (10,5) 40
(10,5) (9,5) 48
(10,5) (11,5) 43
(11,5) (10,5) 39
(11,5) (12,5) 29
(12,5) (11,5) 47
(12,5) (13,5) 54
(13,5) (12,5) 44
(1,6) (2,6) 13
(2,6) (1,6) 20
(2,6) (3,6) 14
(3,6) (2,6) 22
(3,6) (4,6) 12
(4,6) (3,6) 54
(4,6) (5,6) 37
(5,6) (4,6) 15
(5,6) (6,6) 12
(6,6) (5,6) 17
(6,6) (7,6) 51
(7,6) (6,6) 41
(7,6) (8,6) 27
(8,6) (7,6) 15
(8,6) (9,6) 41
(9,6) (8,6) 29
(9,6) (10,6) 14
(10,6) (9,6) 52
(10,6) (11,6) 33
(11,6) (10,6) 16
(11,6) (12,6) 20
(12,6) (11,6) 33
(12,6) (13,6) 25
(13,6) (12,6) 27
(1,7) (2,7) 29
(2,7) (1,7) 31
(2,7) (3,7) 53
(3,7) (2,7) 19
(3,7) (4,7) 13
(4,7) (3,7) 28
(4,7) (5,7) 17
(5,7) (4,7) 56
(5,7) (6,7) 37
(6,7) (5,7) 36
(6,7) (7,7) 14
(7,7) (6,7) 17
(7,7) (8,7) 54
(8,7) (7,7) 55
(8,7) (9,7) 45
(9,7) (8,7) 56
(9,7) (10,7) 24
(10,7) (9,7) 43
(10,7) (11,7) 50
(11,7) (10,7) 14
(11,7) (12,7) 22
(12,7) (11,7) 14
(12,7) (13,7) 46
(13,7) (12,7) 52
(1,8) (2,8) 22
(2,8) (1,8) 14
(2,8) (3,8) 42
(3,8) (2,8) 51
(3,8) (4,8) 15
(4,8) (3,8) 48
(4,8) (5,8) 49
(5,8) (4,8) 12
(5,8) (6,8) 53
(6,8) (5,8) 43
(6,8) (7,8) 48
(7,8) (6,8) 38
(7,8) (8,8) 53
(8,8) (7,8) 33
(8,8) (9,8) 20
(9,8) (8,8) 56
(9,8) (10,8) 37
(10,8) (9,8) 54
(10,8) (11,8) 13
(11,8) (10,8) 11
(11,8) (12,8) 10
(12,8) (11,8) 55
(12,8) (13,8) 52
(13,8) (12,8) 25
(1,8) t 39
(2,8) t 42
(3,8) t 40
(4,8) t 48
(5,8) t 14
(6,8) t 10
(7,8) t 17
(8,8) t 24
(9,8) t 54
(10,8) t 50
(11,8) t 43
(12,8) t 29
(13,8) t 42
