s (1,1) 53
s (2,1) 53
s (3,1) 7
s (4,1) 38
(1,1) (1,2) 10
(1,2) (1,3) 40
(1,3) (1,4) 6
(2,1) (2,2) 22
(2,2) (2,3) 20
(2,3) (2,4) 31
(3,1) (3,2) 32
(3,2) (3,3) 32
(3,3) (3,4) 54
(4,1) (4,2) 37
(4,2) (4,3) 33
(4,3) (4,4) 12
(1,1) (2,1) 55
(2,1) (1,1) 9
(2,1) (3,1) 34
(3,1) (2,1) 29
(3,1) (4,1) 33
(4,1) (3,1) 11
(1,2) (2,2) 15
(2,2) (1,2) 38
(2,2) (3,2) 54
(3,2) (2,2) 54
(3,2) (4,2) 9
(4,2) (3,2) 51
(1,3) (2,3) 55
(2,3) (1,3) 33
(2,3) (3,3) 50
(3,3) (2,3) 13
(3,3) (4,3) 37
(4,3) (3,3) 33
(1,4) (2,4) 52
(2,4) (1,4) 39
(2,4) (3,4) 51
(3,4) (2,4) 15
(3,4) (4,4) 53
(4,4) (3,4) 18
(1,4) t 9
(2,4) t 17
(3,4) t 31
(4,4) t 41
