s (1,1) 4
s (2,1) 4
s (3,1) 4
s (4,1) 4
s (5,1) 4
s (6,1) 4
s (7,1) 4
s (8,1) 4
s (9,1) 4
s (10,1) 4
s (11,1) 4
s (12,1) 4
s (13,1) 4
s (14,1) 4
s (15,1) 4
(1,1) (1,2) 4
(1,2) (1,3) 4
(1,3) (1,4) 4
(1,4) (1,5) 4
(1,5) (1,6) 4
(2,1) (2,2) 4
(2,2) (2,3) 4
(2,3) (2,4) 4
(2,4) (2,5) 4
(2,5) (2,6) 4
(3,1) (3,2) 4
(3,2) (3,3) 4
(3,3) (3,4) 4
(3,4) (3,5) 4
(3,5) (3,6) 4
(4,1) (4,2) 4
(4,2) (4,3) 4
(4,3) (4,4) 4
(4,4) (4,5) 4
(4,5) (4,6) 4
(5,1) (5,2) 4
(5,2) (5,3) 4
(5,3) (5,4) 4
(5,4) (5,5) 4
(5,5) (5,6) 4
(6,1) (6,2) 4
(6,2) (6,3) 4
(6,3) (6,4) 4
(6,4) (6,5) 4
(6,5) (6,6) 4
(7,1) (7,2) 4
(7,2) (7,3) 4
(7,3) (7,4) 4
(7,4) (7,5) 4
(7,5) (7,6) 4
(8,1) (8,2) 4
(8,2) (8,3) 4
(8,3) (8,4) 4
(8,4) (8,5) 4
(8,5) (8,6) 4
(9,1) (9,2) 4
(9,2) (9,3) 4
(9,3) (9,4) 4
(9,4) (9,5) 4
(9,5) (9,6) 4
(10,1) (10,2) 4
(10,2) (10,3) 4
(10,3) (10,4) 4
(10,4) (10,5) 4
(10,5) (10,6) 4
(11,1) (11,2) 4
(11,2) (11,3) 4
(11,3) (11,4) 4
(11,4) (11,5) 4
(11,5) (11,6) 4
(12,1) (12,2) 4
(12,2) (12,3) 4
(12,3) (12,4) 4
(12,4) (12,5) 4
(12,5) (12,6) 4
(13,1) (13,2) 4
(13,2) (13,3) 4
(13,3) (13,4) 4
(13,4) (13,5) 4
(13,5) (13,6) 4
(14,1) (14,2) 4
(14,2) (14,3) 4
(14,3) (14,4) 4
(14,4) (14,5) 4
(14,5) (14,6) 4
(15,1) (15,2) 4
(15,2) (15,3) 4
(15,3) (15,4) 4
(15,4) (15,5) 4
(15,5) (15,6) 4
(1,1) (2,1) 4
(2,1) (1,1) 4
(2,1) (3,1) 4
(3,1) (2,1) 4
(3,1) (4,1) 4
(4,1) (3,1) 4
(4,1) (5,1) 4
(5,1) (4,1) 4
(5,1) (6,1) 4
(6,1) (5,1) 4
(6,1) (7,1) 4
(7,1) (6,1) 4
(7,1) (8,1) 4
(8,1) (7,1) 4
(8,1) (9,1) 4
(9,1) (8,1) 4
(9,1) (10,1) 4
(10,1) (9,1) 4
(10,1) (11,1) 4
(11,1) (10,1) 4
(11,1) (12,1) 4
(12,1) (11,1) 4
(12,1) (13,1) 4
(13,1) (12,1) 4
(13,1) (14,1) 4
(14,1) (13,1) 4
(14,1) (15,1) 4
(15,1) (14,1) 4
(1,2) (2,2) 4
(2,2) (1,2) 4
(2,2) (3,2) 4
(3,2) (2,2) 4
(3,2) (4,2) 4
(4,2) (3,2) 4
(4,2) (5,2) 4
(5,2) (4,2) 4
(5,2) (6,2) 4
(6,2) (5,2) 4
(6,2) (7,2) 4
(7,2) (6,2) 4
(7,2) (8,2) 4
(8,2) (7,2) 4
(8,2) (9,2) 4
(9,2) (8,2) 4
(9,2) (10,2) 4
(10,2) (9,2) 4
(10,2) (11,2) 4
(11,2) (10,2) 4
(11,2) (12,2) 4
(12,2) (11,2) 4
(12,2) (13,2) 4
(13,2) (12,2) 4
(13,2) (14,2) 4
(14,2) (13,2) 4
(14,2) (15,2) 4
(15,2) (14,2) 4
(1,3) (2,3) 4
(2,3) (1,3) 4
(2,3) (3,3) 4
(3,3) (2,3) 4
(3,3) (4,3) 4
(4,3) (3,3) 4
(4,3) (5,3) 4
(5,3) (4,3) 4
(5,3) (6,3) 4
(6,3) (5,3) 4
(6,3) (7,3) 4
(7,3) (6,3) 4
(7,3) (8,3) 4
(8,3) (7,3) 4
(8,3) (9,3) 4
(9,3) (8,3) 4
(9,3) (10,3) 4
(10,3) (9,3) 4
(10,3) (11,3) 4
(11,3) (10,3) 4
(11,3) (12,3) 4
(12,3) (11,3) 4
(12,3) (13,3) 4
(13,3) (12,3) 4
(13,3) (14,3) 4
(14,3) (13,3) 4
(14,3) (15,3) 4
(15,3) (14,3) 4
(1,4) (2,4) 4
(2,4) (1,4) 4
(2,4) (3,4) 4
(3,4) (2,4) 4
(3,4) (4,4) 4
(4,4) (3,4) 4
(4,4) (5,4) 4
(5,4) (4,4) 4
(5,4) (6,4) 4
(6,4) (5,4) 4
(6,4) (7,4) 4
(7,4) (6,4) 4
(7,4) (8,4) 4
(8,4) (7,4) 4
(8,4) (9,4) 4
(9,4) (8,4) 4
(9,4) (10,4) 4
(10,4) (9,4) 4
(10,4) (11,4) 4
(11,4) (10,4) 4
(11,4) (12,4) 4
(12,4) (11,4) 4
(12,4) (13,4) 4
(13,4) (12,4) 4
(13,4) (14,4) 4
(14,4) (13,4) 4
(14,4) (15,4) 4
(15,4) (14,4) 4
(1,5) (2,5) 4
(2,5) (1,5) 4
(2,5) (3,5) 4
(3,5) (2,5) 4
(3,5) (4,5) 4
(4,5) (3,5) 4
(4,5) (5,5) 4
(5,5) (4,5) 4
(5,5) (6,5) 4
(6,5) (5,5) 4
(6,5) (7,5) 4
(7,5) (6,5) 4
(7,5) (8,5) 4
(8,5) (7,5) 4
(8,5) (9,5) 4
(9,5) (8,5) 4
(9,5) (10,5) 4
(10,5) (9,5) 4
(10,5) (11,5) 4
(11,5) (10,5) 4
(11,5) (12,5) 4
(12,5) (11,5) 4
(12,5) (13,5) 4
(13,5) (12,5) 4
(13,5) (14,5) 4
(14,5) (13,5) 4
(14,5) (15,5) 4
(15,5) (14,5) 4
(1,6) (2,6) 4
(2,6) (1,6) 4
(2,6) (3,6) 4
(3,6) (2,6) 4
(3,6) (4,6) 4
(4,6) (3,6) 4
(4,6) (5,6) 4
(5,6) (4,6) 4
(5,6) (6,6) 4
(6,6) (5,6) 4
(6,6) (7,6) 4
(7,6) (6,6) 4
(7,6) (8,6) 4
(8,6) (7,6) 4
(8,6) (9,6) 4
(9,6) (8,6) 4
(9,6) (10,6) 4
(10,6) (9,6) 4
(10,6) (11,6) 4
(11,6) (10,6) 4
(11,6) (12,6) 4
(12,6) (11,6) 4
(12,6) (13,6) 4
(13,6) (12,6) 4
(13,6) (14,6) 4
(14,6) (13,6) 4
(14,6) (15,6) 4
(15,6) (14,6) 4
(1,6) t 4
(2,6) t 4
(3,6) t 4
(4,6) t 4
(5,6) t 4
(6,6) t 4
(7,6) t 4
(8,6) t 4
(9,6) t 4
(10,6) t 4
(11,6) t 4
(12,6) t 4
(13,6) t 4
(14,6) t 4
(15,6) t 4
