s (1,1) 3
s (2,1) 3
s (3,1) 3
s (4,1) 3
s (5,1) 3
s (6,1) 3
s (7,1) 3
s (8,1) 3
s (9,1) 3
s (10,1) 3
s (11,1) 3
s (12,1) 3
(1,1) (1,2) 3
(1,2) (1,3) 3
(1,3) (1,4) 3
(1,4) (1,5) 3
(1,5) (1,6) 3
(1,6) (1,7) 3
(1,7) (1,8) 3
(1,8) (1,9) 3
(1,9) (1,10) 3
(1,10) (1,11) 3
(1,11) (1,12) 3
(1,12) (1,13) 3
(1,13) (1,14) 3
(1,14) (1,15) 3
(1,15) (1,16) 3
(1,16) (1,17) 3
(1,17) (1,18) 3
(2,1) (2,2) 3
(2,2) (2,3) 3
(2,3) (2,4) 3
(2,4) (2,5) 3
(2,5) (2,6) 3
(2,6) (2,7) 3
(2,7) (2,8) 3
(2,8) (2,9) 3
(2,9) (2,10) 3
(2,10) (2,11) 3
(2,11) (2,12) 3
(2,12) (2,13) 3
(2,13) (2,14) 3
(2,14) (2,15) 3
(2,15) (2,16) 3
(2,16) (2,17) 3
(2,17) (2,18) 3
(3,1) (3,2) 3
(3,2) (3,3) 3
(3,3) (3,4) 3
(3,4) (3,5) 3
(3,5) (3,6) 3
(3,6) (3,7) 3
(3,7) (3,8) 3
(3,8) (3,9) 3
(3,9) (3,10) 3
(3,10) (3,11) 3
(3,11) (3,12) 3
(3,12) (3,13) 3
(3,13) (3,14) 3
(3,14) (3,15) 3
(3,15) (3,16) 3
(3,16) (3,17) 3
(3,17) (3,18) 3
(4,1) (4,2) 3
(4,2) (4,3) 3
(4,3) (4,4) 3
(4,4) (4,5) 3
(4,5) (4,6) 3
(4,6) (4,7) 3
(4,7) (4,8) 3
(4,8) (4,9) 3
(4,9) (4,10) 3
(4,10) (4,11) 3
(4,11) (4,12) 3
(4,12) (4,13) 3
(4,13) (4,14) 3
(4,14) (4,15) 3
(4,15) (4,16) 3
(4,16) (4,17) 3
(4,17) (4,18) 3
(5,1) (5,2) 3
(5,2) (5,3) 3
(5,3) (5,4) 3
(5,4) (5,5) 3
(5,5) (5,6) 3
(5,6) (5,7) 3
(5,7) (5,8) 3
(5,8) (5,9) 3
(5,9) (5,10) 3
(5,10) (5,11) 3
(5,11) (5,12) 3
(5,12) (5,13) 3
(5,13) (5,14) 3
(5,14) (5,15) 3
(5,15) (5,16) 3
(5,16) (5,17) 3
(5,17) (5,18) 3
(6,1) (6,2) 3
(6,2) (6,3) 3
(6,3) (6,4) 3
(6,4) (6,5) 3
(6,5) (6,6) 3
(6,6) (6,7) 3
(6,7) (6,8) 3
(6,8) (6,9) 3
(6,9) (6,10) 3
(6,10) (6,11) 3
(6,11) (6,12) 3
(6,12) (6,13) 3
(6,13) (6,14) 3
(6,14) (6,15) 3
(6,15) (6,16) 3
(6,16) (6,17) 3
(6,17) (6,18) 3
(7,1) (7,2) 3
(7,2) (7,3) 3
(7,3) (7,4) 3
(7,4) (7,5) 3
(7,5) (7,6) 3
(7,6) (7,7) 3
(7,7) (7,8) 3
(7,8) (7,9) 3
(7,9) (7,10) 3
(7,10) (7,11) 3
(7,11) (7,12) 3
(7,12) (7,13) 3
(7,13) (7,14) 3
(7,14) (7,15) 3
(7,15) (7,16) 3
(7,16) (7,17) 3
(7,17) (7,18) 3
(8,1) (8,2) 3
(8,2) (8,3) 3
(8,3) (8,4) 3
(8,4) (8,5) 3
(8,5) (8,6) 3
(8,6) (8,7) 3
(8,7) (8,8) 3
(8,8) (8,9) 3
(8,9) (8,10) 3
(8,10) (8,11) 3
(8,11) (8,12) 3
(8,12) (8,13) 3
(8,13) (8,14) 3
(8,14) (8,15) 3
(8,15) (8,16) 3
(8,16) (8,17) 3
(8,17) (8,18) 3
(9,1) (9,2) 3
(9,2) (9,3) 3
(9,3) (9,4) 3
(9,4) (9,5) 3
(9,5) (9,6) 3
(9,6) (9,7) 3
(9,7) (9,8) 3
(9,8) (9,9) 3
(9,9) (9,10) 3
(9,10) (9,11) 3
(9,11) (9,12) 3
(9,12) (9,13) 3
(9,13) (9,14) 3
(9,14) (9,15) 3
(9,15) (9,16) 3
(9,16) (9,17) 3
(9,17) (9,18) 3
(10,1) (10,2) 3
(10,2) (10,3) 3
(10,3) (10,4) 3
(10,4) (10,5) 3
(10,5) (10,6) 3
(10,6) (10,7) 3
(10,7) (10,8) 3
(10,8) (10,9) 3
(10,9) (10,10) 3
(10,10) (10,11) 3
(10,11) (10,12) 3
(10,12) (10,13) 3
(10,13) (10,14) 3
(10,14) (10,15) 3
(10,15) (10,16) 3
(10,16) (10,17) 3
(10,17) (10,18) 3
(11,1) (11,2) 3
(11,2) (11,3) 3
(11,3) (11,4) 3
(11,4) (11,5) 3
(11,5) (11,6) 3
(11,6) (11,7) 3
(11,7) (11,8) 3
(11,8) (11,9) 3
(11,9) (11,10) 3
(11,10) (11,11) 3
(11,11) (11,12) 3
(11,12) (11,13) 3
(11,13) (11,14) 3
(11,14) (11,15) 3
(11,15) (11,16) 3
(11,16) (11,17) 3
(11,17) (11,18) 3
(12,1) (12,2) 3
(12,2) (12,3) 3
(12,3) (12,4) 3
(12,4) (12,5) 3
(12,5) (12,6) 3
(12,6) (12,7) 3
(12,7) (12,8) 3
(12,8) (12,9) 3
(12,9) (12,10) 3
(12,10) (12,11) 3
(12,11) (12,12) 3
(12,12) (12,13) 3
(12,13) (12,14) 3
(12,14) (12,15) 3
(12,15) (12,16) 3
(12,16) (12,17) 3
(12,17) (12,18) 3
(1,1) (2,1) 3
(2,1) (1,1) 3
(2,1) (3,1) 3
(3,1) (2,1) 3
(3,1) (4,1) 3
(4,1) (3,1) 3
(4,1) (5,1) 3
(5,1) (4,1) 3
(5,1) (6,1) 3
(6,1) (5,1) 3
(6,1) (7,1) 3
(7,1) (6,1) 3
(7,1) (8,1) 3
(8,1) (7,1) 3
(8,1) (9,1) 3
(9,1) (8,1) 3
(9,1) (10,1) 3
(10,1) (9,1) 3
(10,1) (11,1) 3
(11,1) (10,1) 3
(11,1) (12,1) 3
(12,1) (11,1) 3
(1,2) (2,2) 3
(2,2) (1,2) 3
(2,2) (3,2) 3
(3,2) (2,2) 3
(3,2) (4,2) 3
(4,2) (3,2) 3
(4,2) (5,2) 3
(5,2) (4,2) 3
(5,2) (6,2) 3
(6,2) (5,2) 3
(6,2) (7,2) 3
(7,2) (6,2) 3
(7,2) (8,2) 3
(8,2) (7,2) 3
(8,2) (9,2) 3
(9,2) (8,2) 3
(9,2) (10,2) 3
(10,2) (9,2) 3
(10,2) (11,2) 3
(11,2) (10,2) 3
(11,2) (12,2) 3
(12,2) (11,2) 3
(1,3) (2,3) 3
(2,3) (1,3) 3
(2,3) (3,3) 3
(3,3) (2,3) 3
(3,3) (4,3) 3
(4,3) (3,3) 3
(4,3) (5,3) 3
(5,3) (4,3) 3
(5,3) (6,3) 3
(6,3) (5,3) 3
(6,3) (7,3) 3
(7,3) (6,3) 3
(7,3) (8,3) 3
(8,3) (7,3) 3
(8,3) (9,3) 3
(9,3) (8,3) 3
(9,3) (10,3) 3
(10,3) (9,3) 3
(10,3) (11,3) 3
(11,3) (10,3) 3
(11,3) (12,3) 3
(12,3) (11,3) 3
(1,4) (2,4) 3
(2,4) (1,4) 3
(2,4) (3,4) 3
(3,4) (2,4) 3
(3,4) (4,4) 3
(4,4) (3,4) 3
(4,4) (5,4) 3
(5,4) (4,4) 3
(5,4) (6,4) 3
(6,4) (5,4) 3
(6,4) (7,4) 3
(7,4) (6,4) 3
(7,4) (8,4) 3
(8,4) (7,4) 3
(8,4) (9,4) 3
(9,4) (8,4) 3
(9,4) (10,4) 3
(10,4) (9,4) 3
(10,4) (11,4) 3
(11,4) (10,4) 3
(11,4) (12,4) 3
(12,4) (11,4) 3
(1,5) (2,5) 3
(2,5) (1,5) 3
(2,5) (3,5) 3
(3,5) (2,5) 3
(3,5) (4,5) 3
(4,5) (3,5) 3
(4,5) (5,5) 3
(5,5) (4,5) 3
(5,5) (6,5) 3
(6,5) (5,5) 3
(6,5) (7,5) 3
(7,5) (6,5) 3
(7,5) (8,5) 3
(8,5) (7,5) 3
(8,5) (9,5) 3
(9,5) (8,5) 3
(9,5) (10,5) 3
(10,5) (9,5) 3
(10,5) (11,5) 3
(11,5) (10,5) 3
(11,5) (12,5) 3
(12,5) (11,5) 3
(1,6) (2,6) 3
(2,6) (1,6) 3
(2,6) (3,6) 3
(3,6) (2,6) 3
(3,6) (4,6) 3
(4,6) (3,6) 3
(4,6) (5,6) 3
(5,6) (4,6) 3
(5,6) (6,6) 3
(6,6) (5,6) 3
(6,6) (7,6) 3
(7,6) (6,6) 3
(7,6) (8,6) 3
(8,6) (7,6) 3
(8,6) (9,6) 3
(9,6) (8,6) 3
(9,6) (10,6) 3
(10,6) (9,6) 3
(10,6) (11,6) 3
(11,6) (10,6) 3
(11,6) (12,6) 3
(12,6) (11,6) 3
(1,7) (2,7) 3
(2,7) (1,7) 3
(2,7) (3,7) 3
(3,7) (2,7) 3
(3,7) (4,7) 3
(4,7) (3,7) 3
(4,7) (5,7) 3
(5,7) (4,7) 3
(5,7) (6,7) 3
(6,7) (5,7) 3
(6,7) (7,7) 3
(7,7) (6,7) 3
(7,7) (8,7) 3
(8,7) (7,7) 3
(8,7) (9,7) 3
(9,7) (8,7) 3
(9,7) (10,7) 3
(10,7) (9,7) 3
(10,7) (11,7) 3
(11,7) (10,7) 3
(11,7) (12,7) 3
(12,7) (11,7) 3
(1,8) (2,8) 3
(2,8) (1,8) 3
(2,8) (3,8) 3
(3,8) (2,8) 3
(3,8) (4,8) 3
(4,8) (3,8) 3
(4,8) (5,8) 3
(5,8) (4,8) 3
(5,8) (6,8) 3
(6,8) (5,8) 3
(6,8) (7,8) 3
(7,8) (6,8) 3
(7,8) (8,8) 3
(8,8) (7,8) 3
(8,8) (9,8) 3
(9,8) (8,8) 3
(9,8) (10,8) 3
(10,8) (9,8) 3
(10,8) (11,8) 3
(11,8) (10,8) 3
(11,8) (12,8) 3
(12,8) (11,8) 3
(1,9) (2,9) 3
(2,9) (1,9) 3
(2,9) (3,9) 3
(3,9) (2,9) 3
(3,9) (4,9) 3
(4,9) (3,9) 3
(4,9) (5,9) 3
(5,9) (4,9) 3
(5,9) (6,9) 3
(6,9) (5,9) 3
(6,9) (7,9) 3
(7,9) (6,9) 3
(7,9) (8,9) 3
(8,9) (7,9) 3
(8,9) (9,9) 3
(9,9) (8,9) 3
(9,9) (10,9) 3
(10,9) (9,9) 3
(10,9) (11,9) 3
(11,9) (10,9) 3
(11,9) (12,9) 3
(12,9) (11,9) 3
(1,10) (2,10) 3
(2,10) (1,10) 3
(2,10) (3,10) 3
(3,10) (2,10) 3
(3,10) (4,10) 3
(4,10) (3,10) 3
(4,10) (5,10) 3
(5,10) (4,10) 3
(5,10) (6,10) 3
(6,10) (5,10) 3
(6,10) (7,10) 3
(7,10) (6,10) 3
(7,10) (8,10) 3
(8,10) (7,10) 3
(8,10) (9,10) 3
(9,10) (8,10) 3
(9,10) (10,10) 3
(10,10) (9,10) 3
(10,10) (11,10) 3
(11,10) (10,10) 3
(11,10) (12,10) 3
(12,10) (11,10) 3
(1,11) (2,11) 3
(2,11) (1,11) 3
(2,11) (3,11) 3
(3,11) (2,11) 3
(3,11) (4,11) 3
(4,11) (3,11) 3
(4,11) (5,11) 3
(5,11) (4,11) 3
(5,11) (6,11) 3
(6,11) (5,11) 3
(6,11) (7,11) 3
(7,11) (6,11) 3
(7,11) (8,11) 3
(8,11) (7,11) 3
(8,11) (9,11) 3
(9,11) (8,11) 3
(9,11) (10,11) 3
(10,11) (9,11) 3
(10,11) (11,11) 3
(11,11) (10,11) 3
(11,11) (12,11) 3
(12,11) (11,11) 3
(1,12) (2,12) 3
(2,12) (1,12) 3
(2,12) (3,12) 3
(3,12) (2,12) 3
(3,12) (4,12) 3
(4,12) (3,12) 3
(4,12) (5,12) 3
(5,12) (4,12) 3
(5,12) (6,12) 3
(6,12) (5,12) 3
(6,12) (7,12) 3
(7,12) (6,12) 3
(7,12) (8,12) 3
(8,12) (7,12) 3
(8,12) (9,12) 3
(9,12) (8,12) 3
(9,12) (10,12) 3
(10,12) (9,12) 3
(10,12) (11,12) 3
(11,12) (10,12) 3
(11,12) (12,12) 3
(12,12) (11,12) 3
(1,13) (2,13) 3
(2,13) (1,13) 3
(2,13) (3,13) 3
(3,13) (2,13) 3
(3,13) (4,13) 3
(4,13) (3,13) 3
(4,13) (5,13) 3
(5,13) (4,13) 3
(5,13) (6,13) 3
(6,13) (5,13) 3
(6,13) (7,13) 3
(7,13) (6,13) 3
(7,13) (8,13) 3
(8,13) (7,13) 3
(8,13) (9,13) 3
(9,13) (8,13) 3
(9,13) (10,13) 3
(10,13) (9,13) 3
(10,13) (11,13) 3
(11,13) (10,13) 3
(11,13) (12,13) 3
(12,13) (11,13) 3
(1,14) (2,14) 3
(2,14) (1,14) 3
(2,14) (3,14) 3
(3,14) (2,14) 3
(3,14) (4,14) 3
(4,14) (3,14) 3
(4,14) (5,14) 3
(5,14) (4,14) 3
(5,14) (6,14) 3
(6,14) (5,14) 3
(6,14) (7,14) 3
(7,14) (6,14) 3
(7,14) (8,14) 3
(8,14) (7,14) 3
(8,14) (9,14) 3
(9,14) (8,14) 3
(9,14) (10,14) 3
(10,14) (9,14) 3
(10,14) (11,14) 3
(11,14) (10,14) 3
(11,14) (12,14) 3
(12,14) (11,14) 3
(1,15) (2,15) 3
(2,15) (1,15) 3
(2,15) (3,15) 3
(3,15) (2,15) 3
(3,15) (4,15) 3
(4,15) (3,15) 3
(4,15) (5,15) 3
(5,15) (4,15) 3
(5,15) (6,15) 3
(6,15) (5,15) 3
(6,15) (7,15) 3
(7,15) (6,15) 3
(7,15) (8,15) 3
(8,15) (7,15) 3
(8,15) (9,15) 3
(9,15) (8,15) 3
(9,15) (10,15) 3
(10,15) (9,15) 3
(10,15) (11,15) 3
(11,15) (10,15) 3
(11,15) (12,15) 3
(12,15) (11,15) 3
(1,16) (2,16) 3
(2,16) (1,16) 3
(2,16) (3,16) 3
(3,16) (2,16) 3
(3,16) (4,16) 3
(4,16) (3,16) 3
(4,16) (5,16) 3
(5,16) (4,16) 3
(5,16) (6,16) 3
(6,16) (5,16) 3
(6,16) (7,16) 3
(7,16) (6,16) 3
(7,16) (8,16) 3
(8,16) (7,16) 3
(8,16) (9,16) 3
(9,16) (8,16) 3
(9,16) (10,16) 3
(10,16) (9,16) 3
(10,16) (11,16) 3
(11,16) (10,16) 3
(11,16) (12,16) 3
(12,16) (11,16) 3
(1,17) (2,17) 3
(2,17) (1,17) 3
(2,17) (3,17) 3
(3,17) (2,17) 3
(3,17) (4,17) 3
(4,17) (3,17) 3
(4,17) (5,17) 3
(5,17) (4,17) 3
(5,17) (6,17) 3
(6,17) (5,17) 3
(6,17) (7,17) 3
(7,17) (6,17) 3
(7,17) (8,17) 3
(8,17) (7,17) 3
(8,17) (9,17) 3
(9,17) (8,17) 3
(9,17) (10,17) 3
(10,17) (9,17) 3
(10,17) (11,17) 3
(11,17) (10,17) 3
(11,17) (12,17) 3
(12,17) (11,17) 3
(1,18) (2,18) 3
(2,18) (1,18) 3
(2,18) (3,18) 3
(3,18) (2,18) 3
(3,18) (4,18) 3
(4,18) (3,18) 3
(4,18) (5,18) 3
(5,18) (4,18) 3
(5,18) (6,18) 3
(6,18) (5,18) 3
(6,18) (7,18) 3
(7,18) (6,18) 3
(7,18) (8,18) 3
(8,18) (7,18) 3
(8,18) (9,18) 3
(9,18) (8,18) 3
(9,18) (10,18) 3
(10,18) (9,18) 3
(10,18) (11,18) 3
(11,18) (10,18) 3
(11,18) (12,18) 3
(12,18) (11,18) 3
(1,18) t 3
(2,18) t 3
(3,18) t 3
(4,18) t 3
(5,18) t 3
(6,18) t 3
(7,18) t 3
(8,18) t 3
(9,18) t 3
(10,18) t 3
(11,18) t 3
(12,18) t 3
