s (1,1) 26
s (2,1) 84
s (3,1) 56
s (4,1) 43
s (5,1) 12
s (6,1) 83
s (7,1) 37
s (8,1) 58
s (9,1) 81
s (10,1) 87
s (11,1) 26
s (12,1) 12
s (13,1) 76
s (14,1) 88
s (15,1) 16
s (16,1) 39
s (17,1) 54
s (18,1) 48
s (19,1) 11
s (20,1) 10
(1,1) (1,2) 21
(1,2) (1,3) 32
(1,3) (1,4) 10
(1,4) (1,5) 52
(1,5) (1,6) 26
(1,6) (1,7) 49
(1,7) (1,8) 81
(1,8) (1,9) 24
(1,9) (1,10) 36
(1,10) (1,11) 42
(1,11) (1,12) 43
(1,12) (1,13) 7
(2,1) (2,2) 88
(2,2) (2,3) 82
(2,3) (2,4) 65
(2,4) (2,5) 52
(2,5) (2,6) 71
(2,6) (2,7) 30
(2,7) (2,8) 59
(2,8) (2,9) 30
(2,9) (2,10) 60
(2,10) (2,11) 86
(2,11) (2,12) 43
(2,12) (2,13) 8
(3,1) (3,2) 22
(3,2) (3,3) 9
(3,3) (3,4) 81
(3,4) (3,5) 71
(3,5) (3,6) 7
(3,6) (3,7) 35
(3,7) (3,8) 38
(3,8) (3,9) 63
(3,9) (3,10) 84
(3,10) (3,11) 72
(3,11) (3,12) 14
(3,12) (3,13) 29
(4,1) (4,2) 70
(4,2) (4,3) 68
(4,3) (4,4) 66
(4,4) (4,5) 21
(4,5) (4,6) 71
(4,6) (4,7) 41
(4,7) (4,8) 59
(4,8) (4,9) 5
(4,9) (4,10) 69
(4,10) (4,11) 23
(4,11) (4,12) 18
(4,12) (4,13) 80
(5,1) (5,2) 30
(5,2) (5,3) 19
(5,3) (5,4) 88
(5,4) (5,5) 47
(5,5) (5,6) 24
(5,6) (5,7) 36
(5,7) (5,8) 8
(5,8) (5,9) 71
(5,9) (5,10) 39
(5,10) (5,11) 28
(5,11) (5,12) 91
(5,12) (5,13) 76
(6,1) (6,2) 75
(6,2) (6,3) 53
(6,3) (6,4) 33
(6,4) (6,5) 43
(6,5) (6,6) 10
(6,6) (6,7) 49
(6,7) (6,8) 7
(6,8) (6,9) 60
(6,9) (6,10) 82
(6,10) (6,11) 84
(6,11) (6,12) 86
(6,12) (6,13) 41
(7,1) (7,2) 34
(7,2) (7,3) 81
(7,3) (7,4) 77
(7,4) (7,5) 27
(7,5) (7,6) 63
(7,6) (7,7) 21
(7,7) (7,8) 41
(7,8) (7,9) 9
(7,9) (7,10) 26
(7,10) (7,11) 61
(7,11) (7,12) 86
(7,12) (7,13) 36
(8,1) (8,2) 54
(8,2) (8,3) 7
(8,3) (8,4) 25
(8,4) (8,5) 53
(8,5) (8,6) 65
(8,6) (8,7) 63
(8,7) (8,8) 89
(8,8) (8,9) 8
(8,9) (8,10) 9
(8,10) (8,11) 32
(8,11) (8,12) 40
(8,12) (8,13) 68
(9,1) (9,2) 83
(9,2) (9,3) 49
(9,3) (9,4) 25
(9,4) (9,5) 87
(9,5) (9,6) 86
(9,6) (9,7) 25
(9,7) (9,8) 66
(9,8) (9,9) 74
(9,9) (9,10) 27
(9,10) (9,11) 85
(9,11) (9,12) 26
(9,12) (9,13) 28
(10,1) (10,2) 79
(10,2) (10,3) 35
(10,3) (10,4) 86
(10,4) (10,5) 82
(10,5) (10,6) 28
(10,6) (10,7) 72
(10,7) (10,8) 39
(10,8) (10,9) 61
(10,9) (10,10) 39
(10,10) (10,11) 77
(10,11) (10,12) 73
(10,12) (10,13) 33
(11,1) (11,2) 53
(11,2) (11,3) 12
(11,3) (11,4) 13
(11,4) (11,5) 30
(11,5) (11,6) 63
(11,6) (11,7) 91
(11,7) (11,8) 6
(11,8) (11,9) 23
(11,9) (11,10) 70
(11,10) (11,11) 53
(11,11) (11,12) 82
(11,12) (11,13) 26
(12,1) (12,2) 12
(12,2) (12,3) 28
(12,3) (12,4) 31
(12,4) (12,5) 76
(12,5) (12,6) 26
(12,6) (12,7) 51
(12,7) (12,8) 57
(12,8) (12,9) 42
(12,9) (12,10) 68
(12,10) (12,11) 52
(12,11) (12,12) 7
(12,12) (12,13) 71
(13,1) (13,2) 15
(13,2) (13,3) 59
(13,3) (13,4) 72
(13,4) (13,5) 5
(13,5) (13,6) 77
(13,6) (13,7) 67
(13,7) (13,8) 84
(13,8) (13,9) 39
(13,9) (13,10) 10
(13,10) (13,11) 22
(13,11) (13,12) 13
(13,12) (13,13) 42
(14,1) (14,2) 90
(14,2) (14,3) 60
(14,3) (14,4) 34
(14,4) (14,5) 11
(14,5) (14,6) 55
(14,6) (14,7) 38
(14,7) (14,8) 76
(14,8) (14,9) 89
(14,9) (14,10) 62
(14,10) (14,11) 51
(14,11) (14,12) 30
(14,12) (14,13) 75
(15,1) (15,2) 79
(15,2) (15,3) 22
(15,3) (15,4) 74
(15,4) (15,5) 2
(15,5) (15,6) 49
(15,6) (15,7) 41
(15,7) (15,8) 71
(15,8) (15,9) 12
(15,9) (15,10) 63
(15,10) (15,11) 60
(15,11) (15,12) 15
(15,12) (15,13) 14
(16,1) (16,2) 51
(16,2) (16,3) 41
(16,3) (16,4) 36
(16,4) (16,5) 80
(16,5) (16,6) 68
(16,6) (16,7) 75
(16,7) (16,8) 64
(16,8) (16,9) 13
(16,9) (16,10) 9
(16,10) (16,11) 69
(16,11) (16,12) 27
(16,12) (16,13) 86
(17,1) (17,2) 55
(17,2) (17,3) 23
(17,3) (17,4) 45
(17,4) (17,5) 42
(17,5) (17,6) 46
(17,6) (17,7) 20
(17,7) (17,8) 85
(17,8) (17,9) 29
(17,9) (17,10) 51
(17,10) (17,11) 26
(17,11) (17,12) 49
(17,12) (17,13) 40
(18,1) (18,2) 90
(18,2) (18,3) 11
(18,3) (18,4) 30
(18,4) (18,5) 69
(18,5) (18,6) 72
(18,6) (18,7) 66
(18,7) (18,8) 7
(18,8) (18,9) 75
(18,9) (18,10) 19
(18,10) (18,11) 72
(18,11) (18,12) 8
(18,12) (18,13) 85
(19,1) (19,2) 67
(19,2) (19,3) 30
(19,3) (19,4) 57
(19,4) (19,5) 41
(19,5) (19,6) 22
(19,6) (19,7) 78
(19,7) (19,8) 11
(19,8) (19,9) 55
(19,9) (19,10) 59
(19,10) (19,11) 28
(19,11) (19,12) 24
(19,12) (19,13) 6
(20,1) (20,2) 58
(20,2) (20,3) 51
(20,3) (20,4) 3
(20,4) (20,5) 89
(20,5) (20,6) 38
(20,6) (20,7) 43
(20,7) (20,8) 27
(20,8) (20,9) 47
(20,9) (20,10) 76
(20,10) (20,11) 22
(20,11) (20,12) 44
(20,12) (20,13) 31
(1,1) (2,1) 83
(2,1) (1,1) 44
(2,1) (3,1) 47
(3,1) (2,1) 20
(3,1) (4,1) 68
(4,1) (3,1) 36
(4,1) (5,1) 57
(5,1) (4,1) 35
(5,1) (6,1) 29
(6,1) (5,1) 78
(6,1) (7,1) 61
(7,1) (6,1) 79
(7,1) (8,1) 19
(8,1) (7,1) 25
(8,1) (9,1) 6
(9,1) (8,1) 64
(9,1) (10,1) 17
(10,1) (9,1) 13
(10,1) (11,1) 44
(11,1) (10,1) 21
(11,1) (12,1) 74
(12,1) (11,1) 44
(12,1) (13,1) 39
(13,1) (12,1) 53
(13,1) (14,1) 81
(14,1) (13,1) 71
(14,1) (15,1) 10
(15,1) (14,1) 30
(15,1) (16,1) 43
(16,1) (15,1) 73
(16,1) (17,1) 42
(17,1) (16,1) 40
(17,1) (18,1) 21
(18,1) (17,1) 20
(18,1) (19,1) 45
(19,1) (18,1) 29
(19,1) (20,1) 61
(20,1) (19,1) 66
(1,2) (2,2) 11
(2,2) (1,2) 15
(2,2) (3,2) 39
(3,2) (2,2) 81
(3,2) (4,2) 88
(4,2) (3,2) 6
(4,2) (5,2) 80
(5,2) (4,2) 29
(5,2) (6,2) 37
(6,2) (5,2) 34
(6,2) (7,2) 55
(7,2) (6,2) 51
(7,2) (8,2) 84
(8,2) (7,2) 89
(8,2) (9,2) 59
(9,2) (8,2) 60
(9,2) (10,2) 55
(10,2) (9,2) 17
(10,2) (11,2) 46
(11,2) (10,2) 59
(11,2) (12,2) 39
(12,2) (11,2) 68
(12,2) (13,2) 21
(13,2) (12,2) 47
(13,2) (14,2) 72
(14,2) (13,2) 10
(14,2) (15,2) 80
(15,2) (14,2) 39
(15,2) (16,2) 9
(16,2) (15,2) 21
(16,2) (17,2) 73
(17,2) (16,2) 45
(17,2) (18,2) 59
(18,2) (17,2) 66
(18,2) (19,2) 69
(19,2) (18,2) 73
(19,2) (20,2) 19
(20,2) (19,2) 24
(1,3) (2,3) 82
(2,3) (1,3) 90
(2,3) (3,3) 38
(3,3) (2,3) 28
(3,3) (4,3) 53
(4,3) (3,3) 87
(4,3) (5,3) 25
(5,3) (4,3) 42
(5,3) (6,3) 83
(6,3) (5,3) 50
(6,3) (7,3) 87
(7,3) (6,3) 91
(7,3) (8,3) 4
(8,3) (7,3) 66
(8,3) (9,3) 61
(9,3) (8,3) 14
(9,3) (10,3) 83
(10,3) (9,3) 10
(10,3) (11,3) 42
(11,3) (10,3) 11
(11,3) (12,3) 40
(12,3) (11,3) 25
(12,3) (13,3) 35
(13,3) (12,3) 18
(13,3) (14,3) 82
(14,3) (13,3) 12
(14,3) (15,3) 16
(15,3) (14,3) 17
(15,3) (16,3) 43
(16,3) (15,3) 34
(16,3) (17,3) 13
(17,3) (16,3) 50
(17,3) (18,3) 57
(18,3) (17,3) 16
(18,3) (19,3) 36
(19,3) (18,3) 24
(19,3) (20,3) 58
(20,3) (19,3) 28
(1,4) (2,4) 11
(2,4) (1,4) 9
(2,4) (3,4) 18
(3,4) (2,4) 4
(3,4) (4,4) 91
(4,4) (3,4) 41
(4,4) (5,4) 28
(5,4) (4,4) 35
(5,4) (6,4) 87
(6,4) (5,4) 67
(6,4) (7,4) 57
(7,4) (6,4) 19
(7,4) (8,4) 18
(8,4) (7,4) 53
(8,4) (9,4) 35
(9,4) (8,4) 85
(9,4) (10,4) 62
(10,4) (9,4) 89
(10,4) (11,4) 31
(11,4) (10,4) 28
(11,4) (12,4) 89
(12,4) (11,4) 25
(12,4) (13,4) 46
(13,4) (12,4) 74
(13,4) (14,4) 42
(14,4) (13,4) 68
(14,4) (15,4) 55
(15,4) (14,4) 37
(15,4) (16,4) 86
(16,4) (15,4) 26
(16,4) (17,4) 67
(17,4) (16,4) 47
(17,4) (18,4) 17
(18,4) (17,4) 61
(18,4) (19,4) 41
(19,4) (18,4) 47
(19,4) (20,4) 23
(20,4) (19,4) 62
(1,5) (2,5) 59
(2,5) (1,5) 68
(2,5) (3,5) 23
(3,5) (2,5) 72
(3,5) (4,5) 46
(4,5) (3,5) 2
(4,5) (5,5) 72
(5,5) (4,5) 87
(5,5) (6,5) 52
(6,5) (5,5) 57
(6,5) (7,5) 8
(7,5) (6,5) 28
(7,5) (8,5) 41
(8,5) (7,5) 58
(8,5) (9,5) 27
(9,5) (8,5) 44
(9,5) (10,5) 90
(10,5) (9,5) 79
(10,5) (11,5) 4
(11,5) (10,5) 86
(11,5) (12,5) 19
(12,5) (11,5) 79
(12,5) (13,5) 85
(13,5) (12,5) 56
(13,5) (14,5) 65
(14,5) (13,5) 2
(14,5) (15,5) 65
(15,5) (14,5) 34
(15,5) (16,5) 19
(16,5) (15,5) 69
(16,5) (17,5) 30
(17,5) (16,5) 88
(17,5) (18,5) 60
(18,5) (17,5) 83
(18,5) (19,5) 46
(19,5) (18,5) 20
(19,5) (20,5) 53
(20,5) (19,5) 24
(1,6) (2,6) 19
(2,6) (1,6) 44
(2,6) (3,6) 53
(3,6) (2,6) 55
(3,6) (4,6) 3
(4,6) (3,6) 44
(4,6) (5,6) 54
(5,6) (4,6) 38
(5,6) (6,6) 58
(6,6) (5,6) 2
(6,6) (7,6) 13
(7,6) (6,6) 57
(7,6) (8,6) 84
(8,6) (7,6) 32
(8,6) (9,6) 81
(9,6) (8,6) 20
(9,6) (10,6) 80
(10,6) (9,6) 53
(10,6) (11,6) 18
(11,6) (10,6) 85
(11,6) (12,6) 54
(12,6) (11,6) 18
(12,6) (13,6) 55
(13,6) (12,6) 71
(13,6) (14,6) 47
(14,6) (13,6) 64
(14,6) (15,6) 9
(15,6) (14,6) 38
(15,6) (16,6) 19
(16,6) (15,6) 55
(16,6) (17,6) 85
(17,6) (16,6) 79
(17,6) (18,6) 86
(18,6) (17,6) 43
(18,6) (19,6) 11
(19,6) (18,6) 73
(19,6) (20,6) 44
(20,6) (19,6) 68
(1,7) (2,7) 58
(2,7) (1,7) 39
(2,7) (3,7) 30
(3,7) (2,7) 61
(3,7) (4,7) 29
(4,7) (3,7) 38
(4,7) (5,7) 42
(5,7) (4,7) 89
(5,7) (6,7) 16
(6,7) (5,7) 26
(6,7) (7,7) 61
(7,7) (6,7) 42
(7,7) (8,7) 80
(8,7) (7,7) 27
(8,7) (9,7) 70
(9,7) (8,7) 83
(9,7) (10,7) 18
(10,7) (9,7) 4
(10,7) (11,7) 85
(11,7) (10,7) 64
(11,7) (12,7) 51
(12,7) (11,7) 6
(12,7) (13,7) 74
(13,7) (12,7) 64
(13,7) (14,7) 52
(14,7) (13,7) 6
(14,7) (15,7) 88
(15,7) (14,7) 57
(15,7) (16,7) 91
(16,7) (15,7) 85
(16,7) (17,7) 58
(17,7) (16,7) 11
(17,7) (18,7) 25
(18,7) (17,7) 74
(18,7) (19,7) 87
(19,7) (18,7) 77
(19,7) (20,7) 47
(20,7) (19,7) 23
(1,8) (2,8) 74
(2,8) (1,8) 30
(2,8) (3,8) 42
(3,8) (2,8) 34
(3,8) (4,8) 40
(4,8) (3,8) 46
(4,8) (5,8) 19
(5,8) (4,8) 21
(5,8) (6,8) 22
(6,8) (5,8) 45
(6,8) (7,8) 12
(7,8) (6,8) 73
(7,8) (8,8) 25
(8,8) (7,8) 27
(8,8) (9,8) 64
(9,8) (8,8) 85
(9,8) (10,8) 65
(10,8) (9,8) 28
(10,8) (11,8) 37
(11,8) (10,8) 44
(11,8) (12,8) 38
(12,8) (11,8) 45
(12,8) (13,8) 22
(13,8) (12,8) 51
(13,8) (14,8) 49
(14,8) (13,8) 21
(14,8) (15,8) 37
(15,8) (14,8) 29
(15,8) (16,8) 2
(16,8) (15,8) 84
(16,8) (17,8) 60
(17,8) (16,8) 81
(17,8) (18,8) 53
(18,8) (17,8) 51
(18,8) (19,8) 58
(19,8) (18,8) 34
(19,8) (20,8) 34
(20,8) (19,8) 13
(1,9) (2,9) 2
(2,9) (1,9) 59
(2,9) (3,9) 34
(3,9) (2,9) 55
(3,9) (4,9) 17
(4,9) (3,9) 63
(4,9) (5,9) 77
(5,9) (4,9) 13
(5,9) (6,9) 68
(6,9) (5,9) 62
(6,9) (7,9) 75
(7,9) (6,9) 22
(7,9) (8,9) 77
(8,9) (7,9) 18
(8,9) (9,9) 4
(9,9) (8,9) 69
(9,9) (10,9) 84
(10,9) (9,9) 42
(10,9) (11,9) 77
(11,9) (10,9) 84
(11,9) (12,9) 67
(12,9) (11,9) 2
(12,9) (13,9) 14
(13,9) (12,9) 69
(13,9) (14,9) 65
(14,9) (13,9) 3
(14,9) (15,9) 16
(15,9) (14,9) 42
(15,9) (16,9) 37
(16,9) (15,9) 54
(16,9) (17,9) 31
(17,9) (16,9) 25
(17,9) (18,9) 6
(18,9) (17,9) 52
(18,9) (19,9) 60
(19,9) (18,9) 78
(19,9) (20,9) 7
(20,9) (19,9) 61
(1,10) (2,10) 66
(2,10) (1,10) 33
(2,10) (3,10) 27
(3,10) (2,10) 68
(3,10) (4,10) 83
(4,10) (3,10) 43
(4,10) (5,10) 82
(5,10) (4,10) 33
(5,10) (6,10) 37
(6,10) (5,10) 58
(6,10) (7,10) 54
(7,10) (6,10) 17
(7,10) (8,10) 43
(8,10) (7,10) 9
(8,10) (9,10) 73
(9,10) (8,10) 77
(9,10) (10,10) 21
(10,10) (9,10) 14
(10,10) (11,10) 44
(11,10) (10,10) 50
(11,10) (12,10) 89
(12,10) (11,10) 22
(12,10) (13,10) 32
(13,10) (12,10) 33
(13,10) (14,10) 47
(14,10) (13,10) 55
(14,10) (15,10) 22
(15,10) (14,10) 57
(15,10) (16,10) 71
(16,10) (15,10) 15
(16,10) (17,10) 69
(17,10) (16,10) 60
(17,10) (18,10) 16
(18,10) (17,10) 11
(18,10) (19,10) 80
(19,10) (18,10) 3
(19,10) (20,10) 83
(20,10) (19,10) 52
(1,11) (2,11) 18
(2,11) (1,11) 43
(2,11) (3,11) 50
(3,11) (2,11) 29
(3,11) (4,11) 54
(4,11) (3,11) 43
(4,11) (5,11) 29
(5,11) (4,11) 78
(5,11) (6,11) 57
(6,11) (5,11) 29
(6,11) (7,11) 9
(7,11) (6,11) 44
(7,11) (8,11) 22
(8,11) (7,11) 10
(8,11) (9,11) 52
(9,11) (8,11) 17
(9,11) (10,11) 64
(10,11) (9,11) 7
(10,11) (11,11) 28
(11,11) (10,11) 16
(11,11) (12,11) 12
(12,11) (11,11) 79
(12,11) (13,11) 71
(13,11) (12,11) 62
(13,11) (14,11) 84
(14,11) (13,11) 51
(14,11) (15,11) 85
(15,11) (14,11) 35
(15,11) (16,11) 52
(16,11) (15,11) 55
(16,11) (17,11) 19
(17,11) (16,11) 57
(17,11) (18,11) 38
(18,11) (17,11) 62
(18,11) (19,11) 19
(19,11) (18,11) 42
(19,11) (20,11) 87
(20,11) (19,11) 62
(1,12) (2,12) 25
(2,12) (1,12) 90
(2,12) (3,12) 27
(3,12) (2,12) 68
(3,12) (4,12) 32
(4,12) (3,12) 87
(4,12) (5,12) 30
(5,12) (4,12) 29
(5,12) (6,12) 37
(6,12) (5,12) 87
(6,12) (7,12) 31
(7,12) (6,12) 10
(7,12) (8,12) 20
(8,12) (7,12) 17
(8,12) (9,12) 27
(9,12) (8,12) 89
(9,12) (10,12) 34
(10,12) (9,12) 23
(10,12) (11,12) 69
(11,12) (10,12) 89
(11,12) (12,12) 23
(12,12) (11,12) 9
(12,12) (13,12) 47
(13,12) (12,12) 45
(13,12) (14,12) 3
(14,12) (13,12) 89
(14,12) (15,12) 90
(15,12) (14,12) 51
(15,12) (16,12) 57
(16,12) (15,12) 80
(16,12) (17,12) 49
(17,12) (16,12) 70
(17,12) (18,12) 62
(18,12) (17,12) 49
(18,12) (19,12) 56
(19,12) (18,12) 71
(19,12) (20,12) 75
(20,12) (19,12) 46
(1,13) (2,13) 38
(2,13) (1,13) 78
(2,13) (3,13) 70
(3,13) (2,13) 48
(3,13) (4,13) 62
(4,13) (3,13) 3
(4,13) (5,13) 63
(5,13) (4,13) 20
(5,13) (6,13) 90
(6,13) (5,13) 87
(6,13) (7,13) 60
(7,13) (6,13) 65
(7,13) (8,13) 13
(8,13) (7,13) 38
(8,13) (9,13) 47
(9,13) (8,13) 58
(9,13) (10,13) 16
(10,13) (9,13) 25
(10,13) (11,13) 53
(11,13) (10,13) 3
(11,13) (12,13) 48
(12,13) (11,13) 47
(12,13) (13,13) 9
(13,13) (12,13) 34
(13,13) (14,13) 30
(14,13) (13,13) 91
(14,13) (15,13) 72
(15,13) (14,13) 60
(15,13) (16,13) 23
(16,13) (15,13) 52
(16,13) (17,13) 18
(17,13) (16,13) 74
(17,13) (18,13) 56
(18,13) (17,13) 63
(18,13) (19,13) 90
(19,13) (18,13) 52
(19,13) (20,13) 6
(20,13) (19,13) 45
(1,13) t 25
(2,13) t 19
(3,13) t 40
(4,13) t 35
(5,13) t 48
(6,13) t 20
(7,13) t 17
(8,13) t 15
(9,13) t 77
(10,13) t 6
(11,13) t 52
(12,13) t 82
(13,13) t 37
(14,13) t 21
(15,13) t 20
(16,13) t 54
(17,13) t 69
(18,13) t 11
(19,13) t 64
(20,13) t 43
