s (1,1) 7
s (2,1) 39
s (3,1) 8
s (4,1) 6
s (5,1) 71
s (6,1) 22
s (7,1) 33
s (8,1) 9
s (9,1) 69
s (10,1) 60
s (11,1) 21
s (12,1) 46
(1,1) (1,2) 62
(1,2) (1,3) 10
(1,3) (1,4) 47
(1,4) (1,5) 64
(1,5) (1,6) 56
(1,6) (1,7) 62
(1,7) (1,8) 71
(1,8) (1,9) 41
(1,9) (1,10) 50
(1,10) (1,11) 11
(1,11) (1,12) 31
(1,12) (1,13) 56
(1,13) (1,14) 67
(1,14) (1,15) 53
(1,15) (1,16) 11
(1,16) (1,17) 44
(1,17) (1,18) 64
(2,1) (2,2) 71
(2,2) (2,3) 22
(2,3) (2,4) 50
(2,4) (2,5) 68
(2,5) (2,6) 46
(2,6) (2,7) 57
(2,7) (2,8) 13
(2,8) (2,9) 25
(2,9) (2,10) 11
(2,10) (2,11) 24
(2,11) (2,12) 68
(2,12) (2,13) 64
(2,13) (2,14) 70
(2,14) (2,15) 43
(2,15) (2,16) 29
(2,16) (2,17) 41
(2,17) (2,18) 20
(3,1) (3,2) 65
(3,2) (3,3) 10
(3,3) (3,4) 9
(3,4) (3,5) 66
(3,5) (3,6) 55
(3,6) (3,7) 13
(3,7) (3,8) 48
(3,8) (3,9) 44
(3,9) (3,10) 62
(3,10) (3,11) 32
(3,11) (3,12) 38
(3,12) (3,13) 70
(3,13) (3,14) 32
(3,14) (3,15) 31
(3,15) (3,16) 51
(3,16) (3,17) 54
(3,17) (3,18) 62
(4,1) (4,2) 67
(4,2) (4,3) 19
(4,3) (4,4) 32
(4,4) (4,5) 27
(4,5) (4,6) 13
(4,6) (4,7) 21
(4,7) (4,8) 70
(4,8) (4,9) 25
(4,9) (4,10) 27
(4,10) (4,11) 17
(4,11) (4,12) 29
(4,12) (4,13) 14
(4,13) (4,14) 39
(4,14) (4,15) 40
(4,15) (4,16) 66
(4,16) (4,17) 59
(4,17) (4,18) 56
(5,1) (5,2) 27
(5,2) (5,3) 70
(5,3) (5,4) 41
(5,4) (5,5) 53
(5,5) (5,6) 36
(5,6) (5,7) 7
(5,7) (5,8) 30
(5,8) (5,9) 20
(5,9) (5,10) 67
(5,10) (5,11) 34
(5,11) (5,12) 6
(5,12) (5,13) 5
(5,13) (5,14) 21
(5,14) (5,15) 67
(5,15) (5,16) 71
(5,16) (5,17) 20
(5,17) (5,18) 5
(6,1) (6,2) 27
(6,2) (6,3) 57
(6,3) (6,4) 33
(6,4) (6,5) 35
(6,5) (6,6) 42
(6,6) (6,7) 12
(6,7) (6,8) 65
(6,8) (6,9) 71
(6,9) (6,10) 48
(6,10) (6,11) 37
(6,11) (6,12) 69
(6,12) (6,13) 53
(6,13) (6,14) 24
(6,14) (6,15) 66
(6,15) (6,16) 13
(6,16) (6,17) 37
(6,17) (6,18) 71
(7,1) (7,2) 54
(7,2) (7,3) 52
(7,3) (7,4) 12
(7,4) (7,5) 69
(7,5) (7,6) 52
(7,6) (7,7) 7
(7,7) (7,8) 40
(7,8) (7,9) 46
(7,9) (7,10) 17
(7,10) (7,11) 7
(7,11) (7,12) 21
(7,12) (7,13) 56
(7,13) (7,14) 31
(7,14) (7,15) 6
(7,15) (7,16) 39
(7,16) (7,17) 13
(7,17) (7,18) 19
(8,1) (8,2) 63
(8,2) (8,3) 30
(8,3) (8,4) 34
(8,4) (8,5) 22
(8,5) (8,6) 21
(8,6) (8,7) 61
(8,7) (8,8) 21
(8,8) (8,9) 31
(8,9) (8,10) 44
(8,10) (8,11) 60
(8,11) (8,12) 35
(8,12) (8,13) 20
(8,13) (8,14) 60
(8,14) (8,15) 25
(8,15) (8,16) 31
(8,16) (8,17) 57
(8,17) (8,18) 5
(9,1) (9,2) 32
(9,2) (9,3) 30
(9,3) (9,4) 50
(9,4) (9,5) 5
(9,5) (9,6) 23
(9,6) (9,7) 41
(9,7) (9,8) 24
(9,8) (9,9) 15
(9,9) (9,10) 61
(9,10) (9,11) 50
(9,11) (9,12) 24
(9,12) (9,13) 28
(9,13) (9,14) 14
(9,14) (9,15) 9
(9,15) (9,16) 47
(9,16) (9,17) 7
(9,17) (9,18) 20
(10,1) (10,2) 30
(10,2) (10,3) 71
(10,3) (10,4) 22
(10,4) (10,5) 19
(10,5) (10,6) 67
(10,6) (10,7) 59
(10,7) (10,8) 49
(10,8) (10,9) 26
(10,9) (10,10) 68
(10,10) (10,11) 38
(10,11) (10,12) 68
(10,12) (10,13) 60
(10,13) (10,14) 60
(10,14) (10,15) 19
(10,15) (10,16) 30
(10,16) (10,17) 26
(10,17) (10,18) 50
(11,1) (11,2) 8
(11,2) (11,3) 69
(11,3) (11,4) 65
(11,4) (11,5) 29
(11,5) (11,6) 30
(11,6) (11,7) 20
(11,7) (11,8) 15
(11,8) (11,9) 29
(11,9) (11,10) 38
(11,10) (11,11) 59
(11,11) (11,12) 12
(11,12) (11,13) 53
(11,13) (11,14) 31
(11,14) (11,15) 46
(11,15) (11,16) 29
(11,16) (11,17) 56
(11,17) (11,18) 48
(12,1) (12,2) 17
(12,2) (12,3) 24
(12,3) (12,4) 55
(12,4) (12,5) 21
(12,5) (12,6) 14
(12,6) (12,7) 30
(12,7) (12,8) 44
(12,8) (12,9) 51
(12,9) (12,10) 26
(12,10) (12,11) 48
(12,11) (12,12) 44
(12,12) (12,13) 48
(12,13) (12,14) 9
(12,14) (12,15) 69
(12,15) (12,16) 60
(12,16) (12,17) 67
(12,17) (12,18) 30
(1,1) (2,1) 6
(2,1) (1,1) 10
(2,1) (3,1) 9
(3,1) (2,1) 70
(3,1) (4,1) 64
(4,1) (3,1) 58
(4,1) (5,1) 68
(5,1) (4,1) 35
(5,1) (6,1) 64
(6,1) (5,1) 37
(6,1) (7,1) 18
(7,1) (6,1) 24
(7,1) (8,1) 41
(8,1) (7,1) 39
(8,1) (9,1) 29
(9,1) (8,1) 10
(9,1) (10,1) 38
(10,1) (9,1) 60
(10,1) (11,1) 51
(11,1) (10,1) 48
(11,1) (12,1) 54
(12,1) (11,1) 63
(1,2) (2,2) 41
(2,2) (1,2) 23
(2,2) (3,2) 49
(3,2) (2,2) 68
(3,2) (4,2) 69
(4,2) (3,2) 50
(4,2) (5,2) 62
(5,2) (4,2) 53
(5,2) (6,2) 9
(6,2) (5,2) 31
(6,2) (7,2) 57
(7,2) (6,2) 13
(7,2) (8,2) 49
(8,2) (7,2) 58
(8,2) (9,2) 29
(9,2) (8,2) 50
(9,2) (10,2) 10
(10,2) (9,2) 21
(10,2) (11,2) 40
(11,2) (10,2) 35
(11,2) (12,2) 17
(12,2) (11,2) 22
(1,3) (2,3) 36
(2,3) (1,3) 37
(2,3) (3,3) 28
(3,3) (2,3) 24
(3,3) (4,3) 41
(4,3) (3,3) 11
(4,3) (5,3) 36
(5,3) (4,3) 8
(5,3) (6,3) 22
(6,3) (5,3) 40
(6,3) (7,3) 21
(7,3) (6,3) 29
(7,3) (8,3) 64
(8,3) (7,3) 27
(8,3) (9,3) 30
(9,3) (8,3) 51
(9,3) (10,3) 52
(10,3) (9,3) 56
(10,3) (11,3) 27
(11,3) (10,3) 59
(11,3) (12,3) 18
(12,3) (11,3) 36
(1,4) (2,4) 48
(2,4) (1,4) 43
(2,4) (3,4) 70
(3,4) (2,4) 69
(3,4) (4,4) 28
(4,4) (3,4) 68
(4,4) (5,4) 12
(5,4) (4,4) 57
(5,4) (6,4) 70
(6,4) (5,4) 20
(6,4) (7,4) 34
(7,4) (6,4) 35
(7,4) (8,4) 58
(8,4) (7,4) 16
(8,4) (9,4) 12
(9,4) (8,4) 57
(9,4) (10,4) 50
(10,4) (9,4) 18
(10,4) (11,4) 33
(11,4) (10,4) 13
(11,4) (12,4) 67
(12,4) (11,4) 51
(1,5) (2,5) 14
(2,5) (1,5) 36
(2,5) (3,5) 34
(3,5) (2,5) 19
(3,5) (4,5) 56
(4,5) (3,5) 68
(4,5) (5,5) 49
(5,5) (4,5) 59
(5,5) (6,5) 10
(6,5) (5,5) 69
(6,5) (7,5) 64
(7,5) (6,5) 13
(7,5) (8,5) 29
(8,5) (7,5) 38
(8,5) (9,5) 34
(9,5) (8,5) 17
(9,5) (10,5) 45
(10,5) (9,5) 45
(10,5) (11,5) 65
(11,5) (10,5) 34
(11,5) (12,5) 20
(12,5) (11,5) 39
(1,6) (2,6) 22
(2,6) (1,6) 40
(2,6) (3,6) 55
(3,6) (2,6) 18
(3,6) (4,6) 32
(4,6) (3,6) 64
(4,6) (5,6) 26
(5,6) (4,6) 53
(5,6) (6,6) 36
(6,6) (5,6) 50
(6,6) (7,6) 54
(7,6) (6,6) 54
(7,6) (8,6) 18
(8,6) (7,6) 60
(8,6) (9,6) 14
(9,6) (8,6) 45
(9,6) (10,6) 10
(10,6) (9,6) 64
(10,6) (11,6) 54
(11,6) (10,6) 46
(11,6) (12,6) 65
(12,6) (11,6) 7
(1,7) (2,7) 70
(2,7) (1,7) 68
(2,7) (3,7) 60
(3,7) (2,7) 37
(3,7) (4,7) 46
(4,7) (3,7) 68
(4,7) (5,7) 33
(5,7) (4,7) 64
(5,7) (6,7) 48
(6,7) (5,7) 52
(6,7) (7,7) 32
(7,7) (6,7) 10
(7,7) (8,7) 35
(8,7) (7,7) 20
(8,7) (9,7) 32
(9,7) (8,7) 69
(9,7) (10,7) 57
(10,7) (9,7) 61
(10,7) (11,7) 29
(11,7) (10,7) 62
(11,7) (12,7) 40
(12,7) (11,7) 50
(1,8) (2,8) 55
(2,8) (1,8) 5
(2,8) (3,8) 40
(3,8) (2,8) 70
(3,8) (4,8) 42
(4,8) (3,8) 34
(4,8) (5,8) 28
(5,8) (4,8) 19
(5,8) (6,8) 41
(6,8) (5,8) 14
(6,8) (7,8) 67
(7,8) (6,8) 17
(7,8) (8,8) 52
(8,8) (7,8) 52
(8,8) (9,8) 68
(9,8) (8,8) 13
(9,8) (10,8) 54
(10,8) (9,8) 49
(10,8) (11,8) 15
(11,8) (10,8) 18
(11,8) (12,8) 49
(12,8) (11,8) 46
(1,9) (2,9) 39
(2,9) (1,9) 6
(2,9) (3,9) 46
(3,9) (2,9) 48
(3,9) (4,9) 51
(4,9) (3,9) 22
(4,9) (5,9) 30
(5,9) (4,9) 36
(5,9) (6,9) 10
(6,9) (5,9) 48
(6,9) (7,9) 29
(7,9) (6,9) 27
(7,9) (8,9) 58
(8,9) (7,9) 60
(8,9) (9,9) 21
(9,9) (8,9) 41
(9,9) (10,9) 8
(10,9) (9,9) 59
(10,9) (11,9) 10
(11,9) (10,9) 50
(11,9) (12,9) 6
(12,9) (11,9) 56
(1,10) (2,10) 58
(2,10) (1,10) 39
(2,10) (3,10) 69
(3,10) (2,10) 24
(3,10) (4,10) 26
(4,10) (3,10) 28
(4,10) (5,10) 13
(5,10) (4,10) 53
(5,10) (6,10) 9
(6,10) (5,10) 71
(6,10) (7,10) 45
(7,10) (6,10) 28
(7,10) (8,10) 36
(8,10) (7,10) 50
(8,10) (9,10) 28
(9,10) (8,10) 56
(9,10) (10,10) 56
(10,10) (9,10) 35
(10,10) (11,10) 62
(11,10) (10,10) 16
(11,10) (12,10) 35
(12,10) (11,10) 21
(1,11) (2,11) 35
(2,11) (1,11) 69
(2,11) (3,11) 14
(3,11) (2,11) 65
(3,11) (4,11) 60
(4,11) (3,11) 11
(4,11) (5,11) 49
(5,11) (4,11) 6
(5,11) (6,11) 13
(6,11) (5,11) 17
(6,11) (7,11) 32
(7,11) (6,11) 61
(7,11) (8,11) 27
(8,11) (7,11) 15
(8,11) (9,11) 56
(9,11) (8,11) 36
(9,11) (10,11) 17
(10,11) (9,11) 63
(10,11) (11,11) 21
(11,11) (10,11) 68
(11,11) (12,11) 59
(12,11) (11,11) 49
(1,12) (2,12) 47
(2,12) (1,12) 29
(2,12) (3,12) 34
(3,12) (2,12) 50
(3,12) (4,12) 43
(4,12) (3,12) 52
(4,12) (5,12) 43
(5,12) (4,12) 64
(5,12) (6,12) 58
(6,12) (5,12) 44
(6,12) (7,12) 47
(7,12) (6,12) 17
(7,12) (8,12) 12
(8,12) (7,12) 42
(8,12) (9,12) 70
(9,12) (8,12) 26
(9,12) (10,12) 43
(10,12) (9,12) 28
(10,12) (11,12) 33
(11,12) (10,12) 61
(11,12) (12,12) 35
(12,12) (11,12) 24
(1,13) (2,13) 56
(2,13) (1,13) 7
(2,13) (3,13) 13
(3,13) (2,13) 49
(3,13) (4,13) 50
(4,13) (3,13) 15
(4,13) (5,13) 59
(5,13) (4,13) 9
(5,13) (6,13) 67
(6,13) (5,13) 23
(6,13) (7,13) 60
(7,13) (6,13) 46
(7,13) (8,13) 33
(8,13) (7,13) 28
(8,13) (9,13) 60
(9,13) (8,13) 59
(9,13) (10,13) 68
(10,13) (9,13) 68
(10,13) (11,13) 28
(11,13) (10,13) 27
(11,13) (12,13) 64
(12,13) (11,13) 50
(1,14) (2,14) 40
(2,14) (1,14) 64
(2,14) (3,14) 34
(3,14) (2,14) 20
(3,14) (4,14) 56
(4,14) (3,14) 24
(4,14) (5,14) 55
(5,14) (4,14) 28
(5,14) (6,14) 30
(6,14) (5,14) 50
(6,14) (7,14) 70
(7,14) (6,14) 16
(7,14) (8,14) 24
(8,14) (7,14) 31
(8,14) (9,14) 15
(9,14) (8,14) 67
(9,14) (10,14) 43
(10,14) (9,14) 44
(10,14) (11,14) 59
(11,14) (10,14) 46
(11,14) (12,14) 8
(12,14) (11,14) 35
(1,15) (2,15) 71
(2,15) (1,15) 63
(2,15) (3,15) 59
(3,15) (2,15) 15
(3,15) (4,15) 37
(4,15) (3,15) 23
(4,15) (5,15) 15
(5,15) (4,15) 54
(5,15) (6,15) 23
(6,15) (5,15) 68
(6,15) (7,15) 57
(7,15) (6,15) 14
(7,15) (8,15) 55
(8,15) (7,15) 54
(8,15) (9,15) 53
(9,15) (8,15) 11
(9,15) (10,15) 16
(10,15) (9,15) 12
(10,15) (11,15) 15
(11,15) (10,15) 24
(11,15) (12,15) 63
(12,15) (11,15) 37
(1,16) (2,16) 61
(2,16) (1,16) 20
(2,16) (3,16) 70
(3,16) (2,16) 58
(3,16) (4,16) 66
(4,16) (3,16) 20
(4,16) (5,16) 39
(5,16) (4,16) 49
(5,16) (6,16) 13
(6,16) (5,16) 34
(6,16) (7,16) 10
(7,16) (6,16) 53
(7,16) (8,16) 63
(8,16) (7,16) 58
(8,16) (9,16) 17
(9,16) (8,16) 50
(9,16) (10,16) 51
(10,16) (9,16) 58
(10,16) (11,16) 38
(11,16) (10,16) 63
(11,16) (12,16) 63
(12,16) (11,16) 65
(1,17) (2,17) 21
(2,17) (1,17) 71
(2,17) (3,17) 13
(3,17) (2,17) 42
(3,17) (4,17) 59
(4,17) (3,17) 42
(4,17) (5,17) 62
(5,17) (4,17) 16
(5,17) (6,17) 70
(6,17) (5,17) 69
(6,17) (7,17) 39
(7,17) (6,17) 9
(7,17) (8,17) 54
(8,17) (7,17) 23
(8,17) (9,17) 17
(9,17) (8,17) 67
(9,17) (10,17) 16
(10,17) (9,17) 15
(10,17) (11,17) 29
(11,17) (10,17) 18
(11,17) (12,17) 46
(12,17) (11,17) 8
(1,18) (2,18) 20
(2,18) (1,18) 43
(2,18) (3,18) 70
(3,18) (2,18) 6
(3,18) (4,18) 65
(4,18) (3,18) 42
(4,18) (5,18) 63
(5,18) (4,18) 65
(5,18) (6,18) 33
(6,18) (5,18) 27
(6,18) (7,18) 61
(7,18) (6,18) 31
(7,18) (8,18) 45
(8,18) (7,18) 33
(8,18) (9,18) 50
(9,18) (8,18) 23
(9,18) (10,18) 6
(10,18) (9,18) 70
(10,18) (11,18) 69
(11,18) (10,18) 54
(11,18) (12,18) 9
(12,18) (11,18) 64
(1,18) t 53
(2,18) t 65
(3,18) t 17
(4,18) t 62
(5,18) t 19
(6,18) t 51
(7,18) t 24
(8,18) t 51
(9,18) t 70
(10,18) t 63
(11,18) t 49
(12,18) t 58
