s (1,1) 33
s (2,1) 23
s (3,1) 46
s (4,1) 18
s (5,1) 63
s (6,1) 24
s (7,1) 25
s (8,1) 21
s (9,1) 52
s (10,1) 64
s (11,1) 50
s (12,1) 11
s (13,1) 53
s (14,1) 41
(1,1) (1,2) 89
(1,2) (1,3) 68
(1,3) (1,4) 69
(2,1) (2,2) 60
(2,2) (2,3) 57
(2,3) (2,4) 73
(3,1) (3,2) 44
(3,2) (3,3) 52
(3,3) (3,4) 79
(4,1) (4,2) 34
(4,2) (4,3) 30
(4,3) (4,4) 16
(5,1) (5,2) 60
(5,2) (5,3) 82
(5,3) (5,4) 65
(6,1) (6,2) 26
(6,2) (6,3) 50
(6,3) (6,4) 27
(7,1) (7,2) 36
(7,2) (7,3) 24
(7,3) (7,4) 86
(8,1) (8,2) 39
(8,2) (8,3) 81
(8,3) (8,4) 67
(9,1) (9,2) 80
(9,2) (9,3) 12
(9,3) (9,4) 22
(10,1) (10,2) 26
(10,2) (10,3) 38
(10,3) (10,4) 63
(11,1) (11,2) 43
(11,2) (11,3) 19
(11,3) (11,4) 52
(12,1) (12,2) 39
(12,2) (12,3) 46
(12,3) (12,4) 82
(13,1) (13,2) 48
(13,2) (13,3) 77
(13,3) (13,4) 75
(14,1) (14,2) 58
(14,2) (14,3) 12
(14,3) (14,4) 22
(1,1) (2,1) 56
(2,1) (1,1) 52
(2,1) (3,1) 17
(3,1) (2,1) 82
(3,1) (4,1) 24
(4,1) (3,1) 11
(4,1) (5,1) 22
(5,1) (4,1) 22
(5,1) (6,1) 35
(6,1) (5,1) 52
(6,1) (7,1) 75
(7,1) (6,1) 25
(7,1) (8,1) 19
(8,1) (7,1) 53
(8,1) (9,1) 78
(9,1) (8,1) 72
(9,1) (10,1) 8
(10,1) (9,1) 70
(10,1) (11,1) 63
(11,1) (10,1) 78
(11,1) (12,1) 42
(12,1) (11,1) 18
(12,1) (13,1) 65
(13,1) (12,1) 58
(13,1) (14,1) 8
(14,1) (13,1) 77
(1,2) (2,2) 89
(2,2) (1,2) 82
(2,2) (3,2) 24
(3,2) (2,2) 65
(3,2) (4,2) 52
(4,2) (3,2) 74
(4,2) (5,2) 59
(5,2) (4,2) 72
(5,2) (6,2) 78
(6,2) (5,2) 51
(6,2) (7,2) 31
(7,2) (6,2) 15
(7,2) (8,2) 63
(8,2) (7,2) 43
(8,2) (9,2) 37
(9,2) (8,2) 22
(9,2) (10,2) 64
(10,2) (9,2) 61
(10,2) (11,2) 13
(11,2) (10,2) 73
(11,2) (12,2) 8
(12,2) (11,2) 90
(12,2) (13,2) 61
(13,2) (12,2) 21
(13,2) (14,2) 71
(14,2) (13,2) 35
(1,3) (2,3) 37
(2,3) (1,3) 14
(2,3) (3,3) 33
(3,3) (2,3) 69
(3,3) (4,3) 52
(4,3) (3,3) 36
(4,3) (5,3) 28
(5,3) (4,3) 12
(5,3) (6,3) 53
(6,3) (5,3) 32
(6,3) (7,3) 17
(7,3) (6,3) 69
(7,3) (8,3) 24
(8,3) (7,3) 53
(8,3) (9,3) 83
(9,3) (8,3) 42
(9,3) (10,3) 17
(10,3) (9,3) 22
(10,3) (11,3) 52
(11,3) (10,3) 29
(11,3) (12,3) 85
(12,3) (11,3) 82
(12,3) (13,3) 14
(13,3) (12,3) 32
(13,3) (14,3) 86
(14,3) (13,3) 39
(1,4) (2,4) 38
(2,4) (1,4) 83
(2,4) (3,4) 75
(3,4) (2,4) 75
(3,4) (4,4) 68
(4,4) (3,4) 23
(4,4) (5,4) 38
(5,4) (4,4) 60
(5,4) (6,4) 58
(6,4) (5,4) 50
(6,4) (7,4) 64
(7,4) (6,4) 22
(7,4) (8,4) 27
(8,4) (7,4) 9
(8,4) (9,4) 90
(9,4) (8,4) 76
(9,4) (10,4) 8
(10,4) (9,4) 78
(10,4) (11,4) 25
(11,4) (10,4) 82
(11,4) (12,4) 28
(12,4) (11,4) 33
(12,4) (13,4) 33
(13,4) (12,4) 16
(13,4) (14,4) 59
(14,4) (13,4) 19
(1,4) t 53
(2,4) t 81
(3,4) t 39
(4,4) t 58
(5,4) t 60
(6,4) t 69
(7,4) t 14
(8,4) t 54
(9,4) t 14
(10,4) t 29
(11,4) t 46
(12,4) t 60
(13,4) t 9
(14,4) t 65
