s (1,1) 38
s (2,1) 54
s (3,1) 24
s (4,1) 59
s (5,1) 17
s (6,1) 86
s (7,1) 15
s (8,1) 86
(1,1) (1,2) 62
(1,2) (1,3) 55
(1,3) (1,4) 38
(1,4) (1,5) 21
(1,5) (1,6) 82
(1,6) (1,7) 24
(1,7) (1,8) 74
(1,8) (1,9) 11
(1,9) (1,10) 19
(1,10) (1,11) 76
(1,11) (1,12) 78
(1,12) (1,13) 51
(1,13) (1,14) 18
(1,14) (1,15) 35
(2,1) (2,2) 53
(2,2) (2,3) 25
(2,3) (2,4) 49
(2,4) (2,5) 7
(2,5) (2,6) 4
(2,6) (2,7) 79
(2,7) (2,8) 72
(2,8) (2,9) 26
(2,9) (2,10) 53
(2,10) (2,11) 46
(2,11) (2,12) 18
(2,12) (2,13) 44
(2,13) (2,14) 83
(2,14) (2,15) 13
(3,1) (3,2) 14
(3,2) (3,3) 35
(3,3) (3,4) 34
(3,4) (3,5) 57
(3,5) (3,6) 19
(3,6) (3,7) 43
(3,7) (3,8) 63
(3,8) (3,9) 54
(3,9) (3,10) 84
(3,10) (3,11) 41
(3,11) (3,12) 88
(3,12) (3,13) 21
(3,13) (3,14) 61
(3,14) (3,15) 75
(4,1) (4,2) 8
(4,2) (4,3) 24
(4,3) (4,4) 31
(4,4) (4,5) 64
(4,5) (4,6) 58
(4,6) (4,7) 69
(4,7) (4,8) 39
(4,8) (4,9) 58
(4,9) (4,10) 13
(4,10) (4,11) 7
(4,11) (4,12) 33
(4,12) (4,13) 5
(4,13) (4,14) 62
(4,14) (4,15) 74
(5,1) (5,2) 84
(5,2) (5,3) 80
(5,3) (5,4) 6
(5,4) (5,5) 4
(5,5) (5,6) 77
(5,6) (5,7) 6
(5,7) (5,8) 71
(5,8) (5,9) 8
(5,9) (5,10) 88
(5,10) (5,11) 71
(5,11) (5,12) 58
(5,12) (5,13) 22
(5,13) (5,14) 30
(5,14) (5,15) 65
(6,1) (6,2) 49
(6,2) (6,3) 89
(6,3) (6,4) 13
(6,4) (6,5) 38
(6,5) (6,6) 28
(6,6) (6,7) 3
(6,7) (6,8) 29
(6,8) (6,9) 10
(6,9) (6,10) 71
(6,10) (6,11) 62
(6,11) (6,12) 82
(6,12) (6,13) 8
(6,13) (6,14) 38
(6,14) (6,15) 14
(7,1) (7,2) 85
(7,2) (7,3) 78
(7,3) (7,4) 5
(7,4) (7,5) 12
(7,5) (7,6) 11
(7,6) (7,7) 19
(7,7) (7,8) 26
(7,8) (7,9) 11
(7,9) (7,10) 48
(7,10) (7,11) 55
(7,11) (7,12) 40
(7,12) (7,13) 62
(7,13) (7,14) 14
(7,14) (7,15) 53
(8,1) (8,2) 11
(8,2) (8,3) 68
(8,3) (8,4) 8
(8,4) (8,5) 28
(8,5) (8,6) 76
(8,6) (8,7) 43
(8,7) (8,8) 70
(8,8) (8,9) 35
(8,9) (8,10) 16
(8,10) (8,11) 74
(8,11) (8,12) 50
(8,12) (8,13) 34
(8,13) (8,14) 76
(8,14) (8,15) 70
(1,1) (2,1) 45
(2,1) (1,1) 68
(2,1) (3,1) 58
(3,1) (2,1) 45
(3,1) (4,1) 19
(4,1) (3,1) 42
(4,1) (5,1) 85
(5,1) (4,1) 68
(5,1) (6,1) 34
(6,1) (5,1) 70
(6,1) (7,1) 25
(7,1) (6,1) 54
(7,1) (8,1) 36
(8,1) (7,1) 40
(1,2) (2,2) 50
(2,2) (1,2) 74
(2,2) (3,2) 13
(3,2) (2,2) 73
(3,2) (4,2) 22
(4,2) (3,2) 38
(4,2) (5,2) 15
(5,2) (4,2) 65
(5,2) (6,2) 39
(6,2) (5,2) 88
(6,2) (7,2) 53
(7,2) (6,2) 69
(7,2) (8,2) 65
(8,2) (7,2) 66
(1,3) (2,3) 19
(2,3) (1,3) 63
(2,3) (3,3) 17
(3,3) (2,3) 65
(3,3) (4,3) 23
(4,3) (3,3) 57
(4,3) (5,3) 22
(5,3) (4,3) 71
(5,3) (6,3) 89
(6,3) (5,3) 76
(6,3) (7,3) 70
(7,3) (6,3) 62
(7,3) (8,3) 69
(8,3) (7,3) 5
(1,4) (2,4) 89
(2,4) (1,4) 73
(2,4) (3,4) 32
(3,4) (2,4) 62
(3,4) (4,4) 88
(4,4) (3,4) 53
(4,4) (5,4) 77
(5,4) (4,4) 10
(5,4) (6,4) 77
(6,4) (5,4) 19
(6,4) (7,4) 50
(7,4) (6,4) 75
(7,4) (8,4) 56
(8,4) (7,4) 42
(1,5) (2,5) 82
(2,5) (1,5) 32
(2,5) (3,5) 53
(3,5) (2,5) 69
(3,5) (4,5) 47
(4,5) (3,5) 84
(4,5) (5,5) 79
(5,5) (4,5) 5
(5,5) (6,5) 80
(6,5) (5,5) 31
(6,5) (7,5) 64
(7,5) (6,5) 13
(7,5) (8,5) 7
(8,5) (7,5) 81
(1,6) (2,6) 75
(2,6) (1,6) 84
(2,6) (3,6) 51
(3,6) (2,6) 38
(3,6) (4,6) 42
(4,6) (3,6) 60
(4,6) (5,6) 42
(5,6) (4,6) 71
(5,6) (6,6) 15
(6,6) (5,6) 53
(6,6) (7,6) 15
(7,6) (6,6) 65
(7,6) (8,6) 47
(8,6) (7,6) 17
(1,7) (2,7) 87
(2,7) (1,7) 46
(2,7) (3,7) 20
(3,7) (2,7) 87
(3,7) (4,7) 14
(4,7) (3,7) 28
(4,7) (5,7) 66
(5,7) (4,7) 31
(5,7) (6,7) 53
(6,7) (5,7) 5
(6,7) (7,7) 76
(7,7) (6,7) 33
(7,7) (8,7) 25
(8,7) (7,7) 57
(1,8) (2,8) 16
(2,8) (1,8) 53
(2,8) (3,8) 87
(3,8) (2,8) 52
(3,8) (4,8) 5
(4,8) (3,8) 21
(4,8) (5,8) 81
(5,8) (4,8) 45
(5,8) (6,8) 68
(6,8) (5,8) 64
(6,8) (7,8) 42
(7,8) (6,8) 8
(7,8) (8,8) 84
(8,8) (7,8) 24
(1,9) (2,9) 72
(2,9) (1,9) 78
(2,9) (3,9) 52
(3,9) (2,9) 31
(3,9) (4,9) 76
(4,9) (3,9) 52
(4,9) (5,9) 22
(5,9) (4,9) 80
(5,9) (6,9) 32
(6,9) (5,9) 50
(6,9) (7,9) 67
(7,9) (6,9) 7
(7,9) (8,9) 85
(8,9) (7,9) 58
(1,10) (2,10) 18
(2,10) (1,10) 50
(2,10) (3,10) 45
(3,10) (2,10) 7
(3,10) (4,10) 45
(4,10) (3,10) 63
(4,10) (5,10) 70
(5,10) (4,10) 60
(5,10) (6,10) 60
(6,10) (5,10) 30
(6,10) (7,10) 49
(7,10) (6,10) 89
(7,10) (8,10) 20
(8,10) (7,10) 89
(1,11) (2,11) 44
(2,11) (1,11) 56
(2,11) (3,11) 70
(3,11) (2,11) 53
(3,11) (4,11) 86
(4,11) (3,11) 72
(4,11) (5,11) 30
(5,11) (4,11) 58
(5,11) (6,11) 68
(6,11) (5,11) 66
(6,11) (7,11) 47
(7,11) (6,11) 73
(7,11) (8,11) 41
(8,11) (7,11) 34
(1,12) (2,12) 35
(2,12) (1,12) 48
(2,12) (3,12) 9
(3,12) (2,12) 81
(3,12) (4,12) 74
(4,12) (3,12) 32
(4,12) (5,12) 42
(5,12) (4,12) 3
(5,12) (6,12) 44
(6,12) (5,12) 35
(6,12) (7,12) 3
(7,12) (6,12) 3
(7,12) (8,12) 51
(8,12) (7,12) 73
(1,13) (2,13) 8
(2,13) (1,13) 78
(2,13) (3,13) 22
(3,13) (2,13) 58
(3,13) (4,13) 16
(4,13) (3,13) 52
(4,13) (5,13) 3
(5,13) (4,13) 25
(5,13) (6,13) 64
(6,13) (5,13) 28
(6,13) (7,13) 63
(7,13) (6,13) 76
(7,13) (8,13) 8
(8,13) (7,13) 8
(1,14) (2,14) 35
(2,14) (1,14) 80
(2,14) (3,14) 29
(3,14) (2,14) 51
(3,14) (4,14) 23
(4,14) (3,14) 10
(4,14) (5,14) 76
(5,14) (4,14) 45
(5,14) (6,14) 89
(6,14) (5,14) 65
(6,14) (7,14) 50
(7,14) (6,14) 88
(7,14) (8,14) 7
(8,14) (7,14) 20
(1,15) (2,15) 38
(2,15) (1,15) 88
(2,15) (3,15) 82
(3,15) (2,15) 79
(3,15) (4,15) 84
(4,15) (3,15) 80
(4,15) (5,15) 71
(5,15) (4,15) 44
(5,15) (6,15) 3
(6,15) (5,15) 59
(6,15) (7,15) 19
(7,15) (6,15) 52
(7,15) (8,15) 53
(8,15) (7,15) 44
(1,15) t 19
(2,15) t 57
(3,15) t 10
(4,15) t 82
(5,15) t 48
(6,15) t 9
(7,15) t 19
(8,15) t 33
