s (1,1) 26
s (2,1) 26
s (3,1) 51
s (4,1) 14
s (5,1) 30
s (6,1) 27
s (7,1) 32
s (8,1) 20
s (9,1) 12
s (10,1) 48
s (11,1) 48
s (12,1) 27
s (13,1) 37
s (14,1) 31
s (15,1) 42
s (16,1) 23
(1,1) (1,2) 33
(1,2) (1,3) 42
(1,3) (1,4) 52
(1,4) (1,5) 47
(1,5) (1,6) 40
(1,6) (1,7) 43
(1,7) (1,8) 22
(1,8) (1,9) 46
(1,9) (1,10) 14
(1,10) (1,11) 51
(1,11) (1,12) 14
(1,12) (1,13) 14
(1,13) (1,14) 13
(1,14) (1,15) 30
(1,15) (1,16) 17
(1,16) (1,17) 16
(2,1) (2,2) 49
(2,2) (2,3) 20
(2,3) (2,4) 12
(2,4) (2,5) 53
(2,5) (2,6) 27
(2,6) (2,7) 18
(2,7) (2,8) 49
(2,8) (2,9) 51
(2,9) (2,10) 20
(2,10) (2,11) 42
(2,11) (2,12) 19
(2,12) (2,13) 10
(2,13) (2,14) 41
(2,14) (2,15) 32
(2,15) (2,16) 27
(2,16) (2,17) 33
(3,1) (3,2) 31
(3,2) (3,3) 35
(3,3) (3,4) 15
(3,4) (3,5) 11
(3,5) (3,6) 10
(3,6) (3,7) 40
(3,7) (3,8) 42
(3,8) (3,9) 13
(3,9) (3,10) 14
(3,10) (3,11) 12
(3,11) (3,12) 35
(3,12) (3,13) 10
(3,13) (3,14) 46
(3,14) (3,15) 28
(3,15) (3,16) 28
(3,16) (3,17) 23
(4,1) (4,2) 16
(4,2) (4,3) 37
(4,3) (4,4) 51
(4,4) (4,5) 8
(4,5) (4,6) 10
(4,6) (4,7) 12
(4,7) (4,8) 26
(4,8) (4,9) 22
(4,9) (4,10) 53
(4,10) (4,11) 44
(4,11) (4,12) 38
(4,12) (4,13) 51
(4,13) (4,14) 50
(4,14) (4,15) 50
(4,15) (4,16) 32
(4,16) (4,17) 36
(5,1) (5,2) 52
(5,2) (5,3) 8
(5,3) (5,4) 51
(5,4) (5,5) 37
(5,5) (5,6) 23
(5,6) (5,7) 33
(5,7) (5,8) 39
(5,8) (5,9) 29
(5,9) (5,10) 51
(5,10) (5,11) 41
(5,11) (5,12) 9
(5,12) (5,13) 29
(5,13) (5,14) 33
(5,14) (5,15) 41
(5,15) (5,16) 15
(5,16) (5,17) 22
(6,1) (6,2) 24
(6,2) (6,3) 48
(6,3) (6,4) 26
(6,4) (6,5) 48
(6,5) (6,6) 22
(6,6) (6,7) 14
(6,7) (6,8) 44
(6,8) (6,9) 33
(6,9) (6,10) 32
(6,10) (6,11) 10
(6,11) (6,12) 34
(6,12) (6,13) 45
(6,13) (6,14) 37
(6,14) (6,15) 35
(6,15) (6,16) 21
(6,16) (6,17) 32
(7,1) (7,2) 37
(7,2) (7,3) 12
(7,3) (7,4) 39
(7,4) (7,5) 44
(7,5) (7,6) 50
(7,6) (7,7) 33
(7,7) (7,8) 15
(7,8) (7,9) 52
(7,9) (7,10) 38
(7,10) (7,11) 26
(7,11) (7,12) 48
(7,12) (7,13) 10
(7,13) (7,14) 41
(7,14) (7,15) 29
(7,15) (7,16) 53
(7,16) (7,17) 51
(8,1) (8,2) 35
(8,2) (8,3) 27
(8,3) (8,4) 24
(8,4) (8,5) 19
(8,5) (8,6) 17
(8,6) (8,7) 45
(8,7) (8,8) 42
(8,8) (8,9) 32
(8,9) (8,10) 46
(8,10) (8,11) 53
(8,11) (8,12) 21
(8,12) (8,13) 17
(8,13) (8,14) 10
(8,14) (8,15) 35
(8,15) (8,16) 38
(8,16) (8,17) 38
(9,1) (9,2) 47
(9,2) (9,3) 21
(9,3) (9,4) 18
(9,4) (9,5) 48
(9,5) (9,6) 37
(9,6) (9,7) 51
(9,7) (9,8) 11
(9,8) (9,9) 49
(9,9) (9,10) 13
(9,10) (9,11) 37
(9,11) (9,12) 36
(9,12) (9,13) 32
(9,13) (9,14) 13
(9,14) (9,15) 52
(9,15) (9,16) 31
(9,16) (9,17) 40
(10,1) (10,2) 37
(10,2) (10,3) 31
(10,3) (10,4) 29
(10,4) (10,5) 48
(10,5) (10,6) 12
(10,6) (10,7) 45
(10,7) (10,8) 17
(10,8) (10,9) 38
(10,9) (10,10) 25
(10,10) (10,11) 32
(10,11) (10,12) 48
(10,12) (10,13) 43
(10,13) (10,14) 44
(10,14) (10,15) 8
(10,15) (10,16) 31
(10,16) (10,17) 46
(11,1) (11,2) 52
(11,2) (11,3) 41
(11,3) (11,4) 21
(11,4) (11,5) 24
(11,5) (11,6) 37
(11,6) (11,7) 37
(11,7) (11,8) 18
(11,8) (11,9) 16
(11,9) (11,10) 50
(11,10) (11,11) 35
(11,11) (11,12) 36
(11,12) (11,13) 39
(11,13) (11,14) 50
(11,14) (11,15) 23
(11,15) (11,16) 26
(11,16) (11,17) 37
(12,1) (12,2) 50
(12,2) (12,3) 50
(12,3) (12,4) 10
(12,4) (12,5) 53
(12,5) (12,6) 24
(12,6) (12,7) 49
(12,7) (12,8) 34
(12,8) (12,9) 43
(12,9) (12,10) 23
(12,10) (12,11) 26
(12,11) (12,12) 30
(12,12) (12,13) 11
(12,13) (12,14) 14
(12,14) (12,15) 31
(12,15) (12,16) 34
(12,16) (12,17) 49
(13,1) (13,2) 16
(13,2) (13,3) 15
(13,3) (13,4) 13
(13,4) (13,5) 31
(13,5) (13,6) 44
(13,6) (13,7) 49
(13,7) (13,8) 42
(13,8) (13,9) 22
(13,9) (13,10) 50
(13,10) (13,11) 34
(13,11) (13,12) 47
(13,12) (13,13) 29
(13,13) (13,14) 12
(13,14) (13,15) 14
(13,15) (13,16) 46
(13,16) (13,17) 10
(14,1) (14,2) 30
(14,2) (14,3) 35
(14,3) (14,4) 39
(14,4) (14,5) 12
(14,5) (14,6) 39
(14,6) (14,7) 45
(14,7) (14,8) 44
(14,8) (14,9) 23
(14,9) (14,10) 30
(14,10) (14,11) 52
(14,11) (14,12) 28
(14,12) (14,13) 28
(14,13) (14,14) 8
(14,14) (14,15) 28
(14,15) (14,16) 53
(14,16) (14,17) 17
(15,1) (15,2) 26
(15,2) (15,3) 8
(15,3) (15,4) 44
(15,4) (15,5) 12
(15,5) (15,6) 18
(15,6) (15,7) 49
(15,7) (15,8) 40
(15,8) (15,9) 49
(15,9) (15,10) 46
(15,10) (15,11) 42
(15,11) (15,12) 22
(15,12) (15,13) 28
(15,13) (15,14) 52
(15,14) (15,15) 49
(15,15) (15,16) 48
(15,16) (15,17) 50
(16,1) (16,2) 53
(16,2) (16,3) 14
(16,3) (16,4) 37
(16,4) (16,5) 30
(16,5) (16,6) 26
(16,6) (16,7) 11
(16,7) (16,8) 29
(16,8) (16,9) 18
(16,9) (16,10) 17
(16,10) (16,11) 27
(16,11) (16,12) 35
(16,12) (16,13) 38
(16,13) (16,14) 38
(16,14) (16,15) 16
(16,15) (16,16) 8
(16,16) (16,17) 36
(1,1) (2,1) 9
(2,1) (1,1) 29
(2,1) (3,1) 48
(3,1) (2,1) 32
(3,1) (4,1) 52
(4,1) (3,1) 16
(4,1) (5,1) 46
(5,1) (4,1) 43
(5,1) (6,1) 14
(6,1) (5,1) 37
(6,1) (7,1) 18
(7,1) (6,1) 32
(7,1) (8,1) 16
(8,1) (7,1) 35
(8,1) (9,1) 49
(9,1) (8,1) 36
(9,1) (10,1) 14
(10,1) (9,1) 47
(10,1) (11,1) 30
(11,1) (10,1) 50
(11,1) (12,1) 42
(12,1) (11,1) 51
(12,1) (13,1) 35
(13,1) (12,1) 46
(13,1) (14,1) 21
(14,1) (13,1) 44
(14,1) (15,1) 18
(15,1) (14,1) 36
(15,1) (16,1) 26
(16,1) (15,1) 49
(1,2) (2,2) 48
(2,2) (1,2) 33
(2,2) (3,2) 51
(3,2) (2,2) 16
(3,2) (4,2) 51
(4,2) (3,2) 47
(4,2) (5,2) 47
(5,2) (4,2) 31
(5,2) (6,2) 41
(6,2) (5,2) 39
(6,2) (7,2) 34
(7,2) (6,2) 50
(7,2) (8,2) 21
(8,2) (7,2) 16
(8,2) (9,2) 19
(9,2) (8,2) 51
(9,2) (10,2) 38
(10,2) (9,2) 43
(10,2) (11,2) 23
(11,2) (10,2) 47
(11,2) (12,2) 31
(12,2) (11,2) 32
(12,2) (13,2) 15
(13,2) (12,2) 29
(13,2) (14,2) 47
(14,2) (13,2) 10
(14,2) (15,2) 23
(15,2) (14,2) 50
(15,2) (16,2) 40
(16,2) (15,2) 27
(1,3) (2,3) 48
(2,3) (1,3) 47
(2,3) (3,3) 26
(3,3) (2,3) 37
(3,3) (4,3) 17
(4,3) (3,3) 44
(4,3) (5,3) 32
(5,3) (4,3) 42
(5,3) (6,3) 15
(6,3) (5,3) 18
(6,3) (7,3) 43
(7,3) (6,3) 46
(7,3) (8,3) 40
(8,3) (7,3) 52
(8,3) (9,3) 39
(9,3) (8,3) 8
(9,3) (10,3) 28
(10,3) (9,3) 9
(10,3) (11,3) 27
(11,3) (10,3) 20
(11,3) (12,3) 30
(12,3) (11,3) 40
(12,3) (13,3) 17
(13,3) (12,3) 34
(13,3) (14,3) 19
(14,3) (13,3) 44
(14,3) (15,3) 23
(15,3) (14,3) 17
(15,3) (16,3) 24
(16,3) (15,3) 31
(1,4) (2,4) 31
(2,4) (1,4) 31
(2,4) (3,4) 39
(3,4) (2,4) 35
(3,4) (4,4) 29
(4,4) (3,4) 25
(4,4) (5,4) 38
(5,4) (4,4) 43
(5,4) (6,4) 33
(6,4) (5,4) 15
(6,4) (7,4) 49
(7,4) (6,4) 37
(7,4) (8,4) 14
(8,4) (7,4) 15
(8,4) (9,4) 28
(9,4) (8,4) 25
(9,4) (10,4) 53
(10,4) (9,4) 28
(10,4) (11,4) 41
(11,4) (10,4) 21
(11,4) (12,4) 41
(12,4) (11,4) 40
(12,4) (13,4) 16
(13,4) (12,4) 36
(13,4) (14,4) 23
(14,4) (13,4) 33
(14,4) (15,4) 51
(15,4) (14,4) 8
(15,4) (16,4) 28
(16,4) (15,4) 16
(1,5) (2,5) 48
(2,5) (1,5) 43
(2,5) (3,5) 17
(3,5) (2,5) 36
(3,5) (4,5) 43
(4,5) (3,5) 35
(4,5) (5,5) 31
(5,5) (4,5) 45
(5,5) (6,5) 18
(6,5) (5,5) 40
(6,5) (7,5) 17
(7,5) (6,5) 50
(7,5) (8,5) 45
(8,5) (7,5) 50
(8,5) (9,5) 19
(9,5) (8,5) 35
(9,5) (10,5) 32
(10,5) (9,5) 38
(10,5) (11,5) 28
(11,5) (10,5) 34
(11,5) (12,5) 10
(12,5) (11,5) 28
(12,5) (13,5) 36
(13,5) (12,5) 34
(13,5) (14,5) 26
(14,5) (13,5) 37
(14,5) (15,5) 8
(15,5) (14,5) 13
(15,5) (16,5) 52
(16,5) (15,5) 53
(1,6) (2,6) 38
(2,6) (1,6) 19
(2,6) (3,6) 16
(3,6) (2,6) 52
(3,6) (4,6) 19
(4,6) (3,6) 24
(4,6) (5,6) 13
(5,6) (4,6) 24
(5,6) (6,6) 50
(6,6) (5,6) 38
(6,6) (7,6) 21
(7,6) (6,6) 19
(7,6) (8,6) 10
(8,6) (7,6) 52
(8,6) (9,6) 33
(9,6) (8,6) 8
(9,6) (10,6) 27
(10,6) (9,6) 13
(10,6) (11,6) 25
(11,6) (10,6) 25
(11,6) (12,6) 9
(12,6) (11,6) 47
(12,6) (13,6) 50
(13,6) (12,6) 28
(13,6) (14,6) 35
(14,6) (13,6) 14
(14,6) (15,6) 14
(15,6) (14,6) 47
(15,6) (16,6) 19
(16,6) (15,6) 29
(1,7) (2,7) 49
(2,7) (1,7) 33
(2,7) (3,7) 43
(3,7) (2,7) 22
(3,7) (4,7) 11
(4,7) (3,7) 31
(4,7) (5,7) 8
(5,7) (4,7) 23
(5,7) (6,7) 20
(6,7) (5,7) 23
(6,7) (7,7) 10
(7,7) (6,7) 8
(7,7) (8,7) 13
(8,7) (7,7) 33
(8,7) (9,7) 12
(9,7) (8,7) 43
(9,7) (10,7) 11
(10,7) (9,7) 27
(10,7) (11,7) 8
(11,7) (10,7) 28
(11,7) (12,7) 42
(12,7) (11,7) 47
(12,7) (13,7) 11
(13,7) (12,7) 36
(13,7) (14,7) 31
(14,7) (13,7) 21
(14,7) (15,7) 14
(15,7) (14,7) 17
(15,7) (16,7) 42
(16,7) (15,7) 52
(1,8) (2,8) 53
(2,8) (1,8) 52
(2,8) (3,8) 31
(3,8) (2,8) 29
(3,8) (4,8) 29
(4,8) (3,8) 25
(4,8) (5,8) 9
(5,8) (4,8) 16
(5,8) (6,8) 11
(6,8) (5,8) 23
(6,8) (7,8) 18
(7,8) (6,8) 17
(7,8) (8,8) 20
(8,8) (7,8) 23
(8,8) (9,8) 25
(9,8) (8,8) 19
(9,8) (10,8) 49
(10,8) (9,8) 53
(10,8) (11,8) 28
(11,8) (10,8) 40
(11,8) (12,8) 49
(12,8) (11,8) 44
(12,8) (13,8) 16
(13,8) (12,8) 46
(13,8) (14,8) 35
(14,8) (13,8) 49
(14,8) (15,8) 38
(15,8) (14,8) 28
(15,8) (16,8) 38
(16,8) (15,8) 42
(1,9) (2,9) 45
(2,9) (1,9) 10
(2,9) (3,9) 17
(3,9) (2,9) 10
(3,9) (4,9) 34
(4,9) (3,9) 21
(4,9) (5,9) 42
(5,9) (4,9) 28
(5,9) (6,9) 13
(6,9) (5,9) 22
(6,9) (7,9) 35
(7,9) (6,9) 36
(7,9) (8,9) 8
(8,9) (7,9) 8
(8,9) (9,9) 32
(9,9) (8,9) 13
(9,9) (10,9) 52
(10,9) (9,9) 27
(10,9) (11,9) 30
(11,9) (10,9) 30
(11,9) (12,9) 17
(12,9) (11,9) 12
(12,9) (13,9) 41
(13,9) (12,9) 27
(13,9) (14,9) 53
(14,9) (13,9) 45
(14,9) (15,9) 37
(15,9) (14,9) 29
(15,9) (16,9) 36
(16,9) (15,9) 32
(1,10) (2,10) 29
(2,10) (1,10) 29
(2,10) (3,10) 10
(3,10) (2,10) 39
(3,10) (4,10) 27
(4,10) (3,10) 22
(4,10) (5,10) 37
(5,10) (4,10) 46
(5,10) (6,10) 43
(6,10) (5,10) 34
(6,10) (7,10) 33
(7,10) (6,10) 53
(7,10) (8,10) 30
(8,10) (7,10) 12
(8,10) (9,10) 50
(9,10) (8,10) 50
(9,10) (10,10) 29
(10,10) (9,10) 49
(10,10) (11,10) 51
(11,10) (10,10) 45
(11,10) (12,10) 53
(12,10) (11,10) 44
(12,10) (13,10) 27
(13,10) (12,10) 12
(13,10) (14,10) 26
(14,10) (13,10) 26
(14,10) (15,10) 13
(15,10) (14,10) 43
(15,10) (16,10) 49
(16,10) (15,10) 20
(1,11) (2,11) 50
(2,11) (1,11) 36
(2,11) (3,11) 29
(3,11) (2,11) 25
(3,11) (4,11) 49
(4,11) (3,11) 45
(4,11) (5,11) 43
(5,11) (4,11) 21
(5,11) (6,11) 17
(6,11) (5,11) 29
(6,11) (7,11) 46
(7,11) (6,11) 36
(7,11) (8,11) 17
(8,11) (7,11) 37
(8,11) (9,11) 29
(9,11) (8,11) 38
(9,11) (10,11) 42
(10,11) (9,11) 22
(10,11) (11,11) 50
(11,11) (10,11) 45
(11,11) (12,11) 31
(12,11) (11,11) 24
(12,11) (13,11) 39
(13,11) (12,11) 31
(13,11) (14,11) 10
(14,11) (13,11) 22
(14,11) (15,11) 26
(15,11) (14,11) 38
(15,11) (16,11) 16
(16,11) (15,11) 49
(1,12) (2,12) 43
(2,12) (1,12) 27
(2,12) (3,12) 48
(3,12) (2,12) 31
(3,12) (4,12) 12
(4,12) (3,12) 18
(4,12) (5,12) 25
(5,12) (4,12) 13
(5,12) (6,12) 28
(6,12) (5,12) 23
(6,12) (7,12) 35
(7,12) (6,12) 29
(7,12) (8,12) 29
(8,12) (7,12) 45
(8,12) (9,12) 31
(9,12) (8,12) 15
(9,12) (10,12) 45
(10,12) (9,12) 27
(10,12) (11,12) 22
(11,12) (10,12) 25
(11,12) (12,12) 30
(12,12) (11,12) 35
(12,12) (13,12) 45
(13,12) (12,12) 10
(13,12) (14,12) 18
(14,12) (13,12) 51
(14,12) (15,12) 28
(15,12) (14,12) 37
(15,12) (16,12) 31
(16,12) (15,12) 46
(1,13) (2,13) 51
(2,13) (1,13) 28
(2,13) (3,13) 37
(3,13) (2,13) 19
(3,13) (4,13) 22
(4,13) (3,13) 13
(4,13) (5,13) 44
(5,13) (4,13) 13
(5,13) (6,13) 14
(6,13) (5,13) 26
(6,13) (7,13) 49
(7,13) (6,13) 16
(7,13) (8,13) 36
(8,13) (7,13) 51
(8,13) (9,13) 41
(9,13) (8,13) 53
(9,13) (10,13) 39
(10,13) (9,13) 41
(10,13) (11,13) 44
(11,13) (10,13) 40
(11,13) (12,13) 34
(12,13) (11,13) 48
(12,13) (13,13) 13
(13,13) (12,13) 34
(13,13) (14,13) 38
(14,13) (13,13) 40
(14,13) (15,13) 44
(15,13) (14,13) 53
(15,13) (16,13) 44
(16,13) (15,13) 15
(1,14) (2,14) 20
(2,14) (1,14) 34
(2,14) (3,14) 23
(3,14) (2,14) 15
(3,14) (4,14) 52
(4,14) (3,14) 26
(4,14) (5,14) 39
(5,14) (4,14) 51
(5,14) (6,14) 49
(6,14) (5,14) 51
(6,14) (7,14) 31
(7,14) (6,14) 25
(7,14) (8,14) 23
(8,14) (7,14) 10
(8,14) (9,14) 49
(9,14) (8,14) 17
(9,14) (10,14) 39
(10,14) (9,14) 41
(10,14) (11,14) 41
(11,14) (10,14) 33
(11,14) (12,14) 23
(12,14) (11,14) 37
(12,14) (13,14) 22
(13,14) (12,14) 41
(13,14) (14,14) 16
(14,14) (13,14) 32
(14,14) (15,14) 15
(15,14) (14,14) 45
(15,14) (16,14) 27
(16,14) (15,14) 50
(1,15) (2,15) 39
(2,15) (1,15) 52
(2,15) (3,15) 9
(3,15) (2,15) 44
(3,15) (4,15) 38
(4,15) (3,15) 14
(4,15) (5,15) 40
(5,15) (4,15) 49
(5,15) (6,15) 31
(6,15) (5,15) 29
(6,15) (7,15) 23
(7,15) (6,15) 25
(7,15) (8,15) 22
(8,15) (7,15) 20
(8,15) (9,15) 13
(9,15) (8,15) 13
(9,15) (10,15) 21
(10,15) (9,15) 39
(10,15) (11,15) 22
(11,15) (10,15) 34
(11,15) (12,15) 45
(12,15) (11,15) 15
(12,15) (13,15) 52
(13,15) (12,15) 41
(13,15) (14,15) 43
(14,15) (13,15) 43
(14,15) (15,15) 40
(15,15) (14,15) 32
(15,15) (16,15) 20
(16,15) (15,15) 51
(1,16) (2,16) 31
(2,16) (1,16) 28
(2,16) (3,16) 11
(3,16) (2,16) 24
(3,16) (4,16) 15
(4,16) (3,16) 18
(4,16) (5,16) 11
(5,16) (4,16) 51
(5,16) (6,16) 11
(6,16) (5,16) 13
(6,16) (7,16) 48
(7,16) (6,16) 36
(7,16) (8,16) 13
(8,16) (7,16) 51
(8,16) (9,16) 36
(9,16) (8,16) 48
(9,16) (10,16) 22
(10,16) (9,16) 34
(10,16) (11,16) 49
(11,16) (10,16) 39
(11,16) (12,16) 46
(12,16) (11,16) 49
(12,16) (13,16) 53
(13,16) (12,16) 44
(13,16) (14,16) 19
(14,16) (13,16) 10
(14,16) (15,16) 33
(15,16) (14,16) 35
(15,16) (16,16) 47
(16,16) (15,16) 17
(1,17) (2,17) 11
(2,17) (1,17) 36
(2,17) (3,17) 52
(3,17) (2,17) 10
(3,17) (4,17) 11
(4,17) (3,17) 37
(4,17) (5,17) 37
(5,17) (4,17) 50
(5,17) (6,17) 31
(6,17) (5,17) 17
(6,17) (7,17) 27
(7,17) (6,17) 9
(7,17) (8,17) 43
(8,17) (7,17) 31
(8,17) (9,17) 19
(9,17) (8,17) 19
(9,17) (10,17) 39
(10,17) (9,17) 14
(10,17) (11,17) 18
(11,17) (10,17) 51
(11,17) (12,17) 15
(12,17) (11,17) 16
(12,17) (13,17) 46
(13,17) (12,17) 50
(13,17) (14,17) 39
(14,17) (13,17) 23
(14,17) (15,17) 51
(15,17) (14,17) 19
(15,17) (16,17) 49
(16,17) (15,17) 35
(1,17) t 20
(2,17) t 45
(3,17) t 39
(4,17) t 12
(5,17) t 12
(6,17) t 20
(7,17) t 38
(8,17) t 11
(9,17) t 10
(10,17) t 8
(11,17) t 28
(12,17) t 38
(13,17) t 40
(14,17) t 34
(15,17) t 10
(16,17) t 13
