s (1,1) 4
s (2,1) 4
s (3,1) 4
s (4,1) 4
(1,1) (1,2) 4
(1,2) (1,3) 4
(1,3) (1,4) 4
(1,4) (1,5) 4
(1,5) (1,6) 4
(1,6) (1,7) 4
(1,7) (1,8) 4
(1,8) (1,9) 4
(1,9) (1,10) 4
(1,10) (1,11) 4
(1,11) (1,12) 4
(1,12) (1,13) 4
(2,1) (2,2) 4
(2,2) (2,3) 4
(2,3) (2,4) 4
(2,4) (2,5) 4
(2,5) (2,6) 4
(2,6) (2,7) 4
(2,7) (2,8) 4
(2,8) (2,9) 4
(2,9) (2,10) 4
(2,10) (2,11) 4
(2,11) (2,12) 4
(2,12) (2,13) 4
(3,1) (3,2) 4
(3,2) (3,3) 4
(3,3) (3,4) 4
(3,4) (3,5) 4
(3,5) (3,6) 4
(3,6) (3,7) 4
(3,7) (3,8) 4
(3,8) (3,9) 4
(3,9) (3,10) 4
(3,10) (3,11) 4
(3,11) (3,12) 4
(3,12) (3,13) 4
(4,1) (4,2) 4
(4,2) (4,3) 4
(4,3) (4,4) 4
(4,4) (4,5) 4
(4,5) (4,6) 4
(4,6) (4,7) 4
(4,7) (4,8) 4
(4,8) (4,9) 4
(4,9) (4,10) 4
(4,10) (4,11) 4
(4,11) (4,12) 4
(4,12) (4,13) 4
(1,1) (2,1) 4
(2,1) (1,1) 4
(2,1) (3,1) 4
(3,1) (2,1) 4
(3,1) (4,1) 4
(4,1) (3,1) 4
(1,2) (2,2) 4
(2,2) (1,2) 4
(2,2) (3,2) 4
(3,2) (2,2) 4
(3,2) (4,2) 4
(4,2) (3,2) 4
(1,3) (2,3) 4
(2,3) (1,3) 4
(2,3) (3,3) 4
(3,3) (2,3) 4
(3,3) (4,3) 4
(4,3) (3,3) 4
(1,4) (2,4) 4
(2,4) (1,4) 4
(2,4) (3,4) 4
(3,4) (2,4) 4
(3,4) (4,4) 4
(4,4) (3,4) 4
(1,5) (2,5) 4
(2,5) (1,5) 4
(2,5) (3,5) 4
(3,5) (2,5) 4
(3,5) (4,5) 4
(4,5) (3,5) 4
(1,6) (2,6) 4
(2,6) (1,6) 4
(2,6) (3,6) 4
(3,6) (2,6) 4
(3,6) (4,6) 4
(4,6) (3,6) 4
(1,7) (2,7) 4
(2,7) (1,7) 4
(2,7) (3,7) 4
(3,7) (2,7) 4
(3,7) (4,7) 4
(4,7) (3,7) 4
(1,8) (2,8) 4
(2,8) (1,8) 4
(2,8) (3,8) 4
(3,8) (2,8) 4
(3,8) (4,8) 4
(4,8) (3,8) 4
(1,9) (2,9) 4
(2,9) (1,9) 4
(2,9) (3,9) 4
(3,9) (2,9) 4
(3,9) (4,9) 4
(4,9) (3,9) 4
(1,10) (2,10) 4
(2,10) (1,10) 4
(2,10) (3,10) 4
(3,10) (2,10) 4
(3,10) (4,10) 4
(4,10) (3,10) 4
(1,11) (2,11) 4
(2,11) (1,11) 4
(2,11) (3,11) 4
(3,11) (2,11) 4
(3,11) (4,11) 4
(4,11) (3,11) 4
(1,12) (2,12) 4
(2,12) (1,12) 4
(2,12) (3,12) 4
(3,12) (2,12) 4
(3,12) (4,12) 4
(4,12) (3,12) 4
(1,13) (2,13) 4
(2,13) (1,13) 4
(2,13) (3,13) 4
(3,13) (2,13) 4
(3,13) (4,13) 4
(4,13) (3,13) 4
(1,13) t 4
(2,13) t 4
(3,13) t 4
(4,13) t 4
