s (1,1) 4
s (2,1) 9
s (3,1) 10
s (4,1) 15
s (5,1) 18
s (6,1) 2
s (7,1) 19
s (8,1) 20
s (9,1) 15
s (10,1) 18
s (11,1) 23
s (12,1) 8
s (13,1) 14
s (14,1) 15
s (15,1) 3
s (16,1) 10
s (17,1) 5
s (18,1) 22
s (19,1) 2
s (20,1) 12
(1,1) (1,2) 2
(1,2) (1,3) 9
(1,3) (1,4) 22
(1,4) (1,5) 23
(1,5) (1,6) 19
(1,6) (1,7) 20
(1,7) (1,8) 17
(1,8) (1,9) 10
(1,9) (1,10) 20
(1,10) (1,11) 15
(1,11) (1,12) 18
(1,12) (1,13) 11
(1,13) (1,14) 8
(1,14) (1,15) 3
(1,15) (1,16) 22
(1,16) (1,17) 12
(1,17) (1,18) 21
(1,18) (1,19) 3
(1,19) (1,20) 23
(2,1) (2,2) 4
(2,2) (2,3) 23
(2,3) (2,4) 6
(2,4) (2,5) 6
(2,5) (2,6) 13
(2,6) (2,7) 12
(2,7) (2,8) 2
(2,8) (2,9) 15
(2,9) (2,10) 21
(2,10) (2,11) 9
(2,11) (2,12) 6
(2,12) (2,13) 7
(2,13) (2,14) 14
(2,14) (2,15) 5
(2,15) (2,16) 14
(2,16) (2,17) 10
(2,17) (2,18) 5
(2,18) (2,19) 7
(2,19) (2,20) 7
(3,1) (3,2) 3
(3,2) (3,3) 8
(3,3) (3,4) 4
(3,4) (3,5) 23
(3,5) (3,6) 9
(3,6) (3,7) 18
(3,7) (3,8) 2
(3,8) (3,9) 7
(3,9) (3,10) 15
(3,10) (3,11) 9
(3,11) (3,12) 23
(3,12) (3,13) 17
(3,13) (3,14) 22
(3,14) (3,15) 5
(3,15) (3,16) 12
(3,16) (3,17) 11
(3,17) (3,18) 23
(3,18) (3,19) 15
(3,19) (3,20) 19
(4,1) (4,2) 23
(4,2) (4,3) 17
(4,3) (4,4) 3
(4,4) (4,5) 2
(4,5) (4,6) 16
(4,6) (4,7) 15
(4,7) (4,8) 13
(4,8) (4,9) 15
(4,9) (4,10) 13
(4,10) (4,11) 13
(4,11) (4,12) 10
(4,12) (4,13) 13
(4,13) (4,14) 23
(4,14) (4,15) 18
(4,15) (4,16) 14
(4,16) (4,17) 3
(4,17) (4,18) 4
(4,18) (4,19) 10
(4,19) (4,20) 22
(5,1) (5,2) 14
(5,2) (5,3) 7
(5,3) (5,4) 11
(5,4) (5,5) 7
(5,5) (5,6) 18
(5,6) (5,7) 7
(5,7) (5,8) 15
(5,8) (5,9) 10
(5,9) (5,10) 18
(5,10) (5,11) 22
(5,11) (5,12) 13
(5,12) (5,13) 14
(5,13) (5,14) 21
(5,14) (5,15) 9
(5,15) (5,16) 6
(5,16) (5,17) 18
(5,17) (5,18) 14
(5,18) (5,19) 21
(5,19) (5,20) 17
(6,1) (6,2) 14
(6,2) (6,3) 4
(6,3) (6,4) 17
(6,4) (6,5) 22
(6,5) (6,6) 8
(6,6) (6,7) 21
(6,7) (6,8) 14
(6,8) (6,9) 3
(6,9) (6,10) 11
(6,10) (6,11) 20
(6,11) (6,12) 22
(6,12) (6,13) 9
(6,13) (6,14) 4
(6,14) (6,15) 3
(6,15) (6,16) 3
(6,16) (6,17) 18
(6,17) (6,18) 14
(6,18) (6,19) 11
(6,19) (6,20) 14
(7,1) (7,2) 9
(7,2) (7,3) 12
(7,3) (7,4) 2
(7,4) (7,5) 19
(7,5) (7,6) 23
(7,6) (7,7) 2
(7,7) (7,8) 20
(7,8) (7,9) 4
(7,9) (7,10) 15
(7,10) (7,11) 13
(7,11) (7,12) 17
(7,12) (7,13) 20
(7,13) (7,14) 17
(7,14) (7,15) 14
(7,15) (7,16) 2
(7,16) (7,17) 14
(7,17) (7,18) 21
(7,18) (7,19) 16
(7,19) (7,20) 18
(8,1) (8,2) 9
(8,2) (8,3) 7
(8,3) (8,4) 11
(8,4) (8,5) 16
(8,5) (8,6) 6
(8,6) (8,7) 12
(8,7) (8,8) 18
(8,8) (8,9) 21
(8,9) (8,10) 17
(8,10) (8,11) 12
(8,11) (8,12) 16
(8,12) (8,13) 6
(8,13) (8,14) 16
(8,14) (8,15) 2
(8,15) (8,16) 13
(8,16) (8,17) 23
(8,17) (8,18) 5
(8,18) (8,19) 6
(8,19) (8,20) 23
(9,1) (9,2) 18
(9,2) (9,3) 20
(9,3) (9,4) 23
(9,4) (9,5) 15
(9,5) (9,6) 21
(9,6) (9,7) 21
(9,7) (9,8) 21
(9,8) (9,9) 11
(9,9) (9,10) 12
(9,10) (9,11) 13
(9,11) (9,12) 22
(9,12) (9,13) 7
(9,13) (9,14) 19
(9,14) (9,15) 19
(9,15) (9,16) 4
(9,16) (9,17) 15
(9,17) (9,18) 18
(9,18) (9,19) 2
(9,19) (9,20) 23
(10,1) (10,2) 6
(10,2) (10,3) 19
(10,3) (10,4) 2
(10,4) (10,5) 15
(10,5) (10,6) 16
(10,6) (10,7) 12
(10,7) (10,8) 3
(10,8) (10,9) 10
(10,9) (10,10) 8
(10,10) (10,11) 23
(10,11) (10,12) 8
(10,12) (10,13) 2
(10,13) (10,14) 4
(10,14) (10,15) 13
(10,15) (10,16) 4
(10,16) (10,17) 6
(10,17) (10,18) 6
(10,18) (10,19) 19
(10,19) (10,20) 12
(11,1) (11,2) 20
(11,2) (11,3) 23
(11,3) (11,4) 20
(11,4) (11,5) 2
(11,5) (11,6) 14
(11,6) (11,7) 9
(11,7) (11,8) 5
(11,8) (11,9) 18
(11,9) (11,10) 9
(11,10) (11,11) 9
(11,11) (11,12) 20
(11,12) (11,13) 13
(11,13) (11,14) 14
(11,14) (11,15) 16
(11,15) (11,16) 23
(11,16) (11,17) 2
(11,17) (11,18) 11
(11,18) (11,19) 17
(11,19) (11,20) 8
(12,1) (12,2) 7
(12,2) (12,3) 5
(12,3) (12,4) 11
(12,4) (12,5) 12
(12,5) (12,6) 10
(12,6) (12,7) 11
(12,7) (12,8) 10
(12,8) (12,9) 22
(12,9) (12,10) 15
(12,10) (12,11) 19
(12,11) (12,12) 15
(12,12) (12,13) 2
(12,13) (12,14) 21
(12,14) (12,15) 9
(12,15) (12,16) 7
(12,16) (12,17) 9
(12,17) (12,18) 2
(12,18) (12,19) 2
(12,19) (12,20) 8
(13,1) (13,2) 12
(13,2) (13,3) 19
(13,3) (13,4) 4
(13,4) (13,5) 2
(13,5) (13,6) 22
(13,6) (13,7) 3
(13,7) (13,8) 20
(13,8) (13,9) 22
(13,9) (13,10) 16
(13,10) (13,11) 16
(13,11) (13,12) 7
(13,12) (13,13) 5
(13,13) (13,14) 8
(13,14) (13,15) 14
(13,15) (13,16) 11
(13,16) (13,17) 15
(13,17) (13,18) 20
(13,18) (13,19) 10
(13,19) (13,20) 20
(14,1) (14,2) 13
(14,2) (14,3) 9
(14,3) (14,4) 2
(14,4) (14,5) 22
(14,5) (14,6) 18
(14,6) (14,7) 14
(14,7) (14,8) 16
(14,8) (14,9) 23
(14,9) (14,10) 21
(14,10) (14,11) 5
(14,11) (14,12) 7
(14,12) (14,13) 3
(14,13) (14,14) 7
(14,14) (14,15) 23
(14,15) (14,16) 4
(14,16) (14,17) 12
(14,17) (14,18) 21
(14,18) (14,19) 4
(14,19) (14,20) 8
(15,1) (15,2) 10
(15,2) (15,3) 9
(15,3) (15,4) 15
(15,4) (15,5) 22
(15,5) (15,6) 11
(15,6) (15,7) 14
(15,7) (15,8) 14
(15,8) (15,9) 21
(15,9) (15,10) 8
(15,10) (15,11) 13
(15,11) (15,12) 17
(15,12) (15,13) 23
(15,13) (15,14) 5
(15,14) (15,15) 2
(15,15) (15,16) 16
(15,16) (15,17) 21
(15,17) (15,18) 19
(15,18) (15,19) 11
(15,19) (15,20) 20
(16,1) (16,2) 10
(16,2) (16,3) 6
(16,3) (16,4) 12
(16,4) (16,5) 12
(16,5) (16,6) 3
(16,6) (16,7) 20
(16,7) (16,8) 10
(16,8) (16,9) 9
(16,9) (16,10) 17
(16,10) (16,11) 3
(16,11) (16,12) 19
(16,12) (16,13) 10
(16,13) (16,14) 11
(16,14) (16,15) 11
(16,15) (16,16) 12
(16,16) (16,17) 16
(16,17) (16,18) 6
(16,18) (16,19) 10
(16,19) (16,20) 12
(17,1) (17,2) 15
(17,2) (17,3) 17
(17,3) (17,4) 19
(17,4) (17,5) 5
(17,5) (17,6) 15
(17,6) (17,7) 10
(17,7) (17,8) 15
(17,8) (17,9) 11
(17,9) (17,10) 11
(17,10) (17,11) 12
(17,11) (17,12) 22
(17,12) (17,13) 22
(17,13) (17,14) 2
(17,14) (17,15) 16
(17,15) (17,16) 3
(17,16) (17,17) 20
(17,17) (17,18) 11
(17,18) (17,19) 16
(17,19) (17,20) 11
(18,1) (18,2) 14
(18,2) (18,3) 7
(18,3) (18,4) 11
(18,4) (18,5) 11
(18,5) (18,6) 11
(18,6) (18,7) 23
(18,7) (18,8) 10
(18,8) (18,9) 23
(18,9) (18,10) 5
(18,10) (18,11) 11
(18,11) (18,12) 11
(18,12) (18,13) 6
(18,13) (18,14) 5
(18,14) (18,15) 17
(18,15) (18,16) 14
(18,16) (18,17) 8
(18,17) (18,18) 22
(18,18) (18,19) 11
(18,19) (18,20) 11
(19,1) (19,2) 6
(19,2) (19,3) 4
(19,3) (19,4) 19
(19,4) (19,5) 9
(19,5) (19,6) 3
(19,6) (19,7) 17
(19,7) (19,8) 11
(19,8) (19,9) 4
(19,9) (19,10) 10
(19,10) (19,11) 16
(19,11) (19,12) 6
(19,12) (19,13) 23
(19,13) (19,14) 8
(19,14) (19,15) 8
(19,15) (19,16) 3
(19,16) (19,17) 8
(19,17) (19,18) 2
(19,18) (19,19) 8
(19,19) (19,20) 12
(20,1) (20,2) 9
(20,2) (20,3) 18
(20,3) (20,4) 14
(20,4) (20,5) 12
(20,5) (20,6) 20
(20,6) (20,7) 11
(20,7) (20,8) 17
(20,8) (20,9) 5
(20,9) (20,10) 10
(20,10) (20,11) 11
(20,11) (20,12) 15
(20,12) (20,13) 9
(20,13) (20,14) 6
(20,14) (20,15) 5
(20,15) (20,16) 23
(20,16) (20,17) 3
(20,17) (20,18) 15
(20,18) (20,19) 9
(20,19) (20,20) 20
(1,1) (2,1) 5
(2,1) (1,1) 4
(2,1) (3,1) 12
(3,1) (2,1) 10
(3,1) (4,1) 19
(4,1) (3,1) 3
(4,1) (5,1) 21
(5,1) (4,1) 23
(5,1) (6,1) 16
(6,1) (5,1) 5
(6,1) (7,1) 9
(7,1) (6,1) 17
(7,1) (8,1) 22
(8,1) (7,1) 21
(8,1) (9,1) 23
(9,1) (8,1) 22
(9,1) (10,1) 14
(10,1) (9,1) 2
(10,1) (11,1) 12
(11,1) (10,1) 7
(11,1) (12,1) 10
(12,1) (11,1) 11
(12,1) (13,1) 13
(13,1) (12,1) 3
(13,1) (14,1) 23
(14,1) (13,1) 15
(14,1) (15,1) 7
(15,1) (14,1) 19
(15,1) (16,1) 15
(16,1) (15,1) 9
(16,1) (17,1) 8
(17,1) (16,1) 4
(17,1) (18,1) 15
(18,1) (17,1) 4
(18,1) (19,1) 9
(19,1) (18,1) 16
(19,1) (20,1) 22
(20,1) (19,1) 5
(1,2) (2,2) 9
(2,2) (1,2) 20
(2,2) (3,2) 9
(3,2) (2,2) 10
(3,2) (4,2) 22
(4,2) (3,2) 22
(4,2) (5,2) 12
(5,2) (4,2) 22
(5,2) (6,2) 23
(6,2) (5,2) 21
(6,2) (7,2) 19
(7,2) (6,2) 5
(7,2) (8,2) 2
(8,2) (7,2) 2
(8,2) (9,2) 19
(9,2) (8,2) 3
(9,2) (10,2) 9
(10,2) (9,2) 2
(10,2) (11,2) 12
(11,2) (10,2) 2
(11,2) (12,2) 13
(12,2) (11,2) 8
(12,2) (13,2) 20
(13,2) (12,2) 7
(13,2) (14,2) 14
(14,2) (13,2) 17
(14,2) (15,2) 3
(15,2) (14,2) 18
(15,2) (16,2) 10
(16,2) (15,2) 6
(16,2) (17,2) 9
(17,2) (16,2) 16
(17,2) (18,2) 5
(18,2) (17,2) 14
(18,2) (19,2) 22
(19,2) (18,2) 6
(19,2) (20,2) 6
(20,2) (19,2) 11
(1,3) (2,3) 5
(2,3) (1,3) 7
(2,3) (3,3) 21
(3,3) (2,3) 14
(3,3) (4,3) 5
(4,3) (3,3) 22
(4,3) (5,3) 8
(5,3) (4,3) 4
(5,3) (6,3) 13
(6,3) (5,3) 16
(6,3) (7,3) 3
(7,3) (6,3) 14
(7,3) (8,3) 3
(8,3) (7,3) 20
(8,3) (9,3) 15
(9,3) (8,3) 23
(9,3) (10,3) 6
(10,3) (9,3) 12
(10,3) (11,3) 23
(11,3) (10,3) 5
(11,3) (12,3) 21
(12,3) (11,3) 7
(12,3) (13,3) 22
(13,3) (12,3) 2
(13,3) (14,3) 10
(14,3) (13,3) 11
(14,3) (15,3) 2
(15,3) (14,3) 14
(15,3) (16,3) 16
(16,3) (15,3) 22
(16,3) (17,3) 4
(17,3) (16,3) 19
(17,3) (18,3) 6
(18,3) (17,3) 20
(18,3) (19,3) 13
(19,3) (18,3) 17
(19,3) (20,3) 21
(20,3) (19,3) 16
(1,4) (2,4) 7
(2,4) (1,4) 15
(2,4) (3,4) 5
(3,4) (2,4) 16
(3,4) (4,4) 7
(4,4) (3,4) 22
(4,4) (5,4) 8
(5,4) (4,4) 10
(5,4) (6,4) 9
(6,4) (5,4) 3
(6,4) (7,4) 20
(7,4) (6,4) 4
(7,4) (8,4) 12
(8,4) (7,4) 13
(8,4) (9,4) 23
(9,4) (8,4) 14
(9,4) (10,4) 18
(10,4) (9,4) 12
(10,4) (11,4) 5
(11,4) (10,4) 4
(11,4) (12,4) 12
(12,4) (11,4) 19
(12,4) (13,4) 18
(13,4) (12,4) 19
(13,4) (14,4) 2
(14,4) (13,4) 13
(14,4) (15,4) 6
(15,4) (14,4) 21
(15,4) (16,4) 22
(16,4) (15,4) 12
(16,4) (17,4) 17
(17,4) (16,4) 13
(17,4) (18,4) 15
(18,4) (17,4) 7
(18,4) (19,4) 23
(19,4) (18,4) 6
(19,4) (20,4) 4
(20,4) (19,4) 20
(1,5) (2,5) 23
(2,5) (1,5) 18
(2,5) (3,5) 2
(3,5) (2,5) 9
(3,5) (4,5) 2
(4,5) (3,5) 2
(4,5) (5,5) 19
(5,5) (4,5) 10
(5,5) (6,5) 19
(6,5) (5,5) 14
(6,5) (7,5) 12
(7,5) (6,5) 11
(7,5) (8,5) 16
(8,5) (7,5) 19
(8,5) (9,5) 14
(9,5) (8,5) 7
(9,5) (10,5) 13
(10,5) (9,5) 15
(10,5) (11,5) 20
(11,5) (10,5) 9
(11,5) (12,5) 19
(12,5) (11,5) 21
(12,5) (13,5) 3
(13,5) (12,5) 8
(13,5) (14,5) 8
(14,5) (13,5) 23
(14,5) (15,5) 20
(15,5) (14,5) 19
(15,5) (16,5) 17
(16,5) (15,5) 5
(16,5) (17,5) 10
(17,5) (16,5) 14
(17,5) (18,5) 12
(18,5) (17,5) 5
(18,5) (19,5) 12
(19,5) (18,5) 16
(19,5) (20,5) 6
(20,5) (19,5) 3
(1,6) (2,6) 10
(2,6) (1,6) 17
(2,6) (3,6) 17
(3,6) (2,6) 14
(3,6) (4,6) 13
(4,6) (3,6) 20
(4,6) (5,6) 23
(5,6) (4,6) 13
(5,6) (6,6) 15
(6,6) (5,6) 11
(6,6) (7,6) 6
(7,6) (6,6) 4
(7,6) (8,6) 22
(8,6) (7,6) 12
(8,6) (9,6) 10
(9,6) (8,6) 8
(9,6) (10,6) 5
(10,6) (9,6) 19
(10,6) (11,6) 21
(11,6) (10,6) 6
(11,6) (12,6) 10
(12,6) (11,6) 6
(12,6) (13,6) 21
(13,6) (12,6) 14
(13,6) (14,6) 22
(14,6) (13,6) 19
(14,6) (15,6) 19
(15,6) (14,6) 19
(15,6) (16,6) 6
(16,6) (15,6) 12
(16,6) (17,6) 9
(17,6) (16,6) 21
(17,6) (18,6) 9
(18,6) (17,6) 14
(18,6) (19,6) 6
(19,6) (18,6) 12
(19,6) (20,6) 23
(20,6) (19,6) 14
(1,7) (2,7) 22
(2,7) (1,7) 15
(2,7) (3,7) 12
(3,7) (2,7) 7
(3,7) (4,7) 23
(4,7) (3,7) 8
(4,7) (5,7) 14
(5,7) (4,7) 23
(5,7) (6,7) 10
(6,7) (5,7) 17
(6,7) (7,7) 19
(7,7) (6,7) 13
(7,7) (8,7) 6
(8,7) (7,7) 7
(8,7) (9,7) 10
(9,7) (8,7) 2
(9,7) (10,7) 9
(10,7) (9,7) 16
(10,7) (11,7) 22
(11,7) (10,7) 13
(11,7) (12,7) 8
(12,7) (11,7) 11
(12,7) (13,7) 14
(13,7) (12,7) 22
(13,7) (14,7) 16
(14,7) (13,7) 4
(14,7) (15,7) 11
(15,7) (14,7) 19
(15,7) (16,7) 8
(16,7) (15,7) 4
(16,7) (17,7) 11
(17,7) (16,7) 4
(17,7) (18,7) 9
(18,7) (17,7) 15
(18,7) (19,7) 23
(19,7) (18,7) 21
(19,7) (20,7) 10
(20,7) (19,7) 14
(1,8) (2,8) 16
(2,8) (1,8) 3
(2,8) (3,8) 16
(3,8) (2,8) 2
(3,8) (4,8) 8
(4,8) (3,8) 4
(4,8) (5,8) 21
(5,8) (4,8) 12
(5,8) (6,8) 13
(6,8) (5,8) 4
(6,8) (7,8) 13
(7,8) (6,8) 2
(7,8) (8,8) 23
(8,8) (7,8) 6
(8,8) (9,8) 16
(9,8) (8,8) 15
(9,8) (10,8) 22
(10,8) (9,8) 4
(10,8) (11,8) 15
(11,8) (10,8) 23
(11,8) (12,8) 10
(12,8) (11,8) 22
(12,8) (13,8) 18
(13,8) (12,8) 9
(13,8) (14,8) 23
(14,8) (13,8) 7
(14,8) (15,8) 17
(15,8) (14,8) 5
(15,8) (16,8) 7
(16,8) (15,8) 12
(16,8) (17,8) 22
(17,8) (16,8) 21
(17,8) (18,8) 11
(18,8) (17,8) 23
(18,8) (19,8) 8
(19,8) (18,8) 3
(19,8) (20,8) 9
(20,8) (19,8) 9
(1,9) (2,9) 12
(2,9) (1,9) 3
(2,9) (3,9) 10
(3,9) (2,9) 4
(3,9) (4,9) 17
(4,9) (3,9) 20
(4,9) (5,9) 16
(5,9) (4,9) 11
(5,9) (6,9) 18
(6,9) (5,9) 5
(6,9) (7,9) 17
(7,9) (6,9) 13
(7,9) (8,9) 18
(8,9) (7,9) 10
(8,9) (9,9) 17
(9,9) (8,9) 21
(9,9) (10,9) 15
(10,9) (9,9) 15
(10,9) (11,9) 22
(11,9) (10,9) 5
(11,9) (12,9) 5
(12,9) (11,9) 15
(12,9) (13,9) 16
(13,9) (12,9) 9
(13,9) (14,9) 12
(14,9) (13,9) 23
(14,9) (15,9) 11
(15,9) (14,9) 16
(15,9) (16,9) 10
(16,9) (15,9) 22
(16,9) (17,9) 9
(17,9) (16,9) 7
(17,9) (18,9) 19
(18,9) (17,9) 6
(18,9) (19,9) 16
(19,9) (18,9) 22
(19,9) (20,9) 8
(20,9) (19,9) 13
(1,10) (2,10) 20
(2,10) (1,10) 19
(2,10) (3,10) 10
(3,10) (2,10) 19
(3,10) (4,10) 6
(4,10) (3,10) 10
(4,10) (5,10) 3
(5,10) (4,10) 7
(5,10) (6,10) 17
(6,10) (5,10) 14
(6,10) (7,10) 17
(7,10) (6,10) 14
(7,10) (8,10) 6
(8,10) (7,10) 22
(8,10) (9,10) 12
(9,10) (8,10) 16
(9,10) (10,10) 14
(10,10) (9,10) 7
(10,10) (11,10) 11
(11,10) (10,10) 12
(11,10) (12,10) 7
(12,10) (11,10) 10
(12,10) (13,10) 5
(13,10) (12,10) 4
(13,10) (14,10) 9
(14,10) (13,10) 5
(14,10) (15,10) 15
(15,10) (14,10) 8
(15,10) (16,10) 19
(16,10) (15,10) 7
(16,10) (17,10) 3
(17,10) (16,10) 22
(17,10) (18,10) 15
(18,10) (17,10) 2
(18,10) (19,10) 4
(19,10) (18,10) 2
(19,10) (20,10) 23
(20,10) (19,10) 10
(1,11) (2,11) 8
(2,11) (1,11) 19
(2,11) (3,11) 5
(3,11) (2,11) 23
(3,11) (4,11) 21
(4,11) (3,11) 8
(4,11) (5,11) 17
(5,11) (4,11) 10
(5,11) (6,11) 11
(6,11) (5,11) 22
(6,11) (7,11) 20
(7,11) (6,11) 21
(7,11) (8,11) 3
(8,11) (7,11) 6
(8,11) (9,11) 18
(9,11) (8,11) 5
(9,11) (10,11) 4
(10,11) (9,11) 7
(10,11) (11,11) 18
(11,11) (10,11) 10
(11,11) (12,11) 18
(12,11) (11,11) 21
(12,11) (13,11) 9
(13,11) (12,11) 16
(13,11) (14,11) 5
(14,11) (13,11) 13
(14,11) (15,11) 20
(15,11) (14,11) 2
(15,11) (16,11) 3
(16,11) (15,11) 9
(16,11) (17,11) 19
(17,11) (16,11) 13
(17,11) (18,11) 10
(18,11) (17,11) 21
(18,11) (19,11) 4
(19,11) (18,11) 13
(19,11) (20,11) 3
(20,11) (19,11) 6
(1,12) (2,12) 12
(2,12) (1,12) 8
(2,12) (3,12) 9
(3,12) (2,12) 19
(3,12) (4,12) 2
(4,12) (3,12) 10
(4,12) (5,12) 7
(5,12) (4,12) 19
(5,12) (6,12) 7
(6,12) (5,12) 23
(6,12) (7,12) 13
(7,12) (6,12) 12
(7,12) (8,12) 11
(8,12) (7,12) 10
(8,12) (9,12) 11
(9,12) (8,12) 20
(9,12) (10,12) 12
(10,12) (9,12) 9
(10,12) (11,12) 20
(11,12) (10,12) 17
(11,12) (12,12) 23
(12,12) (11,12) 10
(12,12) (13,12) 19
(13,12) (12,12) 2
(13,12) (14,12) 22
(14,12) (13,12) 20
(14,12) (15,12) 19
(15,12) (14,12) 11
(15,12) (16,12) 23
(16,12) (15,12) 6
(16,12) (17,12) 23
(17,12) (16,12) 6
(17,12) (18,12) 15
(18,12) (17,12) 19
(18,12) (19,12) 4
(19,12) (18,12) 6
(19,12) (20,12) 11
(20,12) (19,12) 15
(1,13) (2,13) 21
(2,13) (1,13) 19
(2,13) (3,13) 13
(3,13) (2,13) 4
(3,13) (4,13) 18
(4,13) (3,13) 6
(4,13) (5,13) 3
(5,13) (4,13) 12
(5,13) (6,13) 5
(6,13) (5,13) 5
(6,13) (7,13) 21
(7,13) (6,13) 15
(7,13) (8,13) 21
(8,13) (7,13) 12
(8,13) (9,13) 14
(9,13) (8,13) 5
(9,13) (10,13) 14
(10,13) (9,13) 4
(10,13) (11,13) 15
(11,13) (10,13) 20
(11,13) (12,13) 7
(12,13) (11,13) 10
(12,13) (13,13) 11
(13,13) (12,13) 18
(13,13) (14,13) 3
(14,13) (13,13) 6
(14,13) (15,13) 10
(15,13) (14,13) 21
(15,13) (16,13) 19
(16,13) (15,13) 17
(16,13) (17,13) 10
(17,13) (16,13) 16
(17,13) (18,13) 19
(18,13) (17,13) 18
(18,13) (19,13) 4
(19,13) (18,13) 8
(19,13) (20,13) 9
(20,13) (19,13) 16
(1,14) (2,14) 12
(2,14) (1,14) 6
(2,14) (3,14) 16
(3,14) (2,14) 3
(3,14) (4,14) 12
(4,14) (3,14) 21
(4,14) (5,14) 2
(5,14) (4,14) 23
(5,14) (6,14) 15
(6,14) (5,14) 3
(6,14) (7,14) 17
(7,14) (6,14) 12
(7,14) (8,14) 2
(8,14) (7,14) 23
(8,14) (9,14) 17
(9,14) (8,14) 6
(9,14) (10,14) 20
(10,14) (9,14) 2
(10,14) (11,14) 6
(11,14) (10,14) 6
(11,14) (12,14) 17
(12,14) (11,14) 4
(12,14) (13,14) 14
(13,14) (12,14) 8
(13,14) (14,14) 8
(14,14) (13,14) 7
(14,14) (15,14) 13
(15,14) (14,14) 13
(15,14) (16,14) 7
(16,14) (15,14) 17
(16,14) (17,14) 14
(17,14) (16,14) 15
(17,14) (18,14) 22
(18,14) (17,14) 4
(18,14) (19,14) 5
(19,14) (18,14) 17
(19,14) (20,14) 2
(20,14) (19,14) 18
(1,15) (2,15) 11
(2,15) (1,15) 2
(2,15) (3,15) 19
(3,15) (2,15) 14
(3,15) (4,15) 12
(4,15) (3,15) 16
(4,15) (5,15) 5
(5,15) (4,15) 21
(5,15) (6,15) 22
(6,15) (5,15) 15
(6,15) (7,15) 9
(7,15) (6,15) 10
(7,15) (8,15) 15
(8,15) (7,15) 14
(8,15) (9,15) 12
(9,15) (8,15) 13
(9,15) (10,15) 8
(10,15) (9,15) 12
(10,15) (11,15) 21
(11,15) (10,15) 4
(11,15) (12,15) 18
(12,15) (11,15) 17
(12,15) (13,15) 21
(13,15) (12,15) 6
(13,15) (14,15) 5
(14,15) (13,15) 6
(14,15) (15,15) 7
(15,15) (14,15) 8
(15,15) (16,15) 13
(16,15) (15,15) 22
(16,15) (17,15) 20
(17,15) (16,15) 20
(17,15) (18,15) 15
(18,15) (17,15) 20
(18,15) (19,15) 4
(19,15) (18,15) 22
(19,15) (20,15) 10
(20,15) (19,15) 14
(1,16) (2,16) 18
(2,16) (1,16) 4
(2,16) (3,16) 22
(3,16) (2,16) 6
(3,16) (4,16) 2
(4,16) (3,16) 5
(4,16) (5,16) 21
(5,16) (4,16) 22
(5,16) (6,16) 9
(6,16) (5,16) 12
(6,16) (7,16) 20
(7,16) (6,16) 23
(7,16) (8,16) 13
(8,16) (7,16) 9
(8,16) (9,16) 14
(9,16) (8,16) 23
(9,16) (10,16) 8
(10,16) (9,16) 18
(10,16) (11,16) 7
(11,16) (10,16) 20
(11,16) (12,16) 15
(12,16) (11,16) 20
(12,16) (13,16) 13
(13,16) (12,16) 11
(13,16) (14,16) 21
(14,16) (13,16) 5
(14,16) (15,16) 11
(15,16) (14,16) 6
(15,16) (16,16) 5
(16,16) (15,16) 5
(16,16) (17,16) 22
(17,16) (16,16) 19
(17,16) (18,16) 5
(18,16) (17,16) 21
(18,16) (19,16) 6
(19,16) (18,16) 9
(19,16) (20,16) 17
(20,16) (19,16) 4
(1,17) (2,17) 10
(2,17) (1,17) 12
(2,17) (3,17) 22
(3,17) (2,17) 12
(3,17) (4,17) 3
(4,17) (3,17) 19
(4,17) (5,17) 3
(5,17) (4,17) 10
(5,17) (6,17) 21
(6,17) (5,17) 13
(6,17) (7,17) 6
(7,17) (6,17) 14
(7,17) (8,17) 8
(8,17) (7,17) 7
(8,17) (9,17) 5
(9,17) (8,17) 9
(9,17) (10,17) 6
(10,17) (9,17) 13
(10,17) (11,17) 11
(11,17) (10,17) 3
(11,17) (12,17) 17
(12,17) (11,17) 14
(12,17) (13,17) 6
(13,17) (12,17) 14
(13,17) (14,17) 19
(14,17) (13,17) 15
(14,17) (15,17) 11
(15,17) (14,17) 17
(15,17) (16,17) 19
(16,17) (15,17) 15
(16,17) (17,17) 18
(17,17) (16,17) 11
(17,17) (18,17) 3
(18,17) (17,17) 13
(18,17) (19,17) 7
(19,17) (18,17) 22
(19,17) (20,17) 15
(20,17) (19,17) 9
(1,18) (2,18) 16
(2,18) (1,18) 5
(2,18) (3,18) 23
(3,18) (2,18) 9
(3,18) (4,18) 9
(4,18) (3,18) 12
(4,18) (5,18) 20
(5,18) (4,18) 4
(5,18) (6,18) 9
(6,18) (5,18) 6
(6,18) (7,18) 22
(7,18) (6,18) 6
(7,18) (8,18) 23
(8,18) (7,18) 6
(8,18) (9,18) 6
(9,18) (8,18) 21
(9,18) (10,18) 9
(10,18) (9,18) 13
(10,18) (11,18) 12
(11,18) (10,18) 12
(11,18) (12,18) 4
(12,18) (11,18) 10
(12,18) (13,18) 7
(13,18) (12,18) 14
(13,18) (14,18) 14
(14,18) (13,18) 2
(14,18) (15,18) 18
(15,18) (14,18) 7
(15,18) (16,18) 22
(16,18) (15,18) 10
(16,18) (17,18) 7
(17,18) (16,18) 21
(17,18) (18,18) 7
(18,18) (17,18) 18
(18,18) (19,18) 9
(19,18) (18,18) 21
(19,18) (20,18) 4
(20,18) (19,18) 18
(1,19) (2,19) 14
(2,19) (1,19) 11
(2,19) (3,19) 17
(3,19) (2,19) 7
(3,19) (4,19) 4
(4,19) (3,19) 14
(4,19) (5,19) 11
(5,19) (4,19) 15
(5,19) (6,19) 9
(6,19) (5,19) 22
(6,19) (7,19) 6
(7,19) (6,19) 3
(7,19) (8,19) 13
(8,19) (7,19) 7
(8,19) (9,19) 22
(9,19) (8,19) 15
(9,19) (10,19) 14
(10,19) (9,19) 8
(10,19) (11,19) 15
(11,19) (10,19) 14
(11,19) (12,19) 7
(12,19) (11,19) 11
(12,19) (13,19) 15
(13,19) (12,19) 17
(13,19) (14,19) 11
(14,19) (13,19) 4
(14,19) (15,19) 17
(15,19) (14,19) 13
(15,19) (16,19) 17
(16,19) (15,19) 21
(16,19) (17,19) 21
(17,19) (16,19) 20
(17,19) (18,19) 8
(18,19) (17,19) 22
(18,19) (19,19) 11
(19,19) (18,19) 6
(19,19) (20,19) 21
(20,19) (19,19) 10
(1,20) (2,20) 4
(2,20) (1,20) 3
(2,20) (3,20) 7
(3,20) (2,20) 15
(3,20) (4,20) 4
(4,20) (3,20) 11
(4,20) (5,20) 12
(5,20) (4,20) 17
(5,20) (6,20) 6
(6,20) (5,20) 6
(6,20) (7,20) 15
(7,20) (6,20) 4
(7,20) (8,20) 7
(8,20) (7,20) 19
(8,20) (9,20) 4
(9,20) (8,20) 8
(9,20) (10,20) 4
(10,20) (9,20) 2
(10,20) (11,20) 7
(11,20) (10,20) 5
(11,20) (12,20) 20
(12,20) (11,20) 12
(12,20) (13,20) 5
(13,20) (12,20) 2
(13,20) (14,20) 3
(14,20) (13,20) 20
(14,20) (15,20) 15
(15,20) (14,20) 14
(15,20) (16,20) 18
(16,20) (15,20) 3
(16,20) (17,20) 22
(17,20) (16,20) 9
(17,20) (18,20) 15
(18,20) (17,20) 9
(18,20) (19,20) 17
(19,20) (18,20) 4
(19,20) (20,20) 14
(20,20) (19,20) 2
(1,20) t 21
(2,20) t 6
(3,20) t 12
(4,20) t 11
(5,20) t 4
(6,20) t 7
(7,20) t 15
(8,20) t 19
(9,20) t 17
(10,20) t 5
(11,20) t 7
(12,20) t 7
(13,20) t 11
(14,20) t 4
(15,20) t 16
(16,20) t 9
(17,20) t 21
(18,20) t 20
(19,20) t 2
(20,20) t 17
