s (1,1) 56
s (2,1) 72
s (3,1) 32
s (4,1) 31
s (5,1) 15
s (6,1) 36
s (7,1) 9
s (8,1) 50
s (9,1) 57
s (10,1) 63
s (11,1) 67
s (12,1) 35
s (13,1) 44
s (14,1) 57
(1,1) (1,2) 12
(1,2) (1,3) 48
(1,3) (1,4) 15
(1,4) (1,5) 48
(1,5) (1,6) 63
(1,6) (1,7) 40
(1,7) (1,8) 21
(1,8) (1,9) 56
(1,9) (1,10) 48
(1,10) (1,11) 32
(2,1) (2,2) 35
(2,2) (2,3) 12
(2,3) (2,4) 69
(2,4) (2,5) 43
(2,5) (2,6) 15
(2,6) (2,7) 67
(2,7) (2,8) 64
(2,8) (2,9) 24
(2,9) (2,10) 7
(2,10) (2,11) 37
(3,1) (3,2) 15
(3,2) (3,3) 40
(3,3) (3,4) 38
(3,4) (3,5) 15
(3,5) (3,6) 54
(3,6) (3,7) 68
(3,7) (3,8) 60
(3,8) (3,9) 26
(3,9) (3,10) 49
(3,10) (3,11) 15
(4,1) (4,2) 44
(4,2) (4,3) 30
(4,3) (4,4) 54
(4,4) (4,5) 59
(4,5) (4,6) 34
(4,6) (4,7) 49
(4,7) (4,8) 15
(4,8) (4,9) 26
(4,9) (4,10) 37
(4,10) (4,11) 30
(5,1) (5,2) 69
(5,2) (5,3) 29
(5,3) (5,4) 49
(5,4) (5,5) 38
(5,5) (5,6) 50
(5,6) (5,7) 59
(5,7) (5,8) 24
(5,8) (5,9) 24
(5,9) (5,10) 53
(5,10) (5,11) 51
(6,1) (6,2) 37
(6,2) (6,3) 40
(6,3) (6,4) 55
(6,4) (6,5) 74
(6,5) (6,6) 53
(6,6) (6,7) 45
(6,7) (6,8) 68
(6,8) (6,9) 29
(6,9) (6,10) 27
(6,10) (6,11) 63
(7,1) (7,2) 61
(7,2) (7,3) 46
(7,3) (7,4) 53
(7,4) (7,5) 52
(7,5) (7,6) 16
(7,6) (7,7) 10
(7,7) (7,8) 43
(7,8) (7,9) 45
(7,9) (7,10) 16
(7,10) (7,11) 19
(8,1) (8,2) 48
(8,2) (8,3) 71
(8,3) (8,4) 15
(8,4) (8,5) 65
(8,5) (8,6) 31
(8,6) (8,7) 10
(8,7) (8,8) 27
(8,8) (8,9) 15
(8,9) (8,10) 30
(8,10) (8,11) 68
(9,1) (9,2) 75
(9,2) (9,3) 15
(9,3) (9,4) 70
(9,4) (9,5) 32
(9,5) (9,6) 50
(9,6) (9,7) 27
(9,7) (9,8) 39
(9,8) (9,9) 25
(9,9) (9,10) 16
(9,10) (9,11) 30
(10,1) (10,2) 34
(10,2) (10,3) 33
(10,3) (10,4) 71
(10,4) (10,5) 44
(10,5) (10,6) 37
(10,6) (10,7) 69
(10,7) (10,8) 47
(10,8) (10,9) 29
(10,9) (10,10) 7
(10,10) (10,11) 7
(11,1) (11,2) 15
(11,2) (11,3) 34
(11,3) (11,4) 72
(11,4) (11,5) 35
(11,5) (11,6) 22
(11,6) (11,7) 32
(11,7) (11,8) 54
(11,8) (11,9) 54
(11,9) (11,10) 50
(11,10) (11,11) 19
(12,1) (12,2) 56
(12,2) (12,3) 49
(12,3) (12,4) 32
(12,4) (12,5) 46
(12,5) (12,6) 14
(12,6) (12,7) 22
(12,7) (12,8) 46
(12,8) (12,9) 72
(12,9) (12,10) 41
(12,10) (12,11) 24
(13,1) (13,2) 15
(13,2) (13,3) 45
(13,3) (13,4) 66
(13,4) (13,5) 62
(13,5) (13,6) 12
(13,6) (13,7) 69
(13,7) (13,8) 8
(13,8) (13,9) 20
(13,9) (13,10) 19
(13,10) (13,11) 26
(14,1) (14,2) 49
(14,2) (14,3) 46
(14,3) (14,4) 7
(14,4) (14,5) 67
(14,5) (14,6) 16
(14,6) (14,7) 28
(14,7) (14,8) 29
(14,8) (14,9) 32
(14,9) (14,10) 33
(14,10) (14,11) 57
(1,1) (2,1) 30
(2,1) (1,1) 7
(2,1) (3,1) 34
(3,1) (2,1) 45
(3,1) (4,1) 51
(4,1) (3,1) 70
(4,1) (5,1) 59
(5,1) (4,1) 28
(5,1) (6,1) 56
(6,1) (5,1) 46
(6,1) (7,1) 71
(7,1) (6,1) 10
(7,1) (8,1) 45
(8,1) (7,1) 12
(8,1) (9,1) 63
(9,1) (8,1) 6
(9,1) (10,1) 34
(10,1) (9,1) 49
(10,1) (11,1) 25
(11,1) (10,1) 19
(11,1) (12,1) 64
(12,1) (11,1) 15
(12,1) (13,1) 58
(13,1) (12,1) 18
(13,1) (14,1) 45
(14,1) (13,1) 71
(1,2) (2,2) 60
(2,2) (1,2) 8
(2,2) (3,2) 68
(3,2) (2,2) 19
(3,2) (4,2) 17
(4,2) (3,2) 75
(4,2) (5,2) 26
(5,2) (4,2) 53
(5,2) (6,2) 22
(6,2) (5,2) 23
(6,2) (7,2) 45
(7,2) (6,2) 35
(7,2) (8,2) 12
(8,2) (7,2) 24
(8,2) (9,2) 68
(9,2) (8,2) 65
(9,2) (10,2) 43
(10,2) (9,2) 30
(10,2) (11,2) 29
(11,2) (10,2) 69
(11,2) (12,2) 54
(12,2) (11,2) 74
(12,2) (13,2) 14
(13,2) (12,2) 58
(13,2) (14,2) 63
(14,2) (13,2) 71
(1,3) (2,3) 9
(2,3) (1,3) 8
(2,3) (3,3) 33
(3,3) (2,3) 20
(3,3) (4,3) 58
(4,3) (3,3) 26
(4,3) (5,3) 25
(5,3) (4,3) 68
(5,3) (6,3) 18
(6,3) (5,3) 47
(6,3) (7,3) 64
(7,3) (6,3) 62
(7,3) (8,3) 48
(8,3) (7,3) 48
(8,3) (9,3) 51
(9,3) (8,3) 17
(9,3) (10,3) 53
(10,3) (9,3) 18
(10,3) (11,3) 23
(11,3) (10,3) 66
(11,3) (12,3) 19
(12,3) (11,3) 59
(12,3) (13,3) 49
(13,3) (12,3) 29
(13,3) (14,3) 55
(14,3) (13,3) 34
(1,4) (2,4) 7
(2,4) (1,4) 23
(2,4) (3,4) 60
(3,4) (2,4) 48
(3,4) (4,4) 74
(4,4) (3,4) 35
(4,4) (5,4) 13
(5,4) (4,4) 72
(5,4) (6,4) 53
(6,4) (5,4) 7
(6,4) (7,4) 46
(7,4) (6,4) 38
(7,4) (8,4) 39
(8,4) (7,4) 76
(8,4) (9,4) 34
(9,4) (8,4) 65
(9,4) (10,4) 34
(10,4) (9,4) 68
(10,4) (11,4) 14
(11,4) (10,4) 17
(11,4) (12,4) 17
(12,4) (11,4) 66
(12,4) (13,4) 18
(13,4) (12,4) 73
(13,4) (14,4) 64
(14,4) (13,4) 6
(1,5) (2,5) 24
(2,5) (1,5) 38
(2,5) (3,5) 40
(3,5) (2,5) 17
(3,5) (4,5) 19
(4,5) (3,5) 6
(4,5) (5,5) 34
(5,5) (4,5) 18
(5,5) (6,5) 72
(6,5) (5,5) 64
(6,5) (7,5) 71
(7,5) (6,5) 23
(7,5) (8,5) 18
(8,5) (7,5) 40
(8,5) (9,5) 74
(9,5) (8,5) 14
(9,5) (10,5) 64
(10,5) (9,5) 14
(10,5) (11,5) 17
(11,5) (10,5) 51
(11,5) (12,5) 25
(12,5) (11,5) 57
(12,5) (13,5) 34
(13,5) (12,5) 73
(13,5) (14,5) 6
(14,5) (13,5) 25
(1,6) (2,6) 58
(2,6) (1,6) 57
(2,6) (3,6) 73
(3,6) (2,6) 73
(3,6) (4,6) 59
(4,6) (3,6) 6
(4,6) (5,6) 23
(5,6) (4,6) 44
(5,6) (6,6) 66
(6,6) (5,6) 15
(6,6) (7,6) 16
(7,6) (6,6) 12
(7,6) (8,6) 14
(8,6) (7,6) 24
(8,6) (9,6) 17
(9,6) (8,6) 14
(9,6) (10,6) 36
(10,6) (9,6) 23
(10,6) (11,6) 47
(11,6) (10,6) 35
(11,6) (12,6) 61
(12,6) (11,6) 37
(12,6) (13,6) 59
(13,6) (12,6) 53
(13,6) (14,6) 18
(14,6) (13,6) 67
(1,7) (2,7) 51
(2,7) (1,7) 56
(2,7) (3,7) 12
(3,7) (2,7) 74
(3,7) (4,7) 67
(4,7) (3,7) 76
(4,7) (5,7) 42
(5,7) (4,7) 14
(5,7) (6,7) 37
(6,7) (5,7) 41
(6,7) (7,7) 29
(7,7) (6,7) 14
(7,7) (8,7) 47
(8,7) (7,7) 11
(8,7) (9,7) 52
(9,7) (8,7) 12
(9,7) (10,7) 37
(10,7) (9,7) 12
(10,7) (11,7) 59
(11,7) (10,7) 57
(11,7) (12,7) 63
(12,7) (11,7) 66
(12,7) (13,7) 35
(13,7) (12,7) 70
(13,7) (14,7) 49
(14,7) (13,7) 6
(1,8) (2,8) 22
(2,8) (1,8) 27
(2,8) (3,8) 6
(3,8) (2,8) 12
(3,8) (4,8) 73
(4,8) (3,8) 12
(4,8) (5,8) 71
(5,8) (4,8) 54
(5,8) (6,8) 67
(6,8) (5,8) 9
(6,8) (7,8) 71
(7,8) (6,8) 66
(7,8) (8,8) 11
(8,8) (7,8) 66
(8,8) (9,8) 55
(9,8) (8,8) 43
(9,8) (10,8) 58
(10,8) (9,8) 24
(10,8) (11,8) 65
(11,8) (10,8) 6
(11,8) (12,8) 35
(12,8) (11,8) 49
(12,8) (13,8) 47
(13,8) (12,8) 16
(13,8) (14,8) 32
(14,8) (13,8) 38
(1,9) (2,9) 53
(2,9) (1,9) 49
(2,9) (3,9) 51
(3,9) (2,9) 47
(3,9) (4,9) 18
(4,9) (3,9) 9
(4,9) (5,9) 47
(5,9) (4,9) 40
(5,9) (6,9) 43
(6,9) (5,9) 10
(6,9) (7,9) 46
(7,9) (6,9) 60
(7,9) (8,9) 38
(8,9) (7,9) 32
(8,9) (9,9) 71
(9,9) (8,9) 66
(9,9) (10,9) 58
(10,9) (9,9) 35
(10,9) (11,9) 37
(11,9) (10,9) 22
(11,9) (12,9) 31
(12,9) (11,9) 67
(12,9) (13,9) 16
(13,9) (12,9) 55
(13,9) (14,9) 33
(14,9) (13,9) 44
(1,10) (2,10) 19
(2,10) (1,10) 10
(2,10) (3,10) 44
(3,10) (2,10) 10
(3,10) (4,10) 44
(4,10) (3,10) 39
(4,10) (5,10) 55
(5,10) (4,10) 56
(5,10) (6,10) 74
(6,10) (5,10) 74
(6,10) (7,10) 67
(7,10) (6,10) 10
(7,10) (8,10) 25
(8,10) (7,10) 55
(8,10) (9,10) 17
(9,10) (8,10) 60
(9,10) (10,10) 46
(10,10) (9,10) 40
(10,10) (11,10) 72
(11,10) (10,10) 26
(11,10) (12,10) 53
(12,10) (11,10) 21
(12,10) (13,10) 30
(13,10) (12,10) 67
(13,10) (14,10) 53
(14,10) (13,10) 63
(1,11) (2,11) 36
(2,11) (1,11) 28
(2,11) (3,11) 58
(3,11) (2,11) 76
(3,11) (4,11) 20
(4,11) (3,11) 35
(4,11) (5,11) 63
(5,11) (4,11) 31
(5,11) (6,11) 57
(6,11) (5,11) 61
(6,11) (7,11) 20
(7,11) (6,11) 19
(7,11) (8,11) 69
(8,11) (7,11) 12
(8,11) (9,11) 33
(9,11) (8,11) 76
(9,11) (10,11) 42
(10,11) (9,11) 24
(10,11) (11,11) 36
(11,11) (10,11) 76
(11,11) (12,11) 53
(12,11) (11,11) 7
(12,11) (13,11) 59
(13,11) (12,11) 71
(13,11) (14,11) 28
(14,11) (13,11) 75
(1,11) t 49
(2,11) t 22
(3,11) t 55
(4,11) t 47
(5,11) t 44
(6,11) t 71
(7,11) t 71
(8,11) t 61
(9,11) t 52
(10,11) t 34
(11,11) t 64
(12,11) t 11
(13,11) t 33
(14,11) t 52
