s (1,1) 11
s (2,1) 14
s (3,1) 18
s (4,1) 1
s (5,1) 22
s (6,1) 22
s (7,1) 2
s (8,1) 5
s (9,1) 10
(1,1) (1,2) 8
(1,2) (1,3) 26
(1,3) (1,4) 14
(1,4) (1,5) 14
(2,1) (2,2) 1
(2,2) (2,3) 2
(2,3) (2,4) 7
(2,4) (2,5) 3
(3,1) (3,2) 25
(3,2) (3,3) 12
(3,3) (3,4) 5
(3,4) (3,5) 1
(4,1) (4,2) 10
(4,2) (4,3) 28
(4,3) (4,4) 6
(4,4) (4,5) 15
(5,1) (5,2) 24
(5,2) (5,3) 25
(5,3) (5,4) 13
(5,4) (5,5) 24
(6,1) (6,2) 15
(6,2) (6,3) 13
(6,3) (6,4) 9
(6,4) (6,5) 26
(7,1) (7,2) 11
(7,2) (7,3) 7
(7,3) (7,4) 25
(7,4) (7,5) 5
(8,1) (8,2) 25
(8,2) (8,3) 9
(8,3) (8,4) 3
(8,4) (8,5) 3
(9,1) (9,2) 22
(9,2) (9,3) 10
(9,3) (9,4) 6
(9,4) (9,5) 28
(1,1) (2,1) 2
(2,1) (1,1) 24
(2,1) (3,1) 10
(3,1) (2,1) 16
(3,1) (4,1) 26
(4,1) (3,1) 1
(4,1) (5,1) 24
(5,1) (4,1) 10
(5,1) (6,1) 9
(6,1) (5,1) 16
(6,1) (7,1) 22
(7,1) (6,1) 4
(7,1) (8,1) 6
(8,1) (7,1) 13
(8,1) (9,1) 9
(9,1) (8,1) 18
(1,2) (2,2) 3
(2,2) (1,2) 6
(2,2) (3,2) 6
(3,2) (2,2) 1
(3,2) (4,2) 22
(4,2) (3,2) 7
(4,2) (5,2) 2
(5,2) (4,2) 20
(5,2) (6,2) 5
(6,2) (5,2) 12
(6,2) (7,2) 15
(7,2) (6,2) 17
(7,2) (8,2) 6
(8,2) (7,2) 14
(8,2) (9,2) 24
(9,2) (8,2) 12
(1,3) (2,3) 4
(2,3) (1,3) 3
(2,3) (3,3) 22
(3,3) (2,3) 9
(3,3) (4,3) 25
(4,3) (3,3) 12
(4,3) (5,3) 2
(5,3) (4,3) 28
(5,3) (6,3) 22
(6,3) (5,3) 16
(6,3) (7,3) 22
(7,3) (6,3) 12
(7,3) (8,3) 18
(8,3) (7,3) 21
(8,3) (9,3) 5
(9,3) (8,3) 20
(1,4) (2,4) 12
(2,4) (1,4) 1
(2,4) (3,4) 6
(3,4) (2,4) 29
(3,4) (4,4) 26
(4,4) (3,4) 24
(4,4) (5,4) 5
(5,4) (4,4) 27
(5,4) (6,4) 14
(6,4) (5,4) 5
(6,4) (7,4) 18
(7,4) (6,4) 23
(7,4) (8,4) 7
(8,4) (7,4) 24
(8,4) (9,4) 3
(9,4) (8,4) 17
(1,5) (2,5) 12
(2,5) (1,5) 6
(2,5) (3,5) 7
(3,5) (2,5) 12
(3,5) (4,5) 28
(4,5) (3,5) 17
(4,5) (5,5) 11
(5,5) (4,5) 21
(5,5) (6,5) 20
(6,5) (5,5) 22
(6,5) (7,5) 3
(7,5) (6,5) 23
(7,5) (8,5) 18
(8,5) (7,5) 11
(8,5) (9,5) 13
(9,5) (8,5) 6
(1,5) t 24
(2,5) t 16
(3,5) t 3
(4,5) t 23
(5,5) t 17
(6,5) t 7
(7,5) t 29
(8,5) t 21
(9,5) t 27
