s (1,1) 20
s (2,1) 4
s (3,1) 18
s (4,1) 41
s (5,1) 11
s (6,1) 19
s (7,1) 15
s (8,1) 33
s (9,1) 40
s (10,1) 43
s (11,1) 7
s (12,1) 29
s (13,1) 47
s (14,1) 48
s (15,1) 25
s (16,1) 42
(1,1) (1,2) 5
(1,2) (1,3) 33
(1,3) (1,4) 51
(1,4) (1,5) 2
(1,5) (1,6) 45
(1,6) (1,7) 24
(1,7) (1,8) 35
(1,8) (1,9) 13
(1,9) (1,10) 44
(1,10) (1,11) 18
(1,11) (1,12) 39
(1,12) (1,13) 4
(1,13) (1,14) 7
(1,14) (1,15) 28
(2,1) (2,2) 31
(2,2) (2,3) 9
(2,3) (2,4) 7
(2,4) (2,5) 16
(2,5) (2,6) 38
(2,6) (2,7) 23
(2,7) (2,8) 24
(2,8) (2,9) 5
(2,9) (2,10) 36
(2,10) (2,11) 32
(2,11) (2,12) 15
(2,12) (2,13) 45
(2,13) (2,14) 1
(2,14) (2,15) 37
(3,1) (3,2) 27
(3,2) (3,3) 20
(3,3) (3,4) 20
(3,4) (3,5) 43
(3,5) (3,6) 47
(3,6) (3,7) 29
(3,7) (3,8) 34
(3,8) (3,9) 42
(3,9) (3,10) 43
(3,10) (3,11) 34
(3,11) (3,12) 35
(3,12) (3,13) 34
(3,13) (3,14) 44
(3,14) (3,15) 14
(4,1) (4,2) 16
(4,2) (4,3) 37
(4,3) (4,4) 37
(4,4) (4,5) 36
(4,5) (4,6) 26
(4,6) (4,7) 50
(4,7) (4,8) 18
(4,8) (4,9) 45
(4,9) (4,10) 19
(4,10) (4,11) 19
(4,11) (4,12) 11
(4,12) (4,13) 9
(4,13) (4,14) 46
(4,14) (4,15) 1
(5,1) (5,2) 50
(5,2) (5,3) 29
(5,3) (5,4) 32
(5,4) (5,5) 22
(5,5) (5,6) 4
(5,6) (5,7) 44
(5,7) (5,8) 18
(5,8) (5,9) 2
(5,9) (5,10) 33
(5,10) (5,11) 1
(5,11) (5,12) 50
(5,12) (5,13) 4
(5,13) (5,14) 16
(5,14) (5,15) 20
(6,1) (6,2) 32
(6,2) (6,3) 25
(6,3) (6,4) 51
(6,4) (6,5) 16
(6,5) (6,6) 18
(6,6) (6,7) 40
(6,7) (6,8) 26
(6,8) (6,9) 18
(6,9) (6,10) 46
(6,10) (6,11) 10
(6,11) (6,12) 35
(6,12) (6,13) 19
(6,13) (6,14) 12
(6,14) (6,15) 4
(7,1) (7,2) 29
(7,2) (7,3) 2
(7,3) (7,4) 41
(7,4) (7,5) 6
(7,5) (7,6) 51
(7,6) (7,7) 32
(7,7) (7,8) 48
(7,8) (7,9) 25
(7,9) (7,10) 34
(7,10) (7,11) 29
(7,11) (7,12) 11
(7,12) (7,13) 39
(7,13) (7,14) 39
(7,14) (7,15) 7
(8,1) (8,2) 22
(8,2) (8,3) 29
(8,3) (8,4) 10
(8,4) (8,5) 33
(8,5) (8,6) 1
(8,6) (8,7) 40
(8,7) (8,8) 22
(8,8) (8,9) 3
(8,9) (8,10) 15
(8,10) (8,11) 29
(8,11) (8,12) 38
(8,12) (8,13) 41
(8,13) (8,14) 29
(8,14) (8,15) 19
(9,1) (9,2) 33
(9,2) (9,3) 43
(9,3) (9,4) 18
(9,4) (9,5) 12
(9,5) (9,6) 46
(9,6) (9,7) 32
(9,7) (9,8) 22
(9,8) (9,9) 11
(9,9) (9,10) 48
(9,10) (9,11) 18
(9,11) (9,12) 3
(9,12) (9,13) 31
(9,13) (9,14) 4
(9,14) (9,15) 20
(10,1) (10,2) 11
(10,2) (10,3) 31
(10,3) (10,4) 5
(10,4) (10,5) 27
(10,5) (10,6) 5
(10,6) (10,7) 45
(10,7) (10,8) 50
(10,8) (10,9) 3
(10,9) (10,10) 11
(10,10) (10,11) 34
(10,11) (10,12) 34
(10,12) (10,13) 41
(10,13) (10,14) 33
(10,14) (10,15) 28
(11,1) (11,2) 1
(11,2) (11,3) 39
(11,3) (11,4) 12
(11,4) (11,5) 11
(11,5) (11,6) 6
(11,6) (11,7) 42
(11,7) (11,8) 51
(11,8) (11,9) 45
(11,9) (11,10) 26
(11,10) (11,11) 27
(11,11) (11,12) 29
(11,12) (11,13) 41
(11,13) (11,14) 40
(11,14) (11,15) 6
(12,1) (12,2) 5
(12,2) (12,3) 48
(12,3) (12,4) 9
(12,4) (12,5) 42
(12,5) (12,6) 24
(12,6) (12,7) 28
(12,7) (12,8) 38
(12,8) (12,9) 33
(12,9) (12,10) 12
(12,10) (12,11) 12
(12,11) (12,12) 36
(12,12) (12,13) 9
(12,13) (12,14) 41
(12,14) (12,15) 13
(13,1) (13,2) 26
(13,2) (13,3) 16
(13,3) (13,4) 39
(13,4) (13,5) 3
(13,5) (13,6) 15
(13,6) (13,7) 25
(13,7) (13,8) 20
(13,8) (13,9) 12
(13,9) (13,10) 1
(13,10) (13,11) 42
(13,11) (13,12) 29
(13,12) (13,13) 45
(13,13) (13,14) 50
(13,14) (13,15) 39
(14,1) (14,2) 11
(14,2) (14,3) 46
(14,3) (14,4) 21
(14,4) (14,5) 4
(14,5) (14,6) 32
(14,6) (14,7) 26
(14,7) (14,8) 50
(14,8) (14,9) 2
(14,9) (14,10) 16
(14,10) (14,11) 41
(14,11) (14,12) 13
(14,12) (14,13) 9
(14,13) (14,14) 50
(14,14) (14,15) 50
(15,1) (15,2) 8
(15,2) (15,3) 23
(15,3) (15,4) 36
(15,4) (15,5) 48
(15,5) (15,6) 9
(15,6) (15,7) 3
(15,7) (15,8) 22
(15,8) (15,9) 18
(15,9) (15,10) 7
(15,10) (15,11) 27
(15,11) (15,12) 6
(15,12) (15,13) 19
(15,13) (15,14) 26
(15,14) (15,15) 41
(16,1) (16,2) 44
(16,2) (16,3) 8
(16,3) (16,4) 19
(16,4) (16,5) 6
(16,5) (16,6) 33
(16,6) (16,7) 48
(16,7) (16,8) 33
(16,8) (16,9) 35
(16,9) (16,10) 24
(16,10) (16,11) 49
(16,11) (16,12) 35
(16,12) (16,13) 14
(16,13) (16,14) 17
(16,14) (16,15) 11
(1,1) (2,1) 2
(2,1) (1,1) 33
(2,1) (3,1) 1
(3,1) (2,1) 12
(3,1) (4,1) 22
(4,1) (3,1) 19
(4,1) (5,1) 5
(5,1) (4,1) 11
(5,1) (6,1) 23
(6,1) (5,1) 24
(6,1) (7,1) 49
(7,1) (6,1) 8
(7,1) (8,1) 44
(8,1) (7,1) 20
(8,1) (9,1) 18
(9,1) (8,1) 34
(9,1) (10,1) 23
(10,1) (9,1) 21
(10,1) (11,1) 51
(11,1) (10,1) 15
(11,1) (12,1) 33
(12,1) (11,1) 35
(12,1) (13,1) 34
(13,1) (12,1) 16
(13,1) (14,1) 6
(14,1) (13,1) 27
(14,1) (15,1) 32
(15,1) (14,1) 3
(15,1) (16,1) 50
(16,1) (15,1) 45
(1,2) (2,2) 14
(2,2) (1,2) 43
(2,2) (3,2) 44
(3,2) (2,2) 14
(3,2) (4,2) 24
(4,2) (3,2) 39
(4,2) (5,2) 4
(5,2) (4,2) 49
(5,2) (6,2) 47
(6,2) (5,2) 15
(6,2) (7,2) 46
(7,2) (6,2) 13
(7,2) (8,2) 34
(8,2) (7,2) 13
(8,2) (9,2) 50
(9,2) (8,2) 36
(9,2) (10,2) 22
(10,2) (9,2) 6
(10,2) (11,2) 24
(11,2) (10,2) 13
(11,2) (12,2) 18
(12,2) (11,2) 14
(12,2) (13,2) 26
(13,2) (12,2) 19
(13,2) (14,2) 21
(14,2) (13,2) 42
(14,2) (15,2) 22
(15,2) (14,2) 14
(15,2) (16,2) 35
(16,2) (15,2) 26
(1,3) (2,3) 27
(2,3) (1,3) 46
(2,3) (3,3) 28
(3,3) (2,3) 30
(3,3) (4,3) 15
(4,3) (3,3) 14
(4,3) (5,3) 47
(5,3) (4,3) 37
(5,3) (6,3) 46
(6,3) (5,3) 42
(6,3) (7,3) 48
(7,3) (6,3) 40
(7,3) (8,3) 48
(8,3) (7,3) 37
(8,3) (9,3) 45
(9,3) (8,3) 27
(9,3) (10,3) 24
(10,3) (9,3) 51
(10,3) (11,3) 7
(11,3) (10,3) 14
(11,3) (12,3) 48
(12,3) (11,3) 3
(12,3) (13,3) 42
(13,3) (12,3) 48
(13,3) (14,3) 48
(14,3) (13,3) 22
(14,3) (15,3) 8
(15,3) (14,3) 33
(15,3) (16,3) 1
(16,3) (15,3) 12
(1,4) (2,4) 10
(2,4) (1,4) 45
(2,4) (3,4) 51
(3,4) (2,4) 6
(3,4) (4,4) 48
(4,4) (3,4) 43
(4,4) (5,4) 23
(5,4) (4,4) 35
(5,4) (6,4) 5
(6,4) (5,4) 5
(6,4) (7,4) 10
(7,4) (6,4) 29
(7,4) (8,4) 36
(8,4) (7,4) 30
(8,4) (9,4) 2
(9,4) (8,4) 1
(9,4) (10,4) 25
(10,4) (9,4) 33
(10,4) (11,4) 41
(11,4) (10,4) 47
(11,4) (12,4) 29
(12,4) (11,4) 2
(12,4) (13,4) 49
(13,4) (12,4) 50
(13,4) (14,4) 3
(14,4) (13,4) 20
(14,4) (15,4) 7
(15,4) (14,4) 10
(15,4) (16,4) 25
(16,4) (15,4) 10
(1,5) (2,5) 25
(2,5) (1,5) 38
(2,5) (3,5) 18
(3,5) (2,5) 4
(3,5) (4,5) 39
(4,5) (3,5) 31
(4,5) (5,5) 28
(5,5) (4,5) 20
(5,5) (6,5) 25
(6,5) (5,5) 38
(6,5) (7,5) 19
(7,5) (6,5) 31
(7,5) (8,5) 14
(8,5) (7,5) 13
(8,5) (9,5) 39
(9,5) (8,5) 8
(9,5) (10,5) 49
(10,5) (9,5) 43
(10,5) (11,5) 20
(11,5) (10,5) 21
(11,5) (12,5) 36
(12,5) (11,5) 2
(12,5) (13,5) 37
(13,5) (12,5) 20
(13,5) (14,5) 17
(14,5) (13,5) 6
(14,5) (15,5) 18
(15,5) (14,5) 23
(15,5) (16,5) 6
(16,5) (15,5) 17
(1,6) (2,6) 28
(2,6) (1,6) 19
(2,6) (3,6) 30
(3,6) (2,6) 32
(3,6) (4,6) 31
(4,6) (3,6) 44
(4,6) (5,6) 25
(5,6) (4,6) 30
(5,6) (6,6) 24
(6,6) (5,6) 5
(6,6) (7,6) 1
(7,6) (6,6) 6
(7,6) (8,6) 47
(8,6) (7,6) 13
(8,6) (9,6) 22
(9,6) (8,6) 19
(9,6) (10,6) 51
(10,6) (9,6) 40
(10,6) (11,6) 39
(11,6) (10,6) 47
(11,6) (12,6) 32
(12,6) (11,6) 13
(12,6) (13,6) 40
(13,6) (12,6) 8
(13,6) (14,6) 47
(14,6) (13,6) 29
(14,6) (15,6) 26
(15,6) (14,6) 43
(15,6) (16,6) 50
(16,6) (15,6) 9
(1,7) (2,7) 24
(2,7) (1,7) 34
(2,7) (3,7) 4
(3,7) (2,7) 40
(3,7) (4,7) 22
(4,7) (3,7) 43
(4,7) (5,7) 12
(5,7) (4,7) 14
(5,7) (6,7) 47
(6,7) (5,7) 11
(6,7) (7,7) 40
(7,7) (6,7) 27
(7,7) (8,7) 44
(8,7) (7,7) 14
(8,7) (9,7) 22
(9,7) (8,7) 13
(9,7) (10,7) 9
(10,7) (9,7) 45
(10,7) (11,7) 8
(11,7) (10,7) 23
(11,7) (12,7) 40
(12,7) (11,7) 44
(12,7) (13,7) 24
(13,7) (12,7) 51
(13,7) (14,7) 45
(14,7) (13,7) 33
(14,7) (15,7) 31
(15,7) (14,7) 4
(15,7) (16,7) 9
(16,7) (15,7) 22
(1,8) (2,8) 45
(2,8) (1,8) 14
(2,8) (3,8) 31
(3,8) (2,8) 32
(3,8) (4,8) 8
(4,8) (3,8) 16
(4,8) (5,8) 2
(5,8) (4,8) 23
(5,8) (6,8) 10
(6,8) (5,8) 40
(6,8) (7,8) 13
(7,8) (6,8) 39
(7,8) (8,8) 42
(8,8) (7,8) 14
(8,8) (9,8) 39
(9,8) (8,8) 38
(9,8) (10,8) 48
(10,8) (9,8) 26
(10,8) (11,8) 43
(11,8) (10,8) 34
(11,8) (12,8) 33
(12,8) (11,8) 22
(12,8) (13,8) 1
(13,8) (12,8) 2
(13,8) (14,8) 49
(14,8) (13,8) 46
(14,8) (15,8) 36
(15,8) (14,8) 19
(15,8) (16,8) 21
(16,8) (15,8) 19
(1,9) (2,9) 5
(2,9) (1,9) 25
(2,9) (3,9) 28
(3,9) (2,9) 32
(3,9) (4,9) 40
(4,9) (3,9) 47
(4,9) (5,9) 6
(5,9) (4,9) 33
(5,9) (6,9) 51
(6,9) (5,9) 18
(6,9) (7,9) 8
(7,9) (6,9) 10
(7,9) (8,9) 15
(8,9) (7,9) 44
(8,9) (9,9) 8
(9,9) (8,9) 22
(9,9) (10,9) 10
(10,9) (9,9) 5
(10,9) (11,9) 27
(11,9) (10,9) 18
(11,9) (12,9) 49
(12,9) (11,9) 44
(12,9) (13,9) 28
(13,9) (12,9) 6
(13,9) (14,9) 28
(14,9) (13,9) 47
(14,9) (15,9) 23
(15,9) (14,9) 8
(15,9) (16,9) 2
(16,9) (15,9) 25
(1,10) (2,10) 28
(2,10) (1,10) 16
(2,10) (3,10) 16
(3,10) (2,10) 4
(3,10) (4,10) 3
(4,10) (3,10) 40
(4,10) (5,10) 18
(5,10) (4,10) 30
(5,10) (6,10) 7
(6,10) (5,10) 39
(6,10) (7,10) 8
(7,10) (6,10) 20
(7,10) (8,10) 49
(8,10) (7,10) 43
(8,10) (9,10) 16
(9,10) (8,10) 45
(9,10) (10,10) 25
(10,10) (9,10) 30
(10,10) (11,10) 12
(11,10) (10,10) 29
(11,10) (12,10) 42
(12,10) (11,10) 6
(12,10) (13,10) 38
(13,10) (12,10) 2
(13,10) (14,10) 44
(14,10) (13,10) 17
(14,10) (15,10) 10
(15,10) (14,10) 33
(15,10) (16,10) 24
(16,10) (15,10) 37
(1,11) (2,11) 8
(2,11) (1,11) 8
(2,11) (3,11) 18
(3,11) (2,11) 8
(3,11) (4,11) 22
(4,11) (3,11) 40
(4,11) (5,11) 46
(5,11) (4,11) 22
(5,11) (6,11) 46
(6,11) (5,11) 1
(6,11) (7,11) 23
(7,11) (6,11) 11
(7,11) (8,11) 42
(8,11) (7,11) 36
(8,11) (9,11) 8
(9,11) (8,11) 9
(9,11) (10,11) 17
(10,11) (9,11) 5
(10,11) (11,11) 32
(11,11) (10,11) 23
(11,11) (12,11) 1
(12,11) (11,11) 43
(12,11) (13,11) 24
(13,11) (12,11) 38
(13,11) (14,11) 44
(14,11) (13,11) 8
(14,11) (15,11) 50
(15,11) (14,11) 31
(15,11) (16,11) 15
(16,11) (15,11) 20
(1,12) (2,12) 34
(2,12) (1,12) 25
(2,12) (3,12) 36
(3,12) (2,12) 18
(3,12) (4,12) 36
(4,12) (3,12) 2
(4,12) (5,12) 33
(5,12) (4,12) 2
(5,12) (6,12) 15
(6,12) (5,12) 2
(6,12) (7,12) 25
(7,12) (6,12) 45
(7,12) (8,12) 13
(8,12) (7,12) 36
(8,12) (9,12) 6
(9,12) (8,12) 26
(9,12) (10,12) 41
(10,12) (9,12) 2
(10,12) (11,12) 35
(11,12) (10,12) 5
(11,12) (12,12) 24
(12,12) (11,12) 1
(12,12) (13,12) 31
(13,12) (12,12) 7
(13,12) (14,12) 32
(14,12) (13,12) 40
(14,12) (15,12) 13
(15,12) (14,12) 50
(15,12) (16,12) 2
(16,12) (15,12) 2
(1,13) (2,13) 49
(2,13) (1,13) 30
(2,13) (3,13) 6
(3,13) (2,13) 27
(3,13) (4,13) 28
(4,13) (3,13) 30
(4,13) (5,13) 6
(5,13) (4,13) 39
(5,13) (6,13) 46
(6,13) (5,13) 42
(6,13) (7,13) 32
(7,13) (6,13) 33
(7,13) (8,13) 5
(8,13) (7,13) 7
(8,13) (9,13) 17
(9,13) (8,13) 14
(9,13) (10,13) 14
(10,13) (9,13) 48
(10,13) (11,13) 29
(11,13) (10,13) 45
(11,13) (12,13) 49
(12,13) (11,13) 12
(12,13) (13,13) 3
(13,13) (12,13) 21
(13,13) (14,13) 30
(14,13) (13,13) 22
(14,13) (15,13) 46
(15,13) (14,13) 6
(15,13) (16,13) 13
(16,13) (15,13) 47
(1,14) (2,14) 41
(2,14) (1,14) 26
(2,14) (3,14) 15
(3,14) (2,14) 11
(3,14) (4,14) 1
(4,14) (3,14) 9
(4,14) (5,14) 16
(5,14) (4,14) 43
(5,14) (6,14) 48
(6,14) (5,14) 10
(6,14) (7,14) 11
(7,14) (6,14) 2
(7,14) (8,14) 18
(8,14) (7,14) 50
(8,14) (9,14) 28
(9,14) (8,14) 42
(9,14) (10,14) 2
(10,14) (9,14) 42
(10,14) (11,14) 24
(11,14) (10,14) 32
(11,14) (12,14) 49
(12,14) (11,14) 4
(12,14) (13,14) 41
(13,14) (12,14) 38
(13,14) (14,14) 9
(14,14) (13,14) 29
(14,14) (15,14) 1
(15,14) (14,14) 13
(15,14) (16,14) 27
(16,14) (15,14) 9
(1,15) (2,15) 28
(2,15) (1,15) 32
(2,15) (3,15) 10
(3,15) (2,15) 45
(3,15) (4,15) 7
(4,15) (3,15) 27
(4,15) (5,15) 31
(5,15) (4,15) 28
(5,15) (6,15) 45
(6,15) (5,15) 51
(6,15) (7,15) 28
(7,15) (6,15) 40
(7,15) (8,15) 27
(8,15) (7,15) 11
(8,15) (9,15) 10
(9,15) (8,15) 21
(9,15) (10,15) 2
(10,15) (9,15) 7
(10,15) (11,15) 10
(11,15) (10,15) 32
(11,15) (12,15) 4
(12,15) (11,15) 45
(12,15) (13,15) 40
(13,15) (12,15) 43
(13,15) (14,15) 28
(14,15) (13,15) 37
(14,15) (15,15) 10
(15,15) (14,15) 9
(15,15) (16,15) 33
(16,15) (15,15) 35
(1,15) t 50
(2,15) t 34
(3,15) t 48
(4,15) t 5
(5,15) t 27
(6,15) t 43
(7,15) t 32
(8,15) t 46
(9,15) t 17
(10,15) t 32
(11,15) t 6
(12,15) t 15
(13,15) t 1
(14,15) t 39
(15,15) t 6
(16,15) t 46
