s (1,1) 26
s (2,1) 11
s (3,1) 16
s (4,1) 32
s (5,1) 18
s (6,1) 9
(1,1) (1,2) 49
(1,2) (1,3) 42
(1,3) (1,4) 43
(1,4) (1,5) 7
(1,5) (1,6) 7
(1,6) (1,7) 42
(1,7) (1,8) 18
(1,8) (1,9) 32
(1,9) (1,10) 13
(1,10) (1,11) 22
(2,1) (2,2) 50
(2,2) (2,3) 22
(2,3) (2,4) 42
(2,4) (2,5) 14
(2,5) (2,6) 44
(2,6) (2,7) 42
(2,7) (2,8) 47
(2,8) (2,9) 21
(2,9) (2,10) 43
(2,10) (2,11) 36
(3,1) (3,2) 44
(3,2) (3,3) 9
(3,3) (3,4) 49
(3,4) (3,5) 27
(3,5) (3,6) 26
(3,6) (3,7) 10
(3,7) (3,8) 13
(3,8) (3,9) 42
(3,9) (3,10) 30
(3,10) (3,11) 10
(4,1) (4,2) 28
(4,2) (4,3) 18
(4,3) (4,4) 38
(4,4) (4,5) 13
(4,5) (4,6) 35
(4,6) (4,7) 47
(4,7) (4,8) 32
(4,8) (4,9) 7
(4,9) (4,10) 10
(4,10) (4,11) 33
(5,1) (5,2) 18
(5,2) (5,3) 25
(5,3) (5,4) 35
(5,4) (5,5) 52
(5,5) (5,6) 36
(5,6) (5,7) 29
(5,7) (5,8) 42
(5,8) (5,9) 52
(5,9) (5,10) 31
(5,10) (5,11) 8
(6,1) (6,2) 31
(6,2) (6,3) 17
(6,3) (6,4) 10
(6,4) (6,5) 31
(6,5) (6,6) 43
(6,6) (6,7) 46
(6,7) (6,8) 11
(6,8) (6,9) 34
(6,9) (6,10) 52
(6,10) (6,11) 34
(1,1) (2,1) 14
(2,1) (1,1) 50
(2,1) (3,1) 46
(3,1) (2,1) 24
(3,1) (4,1) 8
(4,1) (3,1) 22
(4,1) (5,1) 19
(5,1) (4,1) 26
(5,1) (6,1) 22
(6,1) (5,1) 23
(1,2) (2,2) 18
(2,2) (1,2) 52
(2,2) (3,2) 45
(3,2) (2,2) 46
(3,2) (4,2) 39
(4,2) (3,2) 26
(4,2) (5,2) 13
(5,2) (4,2) 52
(5,2) (6,2) 38
(6,2) (5,2) 16
(1,3) (2,3) 52
(2,3) (1,3) 21
(2,3) (3,3) 44
(3,3) (2,3) 46
(3,3) (4,3) 22
(4,3) (3,3) 21
(4,3) (5,3) 27
(5,3) (4,3) 21
(5,3) (6,3) 24
(6,3) (5,3) 9
(1,4) (2,4) 31
(2,4) (1,4) 15
(2,4) (3,4) 7
(3,4) (2,4) 38
(3,4) (4,4) 25
(4,4) (3,4) 12
(4,4) (5,4) 50
(5,4) (4,4) 47
(5,4) (6,4) 41
(6,4) (5,4) 16
(1,5) (2,5) 11
(2,5) (1,5) 51
(2,5) (3,5) 18
(3,5) (2,5) 50
(3,5) (4,5) 34
(4,5) (3,5) 19
(4,5) (5,5) 42
(5,5) (4,5) 11
(5,5) (6,5) 45
(6,5) (5,5) 32
(1,6) (2,6) 44
(2,6) (1,6) 10
(2,6) (3,6) 8
(3,6) (2,6) 46
(3,6) (4,6) 37
(4,6) (3,6) 24
(4,6) (5,6) 10
(5,6) (4,6) 42
(5,6) (6,6) 35
(6,6) (5,6) 41
(1,7) (2,7) 28
(2,7) (1,7) 52
(2,7) (3,7) 9
(3,7) (2,7) 12
(3,7) (4,7) 11
(4,7) (3,7) 47
(4,7) (5,7) 48
(5,7) (4,7) 23
(5,7) (6,7) 12
(6,7) (5,7) 32
(1,8) (2,8) 35
(2,8) (1,8) 9
(2,8) (3,8) 36
(3,8) (2,8) 29
(3,8) (4,8) 25
(4,8) (3,8) 9
(4,8) (5,8) 37
(5,8) (4,8) 25
(5,8) (6,8) 39
(6,8) (5,8) 27
(1,9) (2,9) 36
(2,9) (1,9) 29
(2,9) (3,9) 7
(3,9) (2,9) 10
(3,9) (4,9) 45
(4,9) (3,9) 42
(4,9) (5,9) 42
(5,9) (4,9) 41
(5,9) (6,9) 48
(6,9) (5,9) 40
(1,10) (2,10) 8
(2,10) (1,10) 22
(2,10) (3,10) 10
(3,10) (2,10) 35
(3,10) (4,10) 25
(4,10) (3,10) 11
(4,10) (5,10) 34
(5,10) (4,10) 52
(5,10) (6,10) 33
(6,10) (5,10) 51
(1,11) (2,11) 27
(2,11) (1,11) 20
(2,11) (3,11) 15
(3,11) (2,11) 37
(3,11) (4,11) 23
(4,11) (3,11) 23
(4,11) (5,11) 45
(5,11) (4,11) 49
(5,11) (6,11) 9
(6,11) (5,11) 42
(1,11) t 22
(2,11) t 41
(3,11) t 30
(4,11) t 28
(5,11) t 8
(6,11) t 31
