s (1,1) 84
s (2,1) 85
s (3,1) 16
s (4,1) 11
s (5,1) 46
s (6,1) 9
s (7,1) 20
s (8,1) 78
s (9,1) 76
s (10,1) 34
s (11,1) 86
s (12,1) 21
s (13,1) 70
s (14,1) 26
s (15,1) 16
s (16,1) 56
s (17,1) 26
s (18,1) 83
s (19,1) 68
(1,1) (1,2) 18
(1,2) (1,3) 69
(1,3) (1,4) 42
(1,4) (1,5) 59
(1,5) (1,6) 19
(1,6) (1,7) 37
(1,7) (1,8) 83
(1,8) (1,9) 81
(1,9) (1,10) 67
(1,10) (1,11) 76
(1,11) (1,12) 30
(1,12) (1,13) 39
(1,13) (1,14) 66
(2,1) (2,2) 76
(2,2) (2,3) 22
(2,3) (2,4) 10
(2,4) (2,5) 51
(2,5) (2,6) 38
(2,6) (2,7) 88
(2,7) (2,8) 70
(2,8) (2,9) 87
(2,9) (2,10) 52
(2,10) (2,11) 13
(2,11) (2,12) 27
(2,12) (2,13) 67
(2,13) (2,14) 81
(3,1) (3,2) 80
(3,2) (3,3) 9
(3,3) (3,4) 82
(3,4) (3,5) 53
(3,5) (3,6) 52
(3,6) (3,7) 41
(3,7) (3,8) 79
(3,8) (3,9) 10
(3,9) (3,10) 93
(3,10) (3,11) 83
(3,11) (3,12) 86
(3,12) (3,13) 60
(3,13) (3,14) 63
(4,1) (4,2) 52
(4,2) (4,3) 26
(4,3) (4,4) 41
(4,4) (4,5) 85
(4,5) (4,6) 64
(4,6) (4,7) 54
(4,7) (4,8) 76
(4,8) (4,9) 78
(4,9) (4,10) 90
(4,10) (4,11) 28
(4,11) (4,12) 10
(4,12) (4,13) 36
(4,13) (4,14) 19
(5,1) (5,2) 23
(5,2) (5,3) 13
(5,3) (5,4) 22
(5,4) (5,5) 75
(5,5) (5,6) 70
(5,6) (5,7) 76
(5,7) (5,8) 49
(5,8) (5,9) 55
(5,9) (5,10) 22
(5,10) (5,11) 73
(5,11) (5,12) 34
(5,12) (5,13) 86
(5,13) (5,14) 32
(6,1) (6,2) 87
(6,2) (6,3) 40
(6,3) (6,4) 8
(6,4) (6,5) 77
(6,5) (6,6) 89
(6,6) (6,7) 41
(6,7) (6,8) 8
(6,8) (6,9) 8
(6,9) (6,10) 49
(6,10) (6,11) 92
(6,11) (6,12) 67
(6,12) (6,13) 33
(6,13) (6,14) 84
(7,1) (7,2) 67
(7,2) (7,3) 35
(7,3) (7,4) 25
(7,4) (7,5) 49
(7,5) (7,6) 88
(7,6) (7,7) 83
(7,7) (7,8) 82
(7,8) (7,9) 50
(7,9) (7,10) 62
(7,10) (7,11) 34
(7,11) (7,12) 64
(7,12) (7,13) 21
(7,13) (7,14) 22
(8,1) (8,2) 77
(8,2) (8,3) 16
(8,3) (8,4) 92
(8,4) (8,5) 72
(8,5) (8,6) 72
(8,6) (8,7) 71
(8,7) (8,8) 84
(8,8) (8,9) 39
(8,9) (8,10) 80
(8,10) (8,11) 61
(8,11) (8,12) 10
(8,12) (8,13) 94
(8,13) (8,14) 18
(9,1) (9,2) 56
(9,2) (9,3) 42
(9,3) (9,4) 79
(9,4) (9,5) 52
(9,5) (9,6) 58
(9,6) (9,7) 61
(9,7) (9,8) 41
(9,8) (9,9) 85
(9,9) (9,10) 23
(9,10) (9,11) 10
(9,11) (9,12) 31
(9,12) (9,13) 30
(9,13) (9,14) 54
(10,1) (10,2) 18
(10,2) (10,3) 46
(10,3) (10,4) 40
(10,4) (10,5) 40
(10,5) (10,6) 58
(10,6) (10,7) 47
(10,7) (10,8) 73
(10,8) (10,9) 37
(10,9) (10,10) 35
(10,10) (10,11) 90
(10,11) (10,12) 38
(10,12) (10,13) 21
(10,13) (10,14) 88
(11,1) (11,2) 12
(11,2) (11,3) 16
(11,3) (11,4) 88
(11,4) (11,5) 50
(11,5) (11,6) 58
(11,6) (11,7) 34
(11,7) (11,8) 85
(11,8) (11,9) 75
(11,9) (11,10) 86
(11,10) (11,11) 17
(11,11) (11,12) 67
(11,12) (11,13) 78
(11,13) (11,14) 52
(12,1) (12,2) 50
(12,2) (12,3) 42
(12,3) (12,4) 25
(12,4) (12,5) 40
(12,5) (12,6) 11
(12,6) (12,7) 37
(12,7) (12,8) 88
(12,8) (12,9) 24
(12,9) (12,10) 36
(12,10) (12,11) 89
(12,11) (12,12) 79
(12,12) (12,13) 33
(12,13) (12,14) 55
(13,1) (13,2) 30
(13,2) (13,3) 10
(13,3) (13,4) 60
(13,4) (13,5) 38
(13,5) (13,6) 59
(13,6) (13,7) 65
(13,7) (13,8) 25
(13,8) (13,9) 27
(13,9) (13,10) 82
(13,10) (13,11) 67
(13,11) (13,12) 82
(13,12) (13,13) 24
(13,13) (13,14) 24
(14,1) (14,2) 47
(14,2) (14,3) 40
(14,3) (14,4) 90
(14,4) (14,5) 18
(14,5) (14,6) 17
(14,6) (14,7) 13
(14,7) (14,8) 93
(14,8) (14,9) 65
(14,9) (14,10) 89
(14,10) (14,11) 75
(14,11) (14,12) 10
(14,12) (14,13) 70
(14,13) (14,14) 64
(15,1) (15,2) 57
(15,2) (15,3) 65
(15,3) (15,4) 60
(15,4) (15,5) 86
(15,5) (15,6) 90
(15,6) (15,7) 60
(15,7) (15,8) 67
(15,8) (15,9) 89
(15,9) (15,10) 55
(15,10) (15,11) 74
(15,11) (15,12) 29
(15,12) (15,13) 68
(15,13) (15,14) 17
(16,1) (16,2) 43
(16,2) (16,3) 73
(16,3) (16,4) 30
(16,4) (16,5) 35
(16,5) (16,6) 31
(16,6) (16,7) 27
(16,7) (16,8) 27
(16,8) (16,9) 62
(16,9) (16,10) 66
(16,10) (16,11) 67
(16,11) (16,12) 26
(16,12) (16,13) 53
(16,13) (16,14) 93
(17,1) (17,2) 73
(17,2) (17,3) 81
(17,3) (17,4) 70
(17,4) (17,5) 52
(17,5) (17,6) 88
(17,6) (17,7) 42
(17,7) (17,8) 45
(17,8) (17,9) 51
(17,9) (17,10) 66
(17,10) (17,11) 26
(17,11) (17,12) 15
(17,12) (17,13) 28
(17,13) (17,14) 50
(18,1) (18,2) 84
(18,2) (18,3) 51
(18,3) (18,4) 62
(18,4) (18,5) 79
(18,5) (18,6) 51
(18,6) (18,7) 11
(18,7) (18,8) 35
(18,8) (18,9) 77
(18,9) (18,10) 50
(18,10) (18,11) 88
(18,11) (18,12) 38
(18,12) (18,13) 51
(18,13) (18,14) 72
(19,1) (19,2) 85
(19,2) (19,3) 50
(19,3) (19,4) 62
(19,4) (19,5) 38
(19,5) (19,6) 31
(19,6) (19,7) 14
(19,7) (19,8) 29
(19,8) (19,9) 52
(19,9) (19,10) 10
(19,10) (19,11) 28
(19,11) (19,12) 77
(19,12) (19,13) 65
(19,13) (19,14) 79
(1,1) (2,1) 11
(2,1) (1,1) 89
(2,1) (3,1) 21
(3,1) (2,1) 62
(3,1) (4,1) 90
(4,1) (3,1) 37
(4,1) (5,1) 42
(5,1) (4,1) 50
(5,1) (6,1) 80
(6,1) (5,1) 63
(6,1) (7,1) 61
(7,1) (6,1) 45
(7,1) (8,1) 86
(8,1) (7,1) 65
(8,1) (9,1) 51
(9,1) (8,1) 55
(9,1) (10,1) 19
(10,1) (9,1) 34
(10,1) (11,1) 22
(11,1) (10,1) 46
(11,1) (12,1) 8
(12,1) (11,1) 13
(12,1) (13,1) 28
(13,1) (12,1) 70
(13,1) (14,1) 50
(14,1) (13,1) 24
(14,1) (15,1) 71
(15,1) (14,1) 39
(15,1) (16,1) 68
(16,1) (15,1) 31
(16,1) (17,1) 73
(17,1) (16,1) 8
(17,1) (18,1) 28
(18,1) (17,1) 61
(18,1) (19,1) 14
(19,1) (18,1) 59
(1,2) (2,2) 67
(2,2) (1,2) 11
(2,2) (3,2) 82
(3,2) (2,2) 77
(3,2) (4,2) 66
(4,2) (3,2) 88
(4,2) (5,2) 52
(5,2) (4,2) 65
(5,2) (6,2) 12
(6,2) (5,2) 92
(6,2) (7,2) 45
(7,2) (6,2) 77
(7,2) (8,2) 62
(8,2) (7,2) 50
(8,2) (9,2) 47
(9,2) (8,2) 78
(9,2) (10,2) 69
(10,2) (9,2) 79
(10,2) (11,2) 77
(11,2) (10,2) 94
(11,2) (12,2) 49
(12,2) (11,2) 48
(12,2) (13,2) 28
(13,2) (12,2) 72
(13,2) (14,2) 56
(14,2) (13,2) 88
(14,2) (15,2) 70
(15,2) (14,2) 54
(15,2) (16,2) 15
(16,2) (15,2) 48
(16,2) (17,2) 23
(17,2) (16,2) 23
(17,2) (18,2) 68
(18,2) (17,2) 17
(18,2) (19,2) 94
(19,2) (18,2) 80
(1,3) (2,3) 91
(2,3) (1,3) 45
(2,3) (3,3) 13
(3,3) (2,3) 91
(3,3) (4,3) 78
(4,3) (3,3) 94
(4,3) (5,3) 73
(5,3) (4,3) 39
(5,3) (6,3) 45
(6,3) (5,3) 16
(6,3) (7,3) 75
(7,3) (6,3) 32
(7,3) (8,3) 9
(8,3) (7,3) 82
(8,3) (9,3) 92
(9,3) (8,3) 92
(9,3) (10,3) 79
(10,3) (9,3) 76
(10,3) (11,3) 18
(11,3) (10,3) 31
(11,3) (12,3) 35
(12,3) (11,3) 72
(12,3) (13,3) 73
(13,3) (12,3) 12
(13,3) (14,3) 59
(14,3) (13,3) 89
(14,3) (15,3) 81
(15,3) (14,3) 30
(15,3) (16,3) 31
(16,3) (15,3) 82
(16,3) (17,3) 54
(17,3) (16,3) 44
(17,3) (18,3) 15
(18,3) (17,3) 65
(18,3) (19,3) 44
(19,3) (18,3) 26
(1,4) (2,4) 49
(2,4) (1,4) 48
(2,4) (3,4) 69
(3,4) (2,4) 70
(3,4) (4,4) 74
(4,4) (3,4) 42
(4,4) (5,4) 67
(5,4) (4,4) 19
(5,4) (6,4) 83
(6,4) (5,4) 73
(6,4) (7,4) 14
(7,4) (6,4) 11
(7,4) (8,4) 60
(8,4) (7,4) 45
(8,4) (9,4) 14
(9,4) (8,4) 87
(9,4) (10,4) 30
(10,4) (9,4) 19
(10,4) (11,4) 50
(11,4) (10,4) 38
(11,4) (12,4) 58
(12,4) (11,4) 60
(12,4) (13,4) 29
(13,4) (12,4) 31
(13,4) (14,4) 89
(14,4) (13,4) 41
(14,4) (15,4) 49
(15,4) (14,4) 53
(15,4) (16,4) 42
(16,4) (15,4) 64
(16,4) (17,4) 62
(17,4) (16,4) 9
(17,4) (18,4) 66
(18,4) (17,4) 54
(18,4) (19,4) 80
(19,4) (18,4) 29
(1,5) (2,5) 93
(2,5) (1,5) 70
(2,5) (3,5) 79
(3,5) (2,5) 54
(3,5) (4,5) 68
(4,5) (3,5) 32
(4,5) (5,5) 74
(5,5) (4,5) 21
(5,5) (6,5) 81
(6,5) (5,5) 78
(6,5) (7,5) 90
(7,5) (6,5) 48
(7,5) (8,5) 23
(8,5) (7,5) 59
(8,5) (9,5) 20
(9,5) (8,5) 54
(9,5) (10,5) 81
(10,5) (9,5) 56
(10,5) (11,5) 79
(11,5) (10,5) 57
(11,5) (12,5) 85
(12,5) (11,5) 8
(12,5) (13,5) 80
(13,5) (12,5) 33
(13,5) (14,5) 37
(14,5) (13,5) 14
(14,5) (15,5) 78
(15,5) (14,5) 38
(15,5) (16,5) 79
(16,5) (15,5) 15
(16,5) (17,5) 9
(17,5) (16,5) 91
(17,5) (18,5) 86
(18,5) (17,5) 62
(18,5) (19,5) 67
(19,5) (18,5) 83
(1,6) (2,6) 31
(2,6) (1,6) 10
(2,6) (3,6) 45
(3,6) (2,6) 54
(3,6) (4,6) 42
(4,6) (3,6) 70
(4,6) (5,6) 64
(5,6) (4,6) 90
(5,6) (6,6) 70
(6,6) (5,6) 93
(6,6) (7,6) 46
(7,6) (6,6) 52
(7,6) (8,6) 32
(8,6) (7,6) 30
(8,6) (9,6) 61
(9,6) (8,6) 12
(9,6) (10,6) 72
(10,6) (9,6) 9
(10,6) (11,6) 8
(11,6) (10,6) 12
(11,6) (12,6) 12
(12,6) (11,6) 66
(12,6) (13,6) 50
(13,6) (12,6) 84
(13,6) (14,6) 9
(14,6) (13,6) 64
(14,6) (15,6) 86
(15,6) (14,6) 38
(15,6) (16,6) 79
(16,6) (15,6) 74
(16,6) (17,6) 24
(17,6) (16,6) 18
(17,6) (18,6) 89
(18,6) (17,6) 35
(18,6) (19,6) 75
(19,6) (18,6) 28
(1,7) (2,7) 92
(2,7) (1,7) 48
(2,7) (3,7) 75
(3,7) (2,7) 31
(3,7) (4,7) 66
(4,7) (3,7) 94
(4,7) (5,7) 54
(5,7) (4,7) 71
(5,7) (6,7) 52
(6,7) (5,7) 79
(6,7) (7,7) 41
(7,7) (6,7) 17
(7,7) (8,7) 90
(8,7) (7,7) 72
(8,7) (9,7) 20
(9,7) (8,7) 88
(9,7) (10,7) 22
(10,7) (9,7) 45
(10,7) (11,7) 91
(11,7) (10,7) 34
(11,7) (12,7) 76
(12,7) (11,7) 58
(12,7) (13,7) 16
(13,7) (12,7) 53
(13,7) (14,7) 61
(14,7) (13,7) 68
(14,7) (15,7) 74
(15,7) (14,7) 78
(15,7) (16,7) 72
(16,7) (15,7) 20
(16,7) (17,7) 55
(17,7) (16,7) 38
(17,7) (18,7) 18
(18,7) (17,7) 25
(18,7) (19,7) 35
(19,7) (18,7) 73
(1,8) (2,8) 81
(2,8) (1,8) 82
(2,8) (3,8) 45
(3,8) (2,8) 75
(3,8) (4,8) 19
(4,8) (3,8) 86
(4,8) (5,8) 8
(5,8) (4,8) 87
(5,8) (6,8) 17
(6,8) (5,8) 75
(6,8) (7,8) 46
(7,8) (6,8) 82
(7,8) (8,8) 45
(8,8) (7,8) 82
(8,8) (9,8) 92
(9,8) (8,8) 93
(9,8) (10,8) 58
(10,8) (9,8) 93
(10,8) (11,8) 70
(11,8) (10,8) 28
(11,8) (12,8) 45
(12,8) (11,8) 43
(12,8) (13,8) 83
(13,8) (12,8) 25
(13,8) (14,8) 27
(14,8) (13,8) 93
(14,8) (15,8) 78
(15,8) (14,8) 92
(15,8) (16,8) 37
(16,8) (15,8) 8
(16,8) (17,8) 62
(17,8) (16,8) 32
(17,8) (18,8) 68
(18,8) (17,8) 32
(18,8) (19,8) 15
(19,8) (18,8) 36
(1,9) (2,9) 35
(2,9) (1,9) 31
(2,9) (3,9) 23
(3,9) (2,9) 67
(3,9) (4,9) 46
(4,9) (3,9) 80
(4,9) (5,9) 45
(5,9) (4,9) 37
(5,9) (6,9) 17
(6,9) (5,9) 94
(6,9) (7,9) 71
(7,9) (6,9) 27
(7,9) (8,9) 14
(8,9) (7,9) 12
(8,9) (9,9) 68
(9,9) (8,9) 46
(9,9) (10,9) 38
(10,9) (9,9) 37
(10,9) (11,9) 63
(11,9) (10,9) 91
(11,9) (12,9) 56
(12,9) (11,9) 56
(12,9) (13,9) 27
(13,9) (12,9) 33
(13,9) (14,9) 45
(14,9) (13,9) 45
(14,9) (15,9) 21
(15,9) (14,9) 72
(15,9) (16,9) 93
(16,9) (15,9) 87
(16,9) (17,9) 60
(17,9) (16,9) 89
(17,9) (18,9) 35
(18,9) (17,9) 54
(18,9) (19,9) 49
(19,9) (18,9) 45
(1,10) (2,10) 45
(2,10) (1,10) 82
(2,10) (3,10) 21
(3,10) (2,10) 10
(3,10) (4,10) 13
(4,10) (3,10) 56
(4,10) (5,10) 53
(5,10) (4,10) 43
(5,10) (6,10) 33
(6,10) (5,10) 88
(6,10) (7,10) 86
(7,10) (6,10) 65
(7,10) (8,10) 11
(8,10) (7,10) 79
(8,10) (9,10) 25
(9,10) (8,10) 91
(9,10) (10,10) 13
(10,10) (9,10) 44
(10,10) (11,10) 16
(11,10) (10,10) 60
(11,10) (12,10) 53
(12,10) (11,10) 45
(12,10) (13,10) 54
(13,10) (12,10) 51
(13,10) (14,10) 64
(14,10) (13,10) 92
(14,10) (15,10) 68
(15,10) (14,10) 50
(15,10) (16,10) 39
(16,10) (15,10) 73
(16,10) (17,10) 9
(17,10) (16,10) 84
(17,10) (18,10) 78
(18,10) (17,10) 30
(18,10) (19,10) 54
(19,10) (18,10) 24
(1,11) (2,11) 39
(2,11) (1,11) 94
(2,11) (3,11) 22
(3,11) (2,11) 12
(3,11) (4,11) 46
(4,11) (3,11) 48
(4,11) (5,11) 87
(5,11) (4,11) 41
(5,11) (6,11) 46
(6,11) (5,11) 65
(6,11) (7,11) 80
(7,11) (6,11) 14
(7,11) (8,11) 63
(8,11) (7,11) 55
(8,11) (9,11) 92
(9,11) (8,11) 83
(9,11) (10,11) 37
(10,11) (9,11) 86
(10,11) (11,11) 52
(11,11) (10,11) 69
(11,11) (12,11) 88
(12,11) (11,11) 32
(12,11) (13,11) 38
(13,11) (12,11) 47
(13,11) (14,11) 31
(14,11) (13,11) 37
(14,11) (15,11) 58
(15,11) (14,11) 39
(15,11) (16,11) 57
(16,11) (15,11) 8
(16,11) (17,11) 48
(17,11) (16,11) 18
(17,11) (18,11) 46
(18,11) (17,11) 13
(18,11) (19,11) 82
(19,11) (18,11) 28
(1,12) (2,12) 74
(2,12) (1,12) 62
(2,12) (3,12) 37
(3,12) (2,12) 67
(3,12) (4,12) 60
(4,12) (3,12) 14
(4,12) (5,12) 38
(5,12) (4,12) 14
(5,12) (6,12) 14
(6,12) (5,12) 28
(6,12) (7,12) 70
(7,12) (6,12) 77
(7,12) (8,12) 79
(8,12) (7,12) 62
(8,12) (9,12) 63
(9,12) (8,12) 35
(9,12) (10,12) 51
(10,12) (9,12) 60
(10,12) (11,12) 79
(11,12) (10,12) 87
(11,12) (12,12) 84
(12,12) (11,12) 52
(12,12) (13,12) 69
(13,12) (12,12) 27
(13,12) (14,12) 37
(14,12) (13,12) 74
(14,12) (15,12) 23
(15,12) (14,12) 35
(15,12) (16,12) 10
(16,12) (15,12) 61
(16,12) (17,12) 45
(17,12) (16,12) 93
(17,12) (18,12) 74
(18,12) (17,12) 63
(18,12) (19,12) 74
(19,12) (18,12) 90
(1,13) (2,13) 27
(2,13) (1,13) 29
(2,13) (3,13) 40
(3,13) (2,13) 25
(3,13) (4,13) 85
(4,13) (3,13) 26
(4,13) (5,13) 78
(5,13) (4,13) 44
(5,13) (6,13) 11
(6,13) (5,13) 87
(6,13) (7,13) 63
(7,13) (6,13) 83
(7,13) (8,13) 91
(8,13) (7,13) 68
(8,13) (9,13) 45
(9,13) (8,13) 68
(9,13) (10,13) 11
(10,13) (9,13) 33
(10,13) (11,13) 86
(11,13) (10,13) 38
(11,13) (12,13) 88
(12,13) (11,13) 52
(12,13) (13,13) 32
(13,13) (12,13) 36
(13,13) (14,13) 67
(14,13) (13,13) 34
(14,13) (15,13) 40
(15,13) (14,13) 42
(15,13) (16,13) 41
(16,13) (15,13) 18
(16,13) (17,13) 15
(17,13) (16,13) 71
(17,13) (18,13) 56
(18,13) (17,13) 72
(18,13) (19,13) 80
(19,13) (18,13) 26
(1,14) (2,14) 13
(2,14) (1,14) 31
(2,14) (3,14) 29
(3,14) (2,14) 71
(3,14) (4,14) 14
(4,14) (3,14) 10
(4,14) (5,14) 39
(5,14) (4,14) 27
(5,14) (6,14) 87
(6,14) (5,14) 13
(6,14) (7,14) 26
(7,14) (6,14) 73
(7,14) (8,14) 41
(8,14) (7,14) 81
(8,14) (9,14) 93
(9,14) (8,14) 17
(9,14) (10,14) 74
(10,14) (9,14) 74
(10,14) (11,14) 66
(11,14) (10,14) 61
(11,14) (12,14) 91
(12,14) (11,14) 45
(12,14) (13,14) 18
(13,14) (12,14) 59
(13,14) (14,14) 18
(14,14) (13,14) 49
(14,14) (15,14) 20
(15,14) (14,14) 57
(15,14) (16,14) 86
(16,14) (15,14) 73
(16,14) (17,14) 62
(17,14) (16,14) 23
(17,14) (18,14) 61
(18,14) (17,14) 42
(18,14) (19,14) 42
(19,14) (18,14) 59
(1,14) t 31
(2,14) t 87
(3,14) t 60
(4,14) t 9
(5,14) t 39
(6,14) t 30
(7,14) t 12
(8,14) t 82
(9,14) t 21
(10,14) t 85
(11,14) t 34
(12,14) t 87
(13,14) t 56
(14,14) t 27
(15,14) t 86
(16,14) t 92
(17,14) t 77
(18,14) t 16
(19,14) t 22
