s (1,1) 50
s (2,1) 53
s (3,1) 42
s (4,1) 53
s (5,1) 39
s (6,1) 57
s (7,1) 20
s (8,1) 7
s (9,1) 64
s (10,1) 8
s (11,1) 10
(1,1) (1,2) 30
(1,2) (1,3) 26
(1,3) (1,4) 54
(1,4) (1,5) 52
(1,5) (1,6) 26
(2,1) (2,2) 40
(2,2) (2,3) 56
(2,3) (2,4) 22
(2,4) (2,5) 9
(2,5) (2,6) 25
(3,1) (3,2) 20
(3,2) (3,3) 65
(3,3) (3,4) 37
(3,4) (3,5) 65
(3,5) (3,6) 10
(4,1) (4,2) 34
(4,2) (4,3) 56
(4,3) (4,4) 53
(4,4) (4,5) 27
(4,5) (4,6) 36
(5,1) (5,2) 58
(5,2) (5,3) 52
(5,3) (5,4) 27
(5,4) (5,5) 18
(5,5) (5,6) 50
(6,1) (6,2) 60
(6,2) (6,3) 25
(6,3) (6,4) 8
(6,4) (6,5) 12
(6,5) (6,6) 68
(7,1) (7,2) 36
(7,2) (7,3) 34
(7,3) (7,4) 28
(7,4) (7,5) 50
(7,5) (7,6) 58
(8,1) (8,2) 61
(8,2) (8,3) 30
(8,3) (8,4) 63
(8,4) (8,5) 48
(8,5) (8,6) 14
(9,1) (9,2) 31
(9,2) (9,3) 39
(9,3) (9,4) 14
(9,4) (9,5) 62
(9,5) (9,6) 16
(10,1) (10,2) 43
(10,2) (10,3) 8
(10,3) (10,4) 37
(10,4) (10,5) 42
(10,5) (10,6) 4
(11,1) (11,2) 4
(11,2) (11,3) 63
(11,3) (11,4) 31
(11,4) (11,5) 25
(11,5) (11,6) 59
(1,1) (2,1) 34
(2,1) (1,1) 49
(2,1) (3,1) 36
(3,1) (2,1) 61
(3,1) (4,1) 56
(4,1) (3,1) 9
(4,1) (5,1) 30
(5,1) (4,1) 48
(5,1) (6,1) 11
(6,1) (5,1) 6
(6,1) (7,1) 17
(7,1) (6,1) 50
(7,1) (8,1) 42
(8,1) (7,1) 36
(8,1) (9,1) 67
(9,1) (8,1) 8
(9,1) (10,1) 68
(10,1) (9,1) 10
(10,1) (11,1) 69
(11,1) (10,1) 12
(1,2) (2,2) 37
(2,2) (1,2) 42
(2,2) (3,2) 20
(3,2) (2,2) 54
(3,2) (4,2) 58
(4,2) (3,2) 49
(4,2) (5,2) 15
(5,2) (4,2) 53
(5,2) (6,2) 36
(6,2) (5,2) 8
(6,2) (7,2) 51
(7,2) (6,2) 51
(7,2) (8,2) 43
(8,2) (7,2) 54
(8,2) (9,2) 12
(9,2) (8,2) 28
(9,2) (10,2) 32
(10,2) (9,2) 38
(10,2) (11,2) 12
(11,2) (10,2) 51
(1,3) (2,3) 18
(2,3) (1,3) 11
(2,3) (3,3) 17
(3,3) (2,3) 27
(3,3) (4,3) 6
(4,3) (3,3) 6
(4,3) (5,3) 27
(5,3) (4,3) 51
(5,3) (6,3) 47
(6,3) (5,3) 33
(6,3) (7,3) 48
(7,3) (6,3) 49
(7,3) (8,3) 63
(8,3) (7,3) 48
(8,3) (9,3) 4
(9,3) (8,3) 52
(9,3) (10,3) 8
(10,3) (9,3) 57
(10,3) (11,3) 4
(11,3) (10,3) 37
(1,4) (2,4) 54
(2,4) (1,4) 37
(2,4) (3,4) 68
(3,4) (2,4) 14
(3,4) (4,4) 44
(4,4) (3,4) 56
(4,4) (5,4) 18
(5,4) (4,4) 14
(5,4) (6,4) 46
(6,4) (5,4) 66
(6,4) (7,4) 12
(7,4) (6,4) 58
(7,4) (8,4) 31
(8,4) (7,4) 55
(8,4) (9,4) 44
(9,4) (8,4) 69
(9,4) (10,4) 51
(10,4) (9,4) 31
(10,4) (11,4) 21
(11,4) (10,4) 18
(1,5) (2,5) 44
(2,5) (1,5) 9
(2,5) (3,5) 38
(3,5) (2,5) 29
(3,5) (4,5) 39
(4,5) (3,5) 46
(4,5) (5,5) 17
(5,5) (4,5) 63
(5,5) (6,5) 59
(6,5) (5,5) 17
(6,5) (7,5) 67
(7,5) (6,5) 31
(7,5) (8,5) 12
(8,5) (7,5) 26
(8,5) (9,5) 55
(9,5) (8,5) 64
(9,5) (10,5) 56
(10,5) (9,5) 58
(10,5) (11,5) 12
(11,5) (10,5) 64
(1,6) (2,6) 42
(2,6) (1,6) 38
(2,6) (3,6) 26
(3,6) (2,6) 25
(3,6) (4,6) 62
(4,6) (3,6) 28
(4,6) (5,6) 53
(5,6) (4,6) 15
(5,6) (6,6) 31
(6,6) (5,6) 34
(6,6) (7,6) 40
(7,6) (6,6) 51
(7,6) (8,6) 11
(8,6) (7,6) 67
(8,6) (9,6) 9
(9,6) (8,6) 70
(9,6) (10,6) 61
(10,6) (9,6) 59
(10,6) (11,6) 38
(11,6) (10,6) 49
(1,6) t 39
(2,6) t 49
(3,6) t 34
(4,6) t 47
(5,6) t 32
(6,6) t 62
(7,6) t 59
(8,6) t 24
(9,6) t 7
(10,6) t 21
(11,6) t 46
