s (1,1) 49
s (2,1) 18
s (3,1) 9
s (4,1) 63
s (5,1) 34
s (6,1) 31
s (7,1) 5
s (8,1) 37
s (9,1) 26
s (10,1) 12
s (11,1) 30
s (12,1) 20
s (13,1) 48
s (14,1) 36
s (15,1) 56
s (16,1) 35
s (17,1) 36
s (18,1) 59
s (19,1) 38
s (20,1) 37
(1,1) (1,2) 33
(1,2) (1,3) 54
(2,1) (2,2) 26
(2,2) (2,3) 19
(3,1) (3,2) 3
(3,2) (3,3) 51
(4,1) (4,2) 63
(4,2) (4,3) 60
(5,1) (5,2) 48
(5,2) (5,3) 4
(6,1) (6,2) 29
(6,2) (6,3) 52
(7,1) (7,2) 60
(7,2) (7,3) 12
(8,1) (8,2) 24
(8,2) (8,3) 57
(9,1) (9,2) 18
(9,2) (9,3) 17
(10,1) (10,2) 58
(10,2) (10,3) 11
(11,1) (11,2) 60
(11,2) (11,3) 7
(12,1) (12,2) 61
(12,2) (12,3) 52
(13,1) (13,2) 33
(13,2) (13,3) 24
(14,1) (14,2) 27
(14,2) (14,3) 11
(15,1) (15,2) 15
(15,2) (15,3) 60
(16,1) (16,2) 51
(16,2) (16,3) 61
(17,1) (17,2) 17
(17,2) (17,3) 40
(18,1) (18,2) 35
(18,2) (18,3) 51
(19,1) (19,2) 63
(19,2) (19,3) 7
(20,1) (20,2) 21
(20,2) (20,3) 33
(1,1) (2,1) 24
(2,1) (1,1) 6
(2,1) (3,1) 43
(3,1) (2,1) 49
(3,1) (4,1) 19
(4,1) (3,1) 14
(4,1) (5,1) 28
(5,1) (4,1) 5
(5,1) (6,1) 37
(6,1) (5,1) 34
(6,1) (7,1) 49
(7,1) (6,1) 50
(7,1) (8,1) 51
(8,1) (7,1) 60
(8,1) (9,1) 54
(9,1) (8,1) 52
(9,1) (10,1) 45
(10,1) (9,1) 39
(10,1) (11,1) 56
(11,1) (10,1) 24
(11,1) (12,1) 39
(12,1) (11,1) 34
(12,1) (13,1) 4
(13,1) (12,1) 31
(13,1) (14,1) 17
(14,1) (13,1) 15
(14,1) (15,1) 37
(15,1) (14,1) 37
(15,1) (16,1) 14
(16,1) (15,1) 33
(16,1) (17,1) 8
(17,1) (16,1) 58
(17,1) (18,1) 17
(18,1) (17,1) 14
(18,1) (19,1) 30
(19,1) (18,1) 36
(19,1) (20,1) 15
(20,1) (19,1) 43
(1,2) (2,2) 29
(2,2) (1,2) 9
(2,2) (3,2) 57
(3,2) (2,2) 28
(3,2) (4,2) 20
(4,2) (3,2) 55
(4,2) (5,2) 62
(5,2) (4,2) 23
(5,2) (6,2) 21
(6,2) (5,2) 35
(6,2) (7,2) 33
(7,2) (6,2) 27
(7,2) (8,2) 13
(8,2) (7,2) 15
(8,2) (9,2) 22
(9,2) (8,2) 37
(9,2) (10,2) 4
(10,2) (9,2) 61
(10,2) (11,2) 55
(11,2) (10,2) 52
(11,2) (12,2) 10
(12,2) (11,2) 38
(12,2) (13,2) 57
(13,2) (12,2) 19
(13,2) (14,2) 30
(14,2) (13,2) 6
(14,2) (15,2) 59
(15,2) (14,2) 55
(15,2) (16,2) 46
(16,2) (15,2) 50
(16,2) (17,2) 19
(17,2) (16,2) 48
(17,2) (18,2) 50
(18,2) (17,2) 42
(18,2) (19,2) 16
(19,2) (18,2) 3
(19,2) (20,2) 4
(20,2) (19,2) 20
(1,3) (2,3) 9
(2,3) (1,3) 11
(2,3) (3,3) 7
(3,3) (2,3) 42
(3,3) (4,3) 38
(4,3) (3,3) 34
(4,3) (5,3) 33
(5,3) (4,3) 37
(5,3) (6,3) 44
(6,3) (5,3) 20
(6,3) (7,3) 61
(7,3) (6,3) 38
(7,3) (8,3) 23
(8,3) (7,3) 19
(8,3) (9,3) 17
(9,3) (8,3) 38
(9,3) (10,3) 8
(10,3) (9,3) 28
(10,3) (11,3) 14
(11,3) (10,3) 42
(11,3) (12,3) 9
(12,3) (11,3) 62
(12,3) (13,3) 34
(13,3) (12,3) 46
(13,3) (14,3) 25
(14,3) (13,3) 19
(14,3) (15,3) 24
(15,3) (14,3) 21
(15,3) (16,3) 42
(16,3) (15,3) 57
(16,3) (17,3) 54
(17,3) (16,3) 25
(17,3) (18,3) 61
(18,3) (17,3) 54
(18,3) (19,3) 28
(19,3) (18,3) 32
(19,3) (20,3) 11
(20,3) (19,3) 17
(1,3) t 36
(2,3) t 19
(3,3) t 26
(4,3) t 53
(5,3) t 6
(6,3) t 7
(7,3) t 44
(8,3) t 4
(9,3) t 33
(10,3) t 3
(11,3) t 35
(12,3) t 49
(13,3) t 38
(14,3) t 27
(15,3) t 20
(16,3) t 55
(17,3) t 38
(18,3) t 16
(19,3) t 13
(20,3) t 34
