s (1,1) 9
s (2,1) 9
s (3,1) 9
s (4,1) 9
s (5,1) 9
s (6,1) 9
s (7,1) 9
s (8,1) 9
s (9,1) 9
s (10,1) 9
s (11,1) 9
s (12,1) 9
s (13,1) 9
s (14,1) 9
s (15,1) 9
s (16,1) 9
s (17,1) 9
s (18,1) 9
s (19,1) 9
s (20,1) 9
(1,1) (1,2) 9
(1,2) (1,3) 9
(1,3) (1,4) 9
(2,1) (2,2) 9
(2,2) (2,3) 9
(2,3) (2,4) 9
(3,1) (3,2) 9
(3,2) (3,3) 9
(3,3) (3,4) 9
(4,1) (4,2) 9
(4,2) (4,3) 9
(4,3) (4,4) 9
(5,1) (5,2) 9
(5,2) (5,3) 9
(5,3) (5,4) 9
(6,1) (6,2) 9
(6,2) (6,3) 9
(6,3) (6,4) 9
(7,1) (7,2) 9
(7,2) (7,3) 9
(7,3) (7,4) 9
(8,1) (8,2) 9
(8,2) (8,3) 9
(8,3) (8,4) 9
(9,1) (9,2) 9
(9,2) (9,3) 9
(9,3) (9,4) 9
(10,1) (10,2) 9
(10,2) (10,3) 9
(10,3) (10,4) 9
(11,1) (11,2) 9
(11,2) (11,3) 9
(11,3) (11,4) 9
(12,1) (12,2) 9
(12,2) (12,3) 9
(12,3) (12,4) 9
(13,1) (13,2) 9
(13,2) (13,3) 9
(13,3) (13,4) 9
(14,1) (14,2) 9
(14,2) (14,3) 9
(14,3) (14,4) 9
(15,1) (15,2) 9
(15,2) (15,3) 9
(15,3) (15,4) 9
(16,1) (16,2) 9
(16,2) (16,3) 9
(16,3) (16,4) 9
(17,1) (17,2) 9
(17,2) (17,3) 9
(17,3) (17,4) 9
(18,1) (18,2) 9
(18,2) (18,3) 9
(18,3) (18,4) 9
(19,1) (19,2) 9
(19,2) (19,3) 9
(19,3) (19,4) 9
(20,1) (20,2) 9
(20,2) (20,3) 9
(20,3) (20,4) 9
(1,1) (2,1) 9
(2,1) (1,1) 9
(2,1) (3,1) 9
(3,1) (2,1) 9
(3,1) (4,1) 9
(4,1) (3,1) 9
(4,1) (5,1) 9
(5,1) (4,1) 9
(5,1) (6,1) 9
(6,1) (5,1) 9
(6,1) (7,1) 9
(7,1) (6,1) 9
(7,1) (8,1) 9
(8,1) (7,1) 9
(8,1) (9,1) 9
(9,1) (8,1) 9
(9,1) (10,1) 9
(10,1) (9,1) 9
(10,1) (11,1) 9
(11,1) (10,1) 9
(11,1) (12,1) 9
(12,1) (11,1) 9
(12,1) (13,1) 9
(13,1) (12,1) 9
(13,1) (14,1) 9
(14,1) (13,1) 9
(14,1) (15,1) 9
(15,1) (14,1) 9
(15,1) (16,1) 9
(16,1) (15,1) 9
(16,1) (17,1) 9
(17,1) (16,1) 9
(17,1) (18,1) 9
(18,1) (17,1) 9
(18,1) (19,1) 9
(19,1) (18,1) 9
(19,1) (20,1) 9
(20,1) (19,1) 9
(1,2) (2,2) 9
(2,2) (1,2) 9
(2,2) (3,2) 9
(3,2) (2,2) 9
(3,2) (4,2) 9
(4,2) (3,2) 9
(4,2) (5,2) 9
(5,2) (4,2) 9
(5,2) (6,2) 9
(6,2) (5,2) 9
(6,2) (7,2) 9
(7,2) (6,2) 9
(7,2) (8,2) 9
(8,2) (7,2) 9
(8,2) (9,2) 9
(9,2) (8,2) 9
(9,2) (10,2) 9
(10,2) (9,2) 9
(10,2) (11,2) 9
(11,2) (10,2) 9
(11,2) (12,2) 9
(12,2) (11,2) 9
(12,2) (13,2) 9
(13,2) (12,2) 9
(13,2) (14,2) 9
(14,2) (13,2) 9
(14,2) (15,2) 9
(15,2) (14,2) 9
(15,2) (16,2) 9
(16,2) (15,2) 9
(16,2) (17,2) 9
(17,2) (16,2) 9
(17,2) (18,2) 9
(18,2) (17,2) 9
(18,2) (19,2) 9
(19,2) (18,2) 9
(19,2) (20,2) 9
(20,2) (19,2) 9
(1,3) (2,3) 9
(2,3) (1,3) 9
(2,3) (3,3) 9
(3,3) (2,3) 9
(3,3) (4,3) 9
(4,3) (3,3) 9
(4,3) (5,3) 9
(5,3) (4,3) 9
(5,3) (6,3) 9
(6,3) (5,3) 9
(6,3) (7,3) 9
(7,3) (6,3) 9
(7,3) (8,3) 9
(8,3) (7,3) 9
(8,3) (9,3) 9
(9,3) (8,3) 9
(9,3) (10,3) 9
(10,3) (9,3) 9
(10,3) (11,3) 9
(11,3) (10,3) 9
(11,3) (12,3) 9
(12,3) (11,3) 9
(12,3) (13,3) 9
(13,3) (12,3) 9
(13,3) (14,3) 9
(14,3) (13,3) 9
(14,3) (15,3) 9
(15,3) (14,3) 9
(15,3) (16,3) 9
(16,3) (15,3) 9
(16,3) (17,3) 9
(17,3) (16,3) 9
(17,3) (18,3) 9
(18,3) (17,3) 9
(18,3) (19,3) 9
(19,3) (18,3) 9
(19,3) (20,3) 9
(20,3) (19,3) 9
(1,4) (2,4) 9
(2,4) (1,4) 9
(2,4) (3,4) 9
(3,4) (2,4) 9
(3,4) (4,4) 9
(4,4) (3,4) 9
(4,4) (5,4) 9
(5,4) (4,4) 9
(5,4) (6,4) 9
(6,4) (5,4) 9
(6,4) (7,4) 9
(7,4) (6,4) 9
(7,4) (8,4) 9
(8,4) (7,4) 9
(8,4) (9,4) 9
(9,4) (8,4) 9
(9,4) (10,4) 9
(10,4) (9,4) 9
(10,4) (11,4) 9
(11,4) (10,4) 9
(11,4) (12,4) 9
(12,4) (11,4) 9
(12,4) (13,4) 9
(13,4) (12,4) 9
(13,4) (14,4) 9
(14,4) (13,4) 9
(14,4) (15,4) 9
(15,4) (14,4) 9
(15,4) (16,4) 9
(16,4) (15,4) 9
(16,4) (17,4) 9
(17,4) (16,4) 9
(17,4) (18,4) 9
(18,4) (17,4) 9
(18,4) (19,4) 9
(19,4) (18,4) 9
(19,4) (20,4) 9
(20,4) (19,4) 9
(1,4) t 9
(2,4) t 9
(3,4) t 9
(4,4) t 9
(5,4) t 9
(6,4) t 9
(7,4) t 9
(8,4) t 9
(9,4) t 9
(10,4) t 9
(11,4) t 9
(12,4) t 9
(13,4) t 9
(14,4) t 9
(15,4) t 9
(16,4) t 9
(17,4) t 9
(18,4) t 9
(19,4) t 9
(20,4) t 9
