s (1,1) 9
s (2,1) 9
s (3,1) 9
(1,1) (1,2) 9
(1,2) (1,3) 9
(1,3) (1,4) 9
(1,4) (1,5) 9
(1,5) (1,6) 9
(1,6) (1,7) 9
(1,7) (1,8) 9
(1,8) (1,9) 9
(1,9) (1,10) 9
(1,10) (1,11) 9
(1,11) (1,12) 9
(2,1) (2,2) 9
(2,2) (2,3) 9
(2,3) (2,4) 9
(2,4) (2,5) 9
(2,5) (2,6) 9
(2,6) (2,7) 9
(2,7) (2,8) 9
(2,8) (2,9) 9
(2,9) (2,10) 9
(2,10) (2,11) 9
(2,11) (2,12) 9
(3,1) (3,2) 9
(3,2) (3,3) 9
(3,3) (3,4) 9
(3,4) (3,5) 9
(3,5) (3,6) 9
(3,6) (3,7) 9
(3,7) (3,8) 9
(3,8) (3,9) 9
(3,9) (3,10) 9
(3,10) (3,11) 9
(3,11) (3,12) 9
(1,1) (2,1) 9
(2,1) (1,1) 9
(2,1) (3,1) 9
(3,1) (2,1) 9
(1,2) (2,2) 9
(2,2) (1,2) 9
(2,2) (3,2) 9
(3,2) (2,2) 9
(1,3) (2,3) 9
(2,3) (1,3) 9
(2,3) (3,3) 9
(3,3) (2,3) 9
(1,4) (2,4) 9
(2,4) (1,4) 9
(2,4) (3,4) 9
(3,4) (2,4) 9
(1,5) (2,5) 9
(2,5) (1,5) 9
(2,5) (3,5) 9
(3,5) (2,5) 9
(1,6) (2,6) 9
(2,6) (1,6) 9
(2,6) (3,6) 9
(3,6) (2,6) 9
(1,7) (2,7) 9
(2,7) (1,7) 9
(2,7) (3,7) 9
(3,7) (2,7) 9
(1,8) (2,8) 9
(2,8) (1,8) 9
(2,8) (3,8) 9
(3,8) (2,8) 9
(1,9) (2,9) 9
(2,9) (1,9) 9
(2,9) (3,9) 9
(3,9) (2,9) 9
(1,10) (2,10) 9
(2,10) (1,10) 9
(2,10) (3,10) 9
(3,10) (2,10) 9
(1,11) (2,11) 9
(2,11) (1,11) 9
(2,11) (3,11) 9
(3,11) (2,11) 9
(1,12) (2,12) 9
(2,12) (1,12) 9
(2,12) (3,12) 9
(3,12) (2,12) 9
(1,12) t 9
(2,12) t 9
(3,12) t 9
