s (1,1) 36
s (2,1) 26
s (3,1) 17
s (4,1) 35
s (5,1) 16
s (6,1) 29
(1,1) (1,2) 39
(1,2) (1,3) 17
(1,3) (1,4) 15
(1,4) (1,5) 9
(1,5) (1,6) 26
(2,1) (2,2) 16
(2,2) (2,3) 34
(2,3) (2,4) 17
(2,4) (2,5) 30
(2,5) (2,6) 37
(3,1) (3,2) 41
(3,2) (3,3) 12
(3,3) (3,4) 28
(3,4) (3,5) 21
(3,5) (3,6) 18
(4,1) (4,2) 20
(4,2) (4,3) 33
(4,3) (4,4) 19
(4,4) (4,5) 24
(4,5) (4,6) 17
(5,1) (5,2) 19
(5,2) (5,3) 21
(5,3) (5,4) 34
(5,4) (5,5) 33
(5,5) (5,6) 12
(6,1) (6,2) 13
(6,2) (6,3) 29
(6,3) (6,4) 33
(6,4) (6,5) 20
(6,5) (6,6) 27
(1,1) (2,1) 26
(2,1) (1,1) 31
(2,1) (3,1) 33
(3,1) (2,1) 27
(3,1) (4,1) 29
(4,1) (3,1) 18
(4,1) (5,1) 38
(5,1) (4,1) 37
(5,1) (6,1) 10
(6,1) (5,1) 39
(1,2) (2,2) 32
(2,2) (1,2) 16
(2,2) (3,2) 20
(3,2) (2,2) 29
(3,2) (4,2) 17
(4,2) (3,2) 13
(4,2) (5,2) 26
(5,2) (4,2) 35
(5,2) (6,2) 18
(6,2) (5,2) 9
(1,3) (2,3) 22
(2,3) (1,3) 26
(2,3) (3,3) 25
(3,3) (2,3) 12
(3,3) (4,3) 20
(4,3) (3,3) 38
(4,3) (5,3) 39
(5,3) (4,3) 37
(5,3) (6,3) 9
(6,3) (5,3) 17
(1,4) (2,4) 23
(2,4) (1,4) 39
(2,4) (3,4) 14
(3,4) (2,4) 21
(3,4) (4,4) 41
(4,4) (3,4) 20
(4,4) (5,4) 34
(5,4) (4,4) 22
(5,4) (6,4) 38
(6,4) (5,4) 39
(1,5) (2,5) 20
(2,5) (1,5) 11
(2,5) (3,5) 28
(3,5) (2,5) 40
(3,5) (4,5) 34
(4,5) (3,5) 33
(4,5) (5,5) 37
(5,5) (4,5) 14
(5,5) (6,5) 26
(6,5) (5,5) 20
(1,6) (2,6) 41
(2,6) (1,6) 11
(2,6) (3,6) 9
(3,6) (2,6) 29
(3,6) (4,6) 36
(4,6) (3,6) 24
(4,6) (5,6) 27
(5,6) (4,6) 17
(5,6) (6,6) 15
(6,6) (5,6) 33
(1,6) t 37
(2,6) t 32
(3,6) t 27
(4,6) t 22
(5,6) t 18
(6,6) t 25
