s (1,1) 14
s (2,1) 9
s (3,1) 5
(1,1) (1,2) 12
(1,2) (1,3) 14
(1,3) (1,4) 8
(1,4) (1,5) 8
(1,5) (1,6) 10
(1,6) (1,7) 7
(1,7) (1,8) 11
(1,8) (1,9) 5
(1,9) (1,10) 12
(1,10) (1,11) 8
(1,11) (1,12) 12
(2,1) (2,2) 8
(2,2) (2,3) 14
(2,3) (2,4) 10
(2,4) (2,5) 9
(2,5) (2,6) 12
(2,6) (2,7) 8
(2,7) (2,8) 5
(2,8) (2,9) 16
(2,9) (2,10) 9
(2,10) (2,11) 9
(2,11) (2,12) 11
(3,1) (3,2) 7
(3,2) (3,3) 9
(3,3) (3,4) 13
(3,4) (3,5) 10
(3,5) (3,6) 13
(3,6) (3,7) 9
(3,7) (3,8) 6
(3,8) (3,9) 8
(3,9) (3,10) 9
(3,10) (3,11) 8
(3,11) (3,12) 8
(1,1) (2,1) 8
(2,1) (1,1) 13
(2,1) (3,1) 11
(3,1) (2,1) 13
(1,2) (2,2) 15
(2,2) (1,2) 10
(2,2) (3,2) 10
(3,2) (2,2) 6
(1,3) (2,3) 8
(2,3) (1,3) 11
(2,3) (3,3) 9
(3,3) (2,3) 8
(1,4) (2,4) 7
(2,4) (1,4) 11
(2,4) (3,4) 11
(3,4) (2,4) 12
(1,5) (2,5) 15
(2,5) (1,5) 7
(2,5) (3,5) 14
(3,5) (2,5) 6
(1,6) (2,6) 7
(2,6) (1,6) 10
(2,6) (3,6) 6
(3,6) (2,6) 15
(1,7) (2,7) 7
(2,7) (1,7) 12
(2,7) (3,7) 11
(3,7) (2,7) 13
(1,8) (2,8) 12
(2,8) (1,8) 8
(2,8) (3,8) 16
(3,8) (2,8) 15
(1,9) (2,9) 15
(2,9) (1,9) 9
(2,9) (3,9) 15
(3,9) (2,9) 6
(1,10) (2,10) 11
(2,10) (1,10) 8
(2,10) (3,10) 8
(3,10) (2,10) 5
(1,11) (2,11) 10
(2,11) (1,11) 5
(2,11) (3,11) 8
(3,11) (2,11) 8
(1,12) (2,12) 6
(2,12) (1,12) 8
(2,12) (3,12) 10
(3,12) (2,12) 12
(1,12) t 5
(2,12) t 13
(3,12) t 14
