s (1,1) 25
s (2,1) 18
s (3,1) 16
s (4,1) 10
s (5,1) 17
s (6,1) 24
(1,1) (1,2) 14
(1,2) (1,3) 27
(1,3) (1,4) 22
(1,4) (1,5) 18
(2,1) (2,2) 18
(2,2) (2,3) 14
(2,3) (2,4) 27
(2,4) (2,5) 27
(3,1) (3,2) 26
(3,2) (3,3) 9
(3,3) (3,4) 14
(3,4) (3,5) 12
(4,1) (4,2) 26
(4,2) (4,3) 14
(4,3) (4,4) 14
(4,4) (4,5) 22
(5,1) (5,2) 12
(5,2) (5,3) 17
(5,3) (5,4) 24
(5,4) (5,5) 22
(6,1) (6,2) 14
(6,2) (6,3) 11
(6,3) (6,4) 16
(6,4) (6,5) 25
(1,1) (2,1) 22
(2,1) (1,1) 15
(2,1) (3,1) 11
(3,1) (2,1) 17
(3,1) (4,1) 11
(4,1) (3,1) 24
(4,1) (5,1) 23
(5,1) (4,1) 25
(5,1) (6,1) 16
(6,1) (5,1) 25
(1,2) (2,2) 16
(2,2) (1,2) 23
(2,2) (3,2) 10
(3,2) (2,2) 11
(3,2) (4,2) 12
(4,2) (3,2) 9
(4,2) (5,2) 16
(5,2) (4,2) 16
(5,2) (6,2) 25
(6,2) (5,2) 13
(1,3) (2,3) 12
(2,3) (1,3) 11
(2,3) (3,3) 25
(3,3) (2,3) 15
(3,3) (4,3) 14
(4,3) (3,3) 21
(4,3) (5,3) 13
(5,3) (4,3) 15
(5,3) (6,3) 19
(6,3) (5,3) 13
(1,4) (2,4) 22
(2,4) (1,4) 16
(2,4) (3,4) 25
(3,4) (2,4) 24
(3,4) (4,4) 21
(4,4) (3,4) 12
(4,4) (5,4) 9
(5,4) (4,4) 18
(5,4) (6,4) 13
(6,4) (5,4) 15
(1,5) (2,5) 20
(2,5) (1,5) 21
(2,5) (3,5) 12
(3,5) (2,5) 23
(3,5) (4,5) 12
(4,5) (3,5) 9
(4,5) (5,5) 26
(5,5) (4,5) 12
(5,5) (6,5) 25
(6,5) (5,5) 27
(1,5) t 23
(2,5) t 13
(3,5) t 22
(4,5) t 16
(5,5) t 14
(6,5) t 13
