s 2 96
s 4 24
s 6 139
s 8 159
s 9 94
s 12 34
s 14 155
s 22 28
s 23 107
s 24 103
s 27 125
s 28 140
s 33 27
s 34 39
s 38 21
s 41 117
s 42 74
s 43 17
s 44 74
s 46 48
s 48 154
s 50 34
s 52 58
s 53 112
s 54 92
s 56 12
s 63 19
s 64 13
s 65 18
s 66 121
s 67 129
s 68 159
s 72 132
s 78 23
s 79 30
1 8 150
1 9 137
1 31 99
1 34 11
1 37 57
1 38 142
1 39 156
1 40 151
1 41 84
1 46 94
1 51 23
1 54 128
1 55 147
1 58 89
1 61 35
1 62 70
1 63 156
1 65 107
1 67 20
1 70 38
1 72 149
1 76 65
1 77 58
1 79 100
2 6 149
2 8 134
2 9 24
2 11 41
2 13 44
2 14 91
2 15 41
2 18 19
2 19 64
2 21 72
2 23 116
2 25 61
2 26 125
2 27 70
2 28 70
2 36 65
2 37 128
2 44 120
2 45 62
2 46 102
2 49 33
2 50 58
2 52 44
2 53 157
2 54 135
2 57 97
2 62 139
2 64 10
2 65 36
2 66 87
2 67 35
2 69 95
2 70 20
2 72 92
2 76 80
2 79 118
3 4 102
3 8 104
3 9 13
3 11 16
3 12 50
3 16 48
3 17 17
3 21 140
3 23 82
3 27 108
3 29 49
3 30 143
3 32 144
3 34 13
3 36 101
3 37 111
3 38 18
3 44 159
3 46 91
3 47 18
3 50 39
3 52 138
3 53 41
3 54 59
3 55 24
3 56 148
3 57 89
3 58 78
3 59 145
3 60 114
3 61 58
3 64 75
3 65 150
3 66 110
3 70 61
3 71 28
3 72 35
3 74 60
3 75 63
3 77 33
3 78 56
3 79 56
3 t 97
4 3 102
4 8 147
4 9 70
4 15 21
4 19 107
4 20 20
4 22 12
4 24 109
4 27 119
4 29 64
4 30 63
4 31 60
4 39 61
4 41 79
4 45 81
4 46 58
4 52 64
4 57 58
4 58 29
4 59 57
4 60 51
4 61 34
4 63 25
4 68 47
4 70 69
4 71 148
4 73 36
4 74 109
4 77 48
4 80 27
5 7 82
5 8 62
5 11 70
5 12 126
5 14 51
5 18 39
5 20 107
5 25 59
5 27 83
5 28 18
5 32 138
5 34 106
5 37 19
5 39 38
5 40 103
5 43 19
5 44 112
5 49 59
5 50 106
5 51 146
5 52 130
5 53 59
5 54 73
5 55 59
5 57 50
5 60 127
5 61 140
5 62 136
5 66 107
5 68 152
5 73 121
5 75 34
5 77 50
5 78 65
6 2 149
6 11 74
6 18 49
6 19 37
6 20 142
6 22 35
6 25 65
6 27 100
6 34 77
6 35 72
6 38 33
6 39 103
6 42 33
6 44 32
6 45 17
6 48 134
6 52 80
6 54 110
6 56 132
6 59 117
6 60 100
6 64 124
6 68 51
6 70 97
6 71 19
6 73 61
6 74 133
6 77 52
6 78 62
6 79 127
6 80 157
6 t 48
7 5 82
7 8 60
7 10 112
7 11 110
7 12 148
7 14 41
7 15 80
7 18 13
7 19 64
7 20 54
7 21 127
7 23 142
7 24 115
7 28 64
7 29 84
7 32 115
7 35 110
7 37 35
7 38 12
7 39 125
7 41 83
7 42 98
7 43 132
7 51 66
7 52 118
7 58 31
7 64 124
7 66 115
7 69 44
7 76 76
7 77 46
7 78 108
7 79 115
7 80 41
7 t 108
8 1 150
8 2 134
8 3 104
8 4 147
8 5 62
8 7 60
8 13 115
8 14 87
8 17 97
8 19 49
8 24 58
8 28 116
8 30 21
8 33 150
8 36 60
8 40 66
8 41 155
8 42 63
8 43 128
8 45 59
8 48 32
8 50 128
8 51 126
8 52 78
8 53 94
8 55 76
8 56 85
8 57 90
8 59 80
8 60 50
8 61 142
8 65 152
8 66 39
8 67 41
8 68 157
8 73 20
8 75 105
8 77 159
8 79 84
9 1 137
9 2 24
9 3 13
9 4 70
9 10 109
9 11 123
9 14 102
9 16 122
9 17 73
9 21 38
9 30 47
9 31 86
9 32 33
9 37 153
9 38 63
9 40 130
9 46 20
9 48 44
9 49 81
9 51 115
9 58 154
9 63 62
9 66 157
9 76 24
10 7 112
10 9 109
10 11 11
10 13 158
10 15 61
10 16 31
10 17 148
10 23 93
10 26 30
10 29 78
10 31 63
10 34 105
10 35 43
10 43 58
10 45 49
10 47 95
10 48 93
10 51 148
10 52 150
10 54 87
10 56 65
10 58 51
10 63 118
10 65 21
10 66 30
10 69 117
10 70 21
10 77 40
11 2 41
11 3 16
11 5 70
11 6 74
11 7 110
11 9 123
11 10 11
11 16 52
11 19 158
11 26 37
11 29 144
11 30 117
11 32 66
11 33 53
11 34 127
11 35 96
11 36 36
11 37 52
11 45 18
11 47 25
11 49 24
11 54 36
11 58 52
11 64 80
11 70 134
11 71 38
11 75 56
11 76 24
11 77 74
11 80 82
11 t 138
12 3 50
12 5 126
12 7 148
12 13 28
12 17 98
12 21 65
12 26 75
12 27 71
12 28 91
12 29 104
12 31 72
12 32 96
12 37 117
12 38 74
12 42 151
12 43 116
12 49 108
12 51 111
12 52 90
12 53 75
12 54 22
12 55 69
12 56 86
12 59 30
12 63 37
12 66 84
12 68 129
12 71 147
12 72 31
12 73 84
12 74 115
12 76 48
12 77 47
13 2 44
13 8 115
13 10 158
13 12 28
13 15 65
13 17 135
13 19 153
13 23 108
13 24 88
13 25 118
13 31 94
13 33 60
13 34 118
13 35 40
13 50 134
13 52 37
13 55 47
13 59 106
13 64 58
13 65 147
13 66 146
13 67 38
13 68 101
13 71 60
13 72 150
13 77 60
13 t 105
14 2 91
14 5 51
14 7 41
14 8 87
14 9 102
14 17 61
14 18 79
14 19 150
14 24 89
14 27 113
14 31 12
14 33 15
14 36 130
14 45 83
14 47 26
14 50 86
14 51 116
14 53 75
14 57 70
14 58 52
14 59 87
14 61 63
14 68 100
14 70 71
14 76 94
14 78 69
15 2 41
15 4 21
15 7 80
15 10 61
15 13 65
15 17 151
15 18 83
15 19 112
15 21 93
15 23 83
15 27 89
15 28 85
15 35 143
15 36 98
15 37 104
15 39 111
15 40 130
15 43 145
15 44 100
15 47 41
15 48 73
15 51 118
15 54 41
15 55 33
15 57 55
15 58 138
15 60 108
15 61 153
15 62 94
15 63 116
15 64 119
15 67 97
15 68 148
15 69 150
15 74 12
15 78 38
15 79 66
16 3 48
16 9 122
16 10 31
16 11 52
16 17 153
16 25 18
16 27 100
16 30 64
16 34 113
16 39 127
16 40 158
16 42 140
16 43 12
16 48 22
16 53 124
16 55 133
16 56 101
16 58 75
16 59 57
16 61 109
16 62 152
16 63 70
16 66 81
16 69 120
16 74 107
16 75 32
16 78 26
16 79 75
16 80 61
17 3 17
17 8 97
17 9 73
17 10 148
17 12 98
17 13 135
17 14 61
17 15 151
17 16 153
17 21 40
17 24 34
17 25 54
17 26 57
17 30 42
17 36 21
17 37 102
17 38 79
17 43 52
17 47 129
17 49 86
17 50 36
17 55 23
17 57 48
17 60 136
17 63 93
17 68 71
17 69 69
17 72 25
17 75 116
17 77 158
18 2 19
18 5 39
18 6 49
18 7 13
18 14 79
18 15 83
18 19 39
18 22 132
18 24 63
18 25 125
18 29 148
18 31 34
18 34 157
18 38 88
18 39 87
18 40 45
18 41 151
18 54 149
18 55 129
18 57 39
18 58 145
18 59 123
18 60 114
18 61 64
18 62 97
18 68 87
18 71 60
18 73 123
18 74 98
18 75 133
18 78 147
19 2 64
19 4 107
19 6 37
19 7 64
19 8 49
19 11 158
19 13 153
19 14 150
19 15 112
19 18 39
19 21 30
19 22 96
19 23 55
19 25 54
19 28 10
19 30 130
19 32 124
19 35 18
19 42 114
19 43 129
19 45 103
19 48 127
19 52 131
19 53 113
19 54 79
19 55 142
19 59 83
19 60 30
19 62 15
19 68 155
19 69 86
19 70 138
19 72 58
19 74 53
19 78 112
19 80 98
20 4 20
20 5 107
20 6 142
20 7 54
20 24 58
20 27 110
20 29 37
20 31 72
20 32 142
20 33 76
20 34 117
20 35 118
20 36 110
20 39 104
20 40 66
20 41 21
20 42 41
20 48 59
20 52 113
20 53 72
20 54 10
20 55 117
20 57 32
20 58 154
20 59 91
20 63 155
20 67 31
20 68 28
20 69 96
20 72 132
20 73 93
20 75 65
20 78 155
20 79 77
20 80 47
21 2 72
21 3 140
21 7 127
21 9 38
21 12 65
21 15 93
21 17 40
21 19 30
21 24 159
21 28 107
21 30 78
21 32 32
21 33 33
21 34 153
21 35 66
21 36 99
21 37 32
21 42 119
21 45 97
21 47 97
21 50 78
21 51 56
21 52 31
21 54 159
21 57 32
21 59 33
21 60 95
21 61 145
21 66 86
21 67 97
21 68 108
21 71 58
21 73 124
21 74 135
21 77 51
21 78 131
22 4 12
22 6 35
22 18 132
22 19 96
22 24 21
22 25 87
22 26 117
22 28 127
22 29 113
22 31 99
22 33 105
22 34 31
22 37 154
22 39 106
22 41 105
22 44 87
22 48 90
22 54 113
22 55 52
22 59 15
22 60 33
22 63 35
22 64 61
22 74 66
22 75 86
22 76 20
22 78 119
22 t 16
23 2 116
23 3 82
23 7 142
23 10 93
23 13 108
23 15 83
23 19 55
23 31 115
23 32 43
23 33 59
23 34 40
23 35 53
23 36 97
23 37 112
23 40 121
23 43 37
23 45 106
23 49 37
23 50 35
23 51 32
23 52 82
23 54 103
23 56 26
23 61 55
23 62 19
23 64 14
23 66 114
23 69 97
23 70 32
23 73 140
23 80 107
24 4 109
24 7 115
24 8 58
24 13 88
24 14 89
24 17 34
24 18 63
24 20 58
24 21 159
24 22 21
24 25 29
24 26 77
24 27 45
24 32 94
24 34 90
24 42 59
24 43 55
24 44 102
24 45 109
24 47 108
24 49 46
24 51 22
24 53 107
24 54 31
24 56 59
24 60 86
24 61 14
24 62 48
24 69 105
24 71 25
24 73 102
24 74 69
24 76 28
24 79 71
24 80 119
24 t 54
25 2 61
25 5 59
25 6 65
25 13 118
25 16 18
25 17 54
25 18 125
25 19 54
25 22 87
25 24 29
25 27 150
25 28 25
25 29 137
25 31 17
25 34 130
25 36 12
25 37 109
25 38 70
25 40 79
25 41 138
25 42 75
25 44 20
25 45 140
25 46 88
25 47 15
25 48 15
25 54 59
25 55 69
25 58 43
25 64 72
25 65 80
25 66 88
25 71 99
25 72 146
25 75 146
25 78 22
25 79 138
26 2 125
26 10 30
26 11 37
26 12 75
26 17 57
26 22 117
26 24 77
26 27 56
26 29 120
26 31 20
26 33 43
26 35 132
26 36 126
26 40 152
26 47 62
26 48 39
26 49 58
26 52 70
26 53 19
26 54 99
26 55 15
26 56 119
26 57 91
26 58 138
26 59 158
26 63 23
26 67 153
26 68 25
26 69 49
26 72 56
26 77 149
26 78 128
26 79 64
26 t 36
27 2 70
27 3 108
27 4 119
27 5 83
27 6 100
27 12 71
27 14 113
27 15 89
27 16 100
27 20 110
27 24 45
27 25 150
27 26 56
27 30 121
27 34 151
27 36 159
27 41 42
27 46 52
27 48 57
27 53 129
27 55 34
27 56 107
27 57 142
27 59 100
27 61 105
27 63 137
27 64 100
27 67 106
27 69 141
27 70 159
27 76 103
27 79 124
27 80 92
27 t 18
28 2 70
28 5 18
28 7 64
28 8 116
28 12 91
28 15 85
28 19 10
28 21 107
28 22 127
28 25 25
28 31 46
28 44 25
28 46 18
28 47 28
28 49 29
28 51 29
28 55 138
28 56 130
28 58 112
28 61 84
28 63 78
28 66 103
28 67 25
28 71 72
28 72 66
28 74 130
28 78 137
28 79 90
28 80 102
28 t 70
29 3 49
29 4 64
29 7 84
29 10 78
29 11 144
29 12 104
29 18 148
29 20 37
29 22 113
29 25 137
29 26 120
29 32 20
29 33 153
29 36 141
29 39 43
29 41 73
29 42 147
29 43 96
29 47 46
29 48 11
29 49 67
29 50 147
29 52 49
29 53 117
29 54 29
29 56 137
29 58 137
29 61 149
29 62 144
29 63 20
29 68 89
29 70 10
29 71 154
29 73 86
29 80 42
29 t 156
30 3 143
30 4 63
30 8 21
30 9 47
30 11 117
30 16 64
30 17 42
30 19 130
30 21 78
30 27 121
30 34 113
30 36 49
30 38 49
30 40 158
30 42 108
30 44 98
30 45 101
30 46 72
30 49 132
30 53 92
30 55 60
30 57 70
30 61 38
30 63 122
30 65 143
30 66 38
30 67 47
30 69 69
30 73 102
30 75 113
30 79 66
31 1 99
31 4 60
31 9 86
31 10 63
31 12 72
31 13 94
31 14 12
31 18 34
31 20 72
31 22 99
31 23 115
31 25 17
31 26 20
31 28 46
31 32 158
31 35 22
31 42 117
31 45 88
31 47 141
31 51 155
31 56 38
31 57 99
31 61 100
31 64 66
31 65 46
31 66 80
31 69 32
31 70 100
31 76 35
32 3 144
32 5 138
32 7 115
32 9 33
32 11 66
32 12 96
32 19 124
32 20 142
32 21 32
32 23 43
32 24 94
32 29 20
32 31 158
32 35 82
32 39 106
32 45 142
32 48 96
32 50 101
32 52 149
32 59 98
32 61 52
32 62 111
32 63 97
32 64 142
32 67 78
32 68 129
32 70 74
32 72 43
32 78 101
32 79 147
32 80 55
32 t 148
33 8 150
33 11 53
33 13 60
33 14 15
33 20 76
33 21 33
33 22 105
33 23 59
33 26 43
33 29 153
33 35 146
33 36 115
33 39 59
33 40 92
33 43 12
33 44 76
33 51 85
33 52 48
33 53 56
33 56 123
33 57 57
33 60 114
33 61 121
33 64 128
33 65 124
33 67 127
33 68 37
33 69 137
33 76 152
33 77 66
33 78 10
34 1 11
34 3 13
34 5 106
34 6 77
34 10 105
34 11 127
34 13 118
34 16 113
34 18 157
34 20 117
34 21 153
34 22 31
34 23 40
34 24 90
34 25 130
34 27 151
34 30 113
34 39 121
34 40 85
34 43 143
34 44 89
34 50 141
34 51 62
34 52 157
34 56 123
34 57 79
34 58 41
34 65 11
34 67 146
34 68 111
34 69 91
34 73 73
34 74 146
34 77 104
34 78 109
34 80 147
34 t 148
35 6 72
35 7 110
35 10 43
35 11 96
35 13 40
35 15 143
35 19 18
35 20 118
35 21 66
35 23 53
35 26 132
35 31 22
35 32 82
35 33 146
35 36 56
35 41 83
35 42 57
35 43 94
35 44 29
35 45 146
35 47 86
35 49 133
35 51 67
35 52 89
35 56 123
35 57 40
35 58 96
35 59 110
35 60 157
35 64 97
35 66 157
35 74 113
35 76 69
35 77 120
35 79 140
35 80 106
35 t 18
36 2 65
36 3 101
36 8 60
36 11 36
36 14 130
36 15 98
36 17 21
36 20 110
36 21 99
36 23 97
36 25 12
36 26 126
36 27 159
36 29 141
36 30 49
36 33 115
36 35 56
36 39 115
36 40 72
36 43 56
36 44 127
36 45 66
36 46 95
36 48 50
36 49 91
36 51 20
36 56 73
36 58 15
36 59 11
36 61 10
36 63 103
36 64 63
36 67 117
36 68 107
36 69 131
36 70 38
36 72 57
36 73 136
36 75 35
36 t 63
37 1 57
37 2 128
37 3 111
37 5 19
37 7 35
37 9 153
37 11 52
37 12 117
37 15 104
37 17 102
37 21 32
37 22 154
37 23 112
37 25 109
37 39 111
37 40 61
37 43 95
37 46 93
37 50 54
37 51 124
37 54 23
37 58 153
37 63 81
37 64 48
37 66 73
37 73 25
37 74 64
37 75 124
37 t 116
38 1 142
38 3 18
38 6 33
38 7 12
38 9 63
38 12 74
38 17 79
38 18 88
38 25 70
38 30 49
38 39 53
38 40 111
38 42 88
38 43 92
38 44 147
38 47 129
38 51 67
38 53 145
38 54 145
38 58 137
38 60 107
38 63 65
38 67 16
38 75 35
38 78 138
38 79 132
38 80 61
39 1 156
39 4 61
39 5 38
39 6 103
39 7 125
39 15 111
39 16 127
39 18 87
39 20 104
39 22 106
39 29 43
39 32 106
39 33 59
39 34 121
39 36 115
39 37 111
39 38 53
39 40 74
39 41 70
39 42 10
39 43 124
39 44 56
39 46 82
39 47 156
39 49 149
39 53 97
39 56 45
39 60 82
39 63 63
39 65 128
39 68 95
39 70 132
39 73 106
39 76 86
39 77 73
39 79 63
40 1 151
40 5 103
40 8 66
40 9 130
40 15 130
40 16 158
40 18 45
40 20 66
40 23 121
40 25 79
40 26 152
40 30 158
40 33 92
40 34 85
40 36 72
40 37 61
40 38 111
40 39 74
40 42 48
40 45 133
40 48 38
40 49 130
40 51 53
40 52 152
40 55 147
40 60 37
40 62 72
40 64 152
40 65 133
40 68 57
40 69 15
40 70 64
40 72 32
40 73 107
40 76 131
40 78 112
40 80 94
40 t 140
41 1 84
41 4 79
41 7 83
41 8 155
41 18 151
41 20 21
41 22 105
41 25 138
41 27 42
41 29 73
41 35 83
41 39 70
41 43 16
41 44 74
41 45 32
41 51 64
41 53 152
41 61 138
41 63 150
41 64 145
41 65 139
41 69 44
41 70 87
41 71 154
41 73 114
41 75 22
41 76 116
41 77 70
41 79 67
42 6 33
42 7 98
42 8 63
42 12 151
42 16 140
42 19 114
42 20 41
42 21 119
42 24 59
42 25 75
42 29 147
42 30 108
42 31 117
42 35 57
42 38 88
42 39 10
42 40 48
42 43 131
42 44 41
42 45 70
42 46 49
42 53 96
42 59 122
42 61 84
42 62 143
42 63 114
42 66 46
42 67 132
42 70 140
42 71 61
42 73 45
42 78 58
42 t 12
43 5 19
43 7 132
43 8 128
43 10 58
43 12 116
43 15 145
43 16 12
43 17 52
43 19 129
43 23 37
43 24 55
43 29 96
43 33 12
43 34 143
43 35 94
43 36 56
43 37 95
43 38 92
43 39 124
43 41 16
43 42 131
43 46 28
43 47 43
43 52 34
43 53 117
43 56 64
43 59 78
43 60 126
43 65 129
43 68 127
43 69 39
43 70 30
43 72 159
43 73 72
43 75 17
43 80 30
44 2 120
44 3 159
44 5 112
44 6 32
44 15 100
44 22 87
44 24 102
44 25 20
44 28 25
44 30 98
44 33 76
44 34 89
44 35 29
44 36 127
44 38 147
44 39 56
44 41 74
44 42 41
44 47 27
44 50 114
44 51 159
44 54 97
44 55 145
44 57 39
44 63 79
44 67 97
44 69 141
44 75 140
44 t 33
45 2 62
45 4 81
45 6 17
45 8 59
45 10 49
45 11 18
45 14 83
45 19 103
45 21 97
45 23 106
45 24 109
45 25 140
45 30 101
45 31 88
45 32 142
45 35 146
45 36 66
45 40 133
45 41 32
45 42 70
45 46 30
45 47 74
45 49 73
45 51 122
45 52 19
45 54 111
45 55 123
45 58 31
45 60 115
45 63 88
45 70 90
45 75 134
45 76 123
45 78 73
46 1 94
46 2 102
46 3 91
46 4 58
46 9 20
46 25 88
46 27 52
46 28 18
46 30 72
46 36 95
46 37 93
46 39 82
46 42 49
46 43 28
46 45 30
46 47 101
46 48 119
46 50 79
46 51 70
46 57 116
46 59 93
46 62 53
46 66 38
46 68 117
46 70 122
46 71 90
46 73 128
46 75 71
46 79 151
47 3 18
47 10 95
47 11 25
47 14 26
47 15 41
47 17 129
47 21 97
47 24 108
47 25 15
47 26 62
47 28 28
47 29 46
47 31 141
47 35 86
47 38 129
47 39 156
47 43 43
47 44 27
47 45 74
47 46 101
47 48 19
47 49 77
47 50 14
47 55 81
47 56 148
47 57 148
47 58 122
47 59 129
47 64 92
47 69 13
47 70 34
47 77 137
47 78 124
47 80 119
48 6 134
48 8 32
48 9 44
48 10 93
48 15 73
48 16 22
48 19 127
48 20 59
48 22 90
48 25 15
48 26 39
48 27 57
48 29 11
48 32 96
48 36 50
48 40 38
48 46 119
48 47 19
48 49 148
48 51 10
48 54 138
48 55 108
48 56 61
48 58 113
48 59 65
48 64 146
48 65 126
48 67 47
48 68 134
48 71 145
48 72 130
48 79 18
48 80 103
48 t 151
49 2 33
49 5 59
49 9 81
49 11 24
49 12 108
49 17 86
49 23 37
49 24 46
49 26 58
49 28 29
49 29 67
49 30 132
49 35 133
49 36 91
49 39 149
49 40 130
49 45 73
49 47 77
49 48 148
49 50 40
49 51 51
49 54 104
49 56 119
49 59 13
49 60 152
49 61 154
49 67 114
49 68 55
49 70 69
49 75 150
49 79 70
49 80 113
50 2 58
50 3 39
50 5 106
50 8 128
50 13 134
50 14 86
50 17 36
50 21 78
50 23 35
50 29 147
50 32 101
50 34 141
50 37 54
50 44 114
50 46 79
50 47 14
50 49 40
50 51 122
50 52 78
50 57 138
50 60 156
50 61 99
50 63 90
50 64 17
50 66 52
50 68 90
50 69 11
50 75 39
51 1 23
51 5 146
51 7 66
51 8 126
51 9 115
51 10 148
51 12 111
51 14 116
51 15 118
51 21 56
51 23 32
51 24 22
51 28 29
51 31 155
51 33 85
51 34 62
51 35 67
51 36 20
51 37 124
51 38 67
51 40 53
51 41 64
51 44 159
51 45 122
51 46 70
51 48 10
51 49 51
51 50 122
51 52 86
51 54 152
51 59 108
51 61 145
51 62 105
51 65 99
51 69 81
51 70 117
51 71 119
51 74 143
51 75 102
51 79 147
51 t 121
52 2 44
52 3 138
52 4 64
52 5 130
52 6 80
52 7 118
52 8 78
52 10 150
52 12 90
52 13 37
52 19 131
52 20 113
52 21 31
52 23 82
52 26 70
52 29 49
52 32 149
52 33 48
52 34 157
52 35 89
52 40 152
52 43 34
52 45 19
52 50 78
52 51 86
52 53 104
52 54 135
52 55 63
52 58 127
52 62 102
52 65 61
52 67 95
52 69 104
52 72 30
52 74 101
52 77 155
52 80 153
53 2 157
53 3 41
53 5 59
53 8 94
53 12 75
53 14 75
53 16 124
53 19 113
53 20 72
53 24 107
53 26 19
53 27 129
53 29 117
53 30 92
53 33 56
53 38 145
53 39 97
53 41 152
53 42 96
53 43 117
53 52 104
53 55 105
53 57 66
53 59 152
53 60 85
53 61 146
53 63 141
53 64 69
53 65 58
53 66 34
53 68 78
53 71 111
53 74 20
53 78 157
53 80 51
53 t 95
54 1 128
54 2 135
54 3 59
54 5 73
54 6 110
54 10 87
54 11 36
54 12 22
54 15 41
54 18 149
54 19 79
54 20 10
54 21 159
54 22 113
54 23 103
54 24 31
54 25 59
54 26 99
54 29 29
54 37 23
54 38 145
54 44 97
54 45 111
54 48 138
54 49 104
54 51 152
54 52 135
54 57 78
54 61 16
54 62 26
54 64 99
54 65 106
54 67 132
54 68 47
54 73 152
54 74 89
54 75 111
54 76 105
54 77 62
54 78 88
54 79 56
54 80 104
55 1 147
55 3 24
55 5 59
55 8 76
55 12 69
55 13 47
55 15 33
55 16 133
55 17 23
55 18 129
55 19 142
55 20 117
55 22 52
55 25 69
55 26 15
55 27 34
55 28 138
55 30 60
55 40 147
55 44 145
55 45 123
55 47 81
55 48 108
55 52 63
55 53 105
55 57 143
55 58 114
55 60 49
55 63 80
55 73 100
56 3 148
56 6 132
56 8 85
56 10 65
56 12 86
56 16 101
56 23 26
56 24 59
56 26 119
56 27 107
56 28 130
56 29 137
56 31 38
56 33 123
56 34 123
56 35 123
56 36 73
56 39 45
56 43 64
56 47 148
56 48 61
56 49 119
56 57 130
56 60 96
56 61 117
56 65 111
56 66 88
56 69 59
56 71 129
56 73 21
56 74 22
56 75 131
56 76 18
56 t 32
57 2 97
57 3 89
57 4 58
57 5 50
57 8 90
57 14 70
57 15 55
57 17 48
57 18 39
57 20 32
57 21 32
57 26 91
57 27 142
57 30 70
57 31 99
57 33 57
57 34 79
57 35 40
57 44 39
57 46 116
57 47 148
57 50 138
57 53 66
57 54 78
57 55 143
57 56 130
57 58 19
57 59 47
57 63 74
57 65 130
57 70 56
57 72 104
57 74 130
57 79 49
57 t 136
58 1 89
58 3 78
58 4 29
58 7 31
58 9 154
58 10 51
58 11 52
58 14 52
58 15 138
58 16 75
58 18 145
58 20 154
58 25 43
58 26 138
58 28 112
58 29 137
58 34 41
58 35 96
58 36 15
58 37 153
58 38 137
58 45 31
58 47 122
58 48 113
58 52 127
58 55 114
58 57 19
58 65 119
58 67 130
58 70 76
58 72 122
58 74 75
58 75 53
59 3 145
59 4 57
59 6 117
59 8 80
59 12 30
59 13 106
59 14 87
59 16 57
59 18 123
59 19 83
59 20 91
59 21 33
59 22 15
59 26 158
59 27 100
59 32 98
59 35 110
59 36 11
59 42 122
59 43 78
59 46 93
59 47 129
59 48 65
59 49 13
59 51 108
59 53 152
59 57 47
59 60 54
59 63 63
59 66 154
59 67 153
59 68 117
59 69 42
59 71 71
59 72 120
59 76 63
59 79 83
59 80 50
59 t 57
60 3 114
60 4 51
60 5 127
60 6 100
60 8 50
60 15 108
60 17 136
60 18 114
60 19 30
60 21 95
60 22 33
60 24 86
60 33 114
60 35 157
60 38 107
60 39 82
60 40 37
60 43 126
60 45 115
60 49 152
60 50 156
60 53 85
60 55 49
60 56 96
60 59 54
60 63 128
60 65 92
60 71 80
60 74 97
60 75 78
60 76 35
60 78 49
60 79 70
60 80 58
60 t 50
61 1 35
61 3 58
61 4 34
61 5 140
61 8 142
61 14 63
61 15 153
61 16 109
61 18 64
61 21 145
61 23 55
61 24 14
61 27 105
61 28 84
61 29 149
61 30 38
61 31 100
61 32 52
61 33 121
61 36 10
61 41 138
61 42 84
61 49 154
61 50 99
61 51 145
61 53 146
61 54 16
61 56 117
61 64 10
61 65 63
61 68 150
61 72 88
61 76 145
61 78 27
61 79 80
62 1 70
62 2 139
62 5 136
62 15 94
62 16 152
62 18 97
62 19 15
62 23 19
62 24 48
62 29 144
62 32 111
62 40 72
62 42 143
62 46 53
62 51 105
62 52 102
62 54 26
62 63 10
62 66 64
62 69 135
62 75 10
62 76 19
62 78 26
62 t 25
63 1 156
63 4 25
63 9 62
63 10 118
63 12 37
63 15 116
63 16 70
63 17 93
63 20 155
63 22 35
63 26 23
63 27 137
63 28 78
63 29 20
63 30 122
63 32 97
63 36 103
63 37 81
63 38 65
63 39 63
63 41 150
63 42 114
63 44 79
63 45 88
63 50 90
63 53 141
63 55 80
63 57 74
63 59 63
63 60 128
63 62 10
63 65 72
63 66 118
63 68 82
63 72 16
63 74 45
63 75 158
63 76 70
63 77 122
63 80 14
63 t 10
64 2 10
64 3 75
64 6 124
64 7 124
64 11 80
64 13 58
64 15 119
64 22 61
64 23 14
64 25 72
64 27 100
64 31 66
64 32 142
64 33 128
64 35 97
64 36 63
64 37 48
64 40 152
64 41 145
64 47 92
64 48 146
64 50 17
64 53 69
64 54 99
64 61 10
64 68 106
64 74 154
64 76 137
65 1 107
65 2 36
65 3 150
65 8 152
65 10 21
65 13 147
65 25 80
65 30 143
65 31 46
65 33 124
65 34 11
65 39 128
65 40 133
65 41 139
65 43 129
65 48 126
65 51 99
65 52 61
65 53 58
65 54 106
65 56 111
65 57 130
65 58 119
65 60 92
65 61 63
65 63 72
65 69 77
65 70 59
65 75 110
65 77 124
65 78 125
65 80 87
65 t 45
66 2 87
66 3 110
66 5 107
66 7 115
66 8 39
66 9 157
66 10 30
66 12 84
66 13 146
66 16 81
66 21 86
66 23 114
66 25 88
66 28 103
66 30 38
66 31 80
66 35 157
66 37 73
66 42 46
66 46 38
66 50 52
66 53 34
66 56 88
66 59 154
66 62 64
66 63 118
66 68 143
66 71 10
66 72 30
66 76 130
66 80 108
67 1 20
67 2 35
67 8 41
67 13 38
67 15 97
67 20 31
67 21 97
67 26 153
67 27 106
67 28 25
67 30 47
67 32 78
67 33 127
67 34 146
67 36 117
67 38 16
67 42 132
67 44 97
67 48 47
67 49 114
67 52 95
67 54 132
67 58 130
67 59 153
67 68 66
67 70 102
67 71 93
67 73 25
67 76 34
67 78 55
67 80 68
68 4 47
68 5 152
68 6 51
68 8 157
68 12 129
68 13 101
68 14 100
68 15 148
68 17 71
68 18 87
68 19 155
68 20 28
68 21 108
68 26 25
68 29 89
68 32 129
68 33 37
68 34 111
68 36 107
68 39 95
68 40 57
68 43 127
68 46 117
68 48 134
68 49 55
68 50 90
68 53 78
68 54 47
68 59 117
68 61 150
68 63 82
68 64 106
68 66 143
68 67 66
68 77 136
68 79 81
69 2 95
69 7 44
69 10 117
69 15 150
69 16 120
69 17 69
69 19 86
69 20 96
69 23 97
69 24 105
69 26 49
69 27 141
69 30 69
69 31 32
69 33 137
69 34 91
69 36 131
69 40 15
69 41 44
69 43 39
69 44 141
69 47 13
69 50 11
69 51 81
69 52 104
69 56 59
69 59 42
69 62 135
69 65 77
69 70 50
69 74 31
69 75 119
70 1 38
70 2 20
70 3 61
70 4 69
70 6 97
70 10 21
70 11 134
70 14 71
70 19 138
70 23 32
70 27 159
70 29 10
70 31 100
70 32 74
70 36 38
70 39 132
70 40 64
70 41 87
70 42 140
70 43 30
70 45 90
70 46 122
70 47 34
70 49 69
70 51 117
70 57 56
70 58 76
70 65 59
70 67 102
70 69 50
70 71 60
70 72 151
70 73 47
70 80 68
71 3 28
71 4 148
71 6 19
71 11 38
71 12 147
71 13 60
71 18 60
71 21 58
71 24 25
71 25 99
71 28 72
71 29 154
71 41 154
71 42 61
71 46 90
71 48 145
71 51 119
71 53 111
71 56 129
71 59 71
71 60 80
71 66 10
71 67 93
71 70 60
71 73 81
71 78 104
71 80 47
72 1 149
72 2 92
72 3 35
72 12 31
72 13 150
72 17 25
72 19 58
72 20 132
72 25 146
72 26 56
72 28 66
72 32 43
72 36 57
72 40 32
72 43 159
72 48 130
72 52 30
72 57 104
72 58 122
72 59 120
72 61 88
72 63 16
72 66 30
72 70 151
72 74 130
72 78 94
72 79 96
73 4 36
73 5 121
73 6 61
73 8 20
73 12 84
73 18 123
73 20 93
73 21 124
73 23 140
73 24 102
73 29 86
73 30 102
73 34 73
73 36 136
73 37 25
73 39 106
73 40 107
73 41 114
73 42 45
73 43 72
73 46 128
73 54 152
73 55 100
73 56 21
73 67 25
73 70 47
73 71 81
73 t 77
74 3 60
74 4 109
74 6 133
74 12 115
74 15 12
74 16 107
74 18 98
74 19 53
74 21 135
74 22 66
74 24 69
74 28 130
74 34 146
74 35 113
74 37 64
74 51 143
74 52 101
74 53 20
74 54 89
74 56 22
74 57 130
74 58 75
74 60 97
74 63 45
74 64 154
74 69 31
74 72 130
74 78 111
74 79 82
74 t 80
75 3 63
75 5 34
75 8 105
75 11 56
75 16 32
75 17 116
75 18 133
75 20 65
75 22 86
75 25 146
75 30 113
75 36 35
75 37 124
75 38 35
75 41 22
75 43 17
75 44 140
75 45 134
75 46 71
75 49 150
75 50 39
75 51 102
75 54 111
75 56 131
75 58 53
75 60 78
75 62 10
75 63 158
75 65 110
75 69 119
75 76 34
75 79 80
75 80 66
76 1 65
76 2 80
76 7 76
76 9 24
76 11 24
76 12 48
76 14 94
76 22 20
76 24 28
76 27 103
76 31 35
76 33 152
76 35 69
76 39 86
76 40 131
76 41 116
76 45 123
76 54 105
76 56 18
76 59 63
76 60 35
76 61 145
76 62 19
76 63 70
76 64 137
76 66 130
76 67 34
76 75 34
77 1 58
77 3 33
77 4 48
77 5 50
77 6 52
77 7 46
77 8 159
77 10 40
77 11 74
77 12 47
77 13 60
77 17 158
77 21 51
77 26 149
77 33 66
77 34 104
77 35 120
77 39 73
77 41 70
77 47 137
77 52 155
77 54 62
77 63 122
77 65 124
77 68 136
77 78 44
77 79 93
77 t 116
78 3 56
78 5 65
78 6 62
78 7 108
78 14 69
78 15 38
78 16 26
78 18 147
78 19 112
78 20 155
78 21 131
78 22 119
78 25 22
78 26 128
78 28 137
78 32 101
78 33 10
78 34 109
78 38 138
78 40 112
78 42 58
78 45 73
78 47 124
78 53 157
78 54 88
78 60 49
78 61 27
78 62 26
78 65 125
78 67 55
78 71 104
78 72 94
78 74 111
78 77 44
78 79 144
79 1 100
79 2 118
79 3 56
79 6 127
79 7 115
79 8 84
79 15 66
79 16 75
79 20 77
79 24 71
79 25 138
79 26 64
79 27 124
79 28 90
79 30 66
79 32 147
79 35 140
79 38 132
79 39 63
79 41 67
79 46 151
79 48 18
79 49 70
79 51 147
79 54 56
79 57 49
79 59 83
79 60 70
79 61 80
79 68 81
79 72 96
79 74 82
79 75 80
79 77 93
79 78 144
80 4 27
80 6 157
80 7 41
80 11 82
80 16 61
80 19 98
80 20 47
80 23 107
80 24 119
80 27 92
80 28 102
80 29 42
80 32 55
80 34 147
80 35 106
80 38 61
80 40 94
80 43 30
80 47 119
80 48 103
80 49 113
80 52 153
80 53 51
80 54 104
80 59 50
80 60 58
80 63 14
80 65 87
80 66 108
80 67 68
80 70 68
80 71 47
80 75 66
80 t 58
