s 1 58
s 2 42
s 3 75
s 5 58
s 6 83
s 7 66
s 8 19
s 10 44
s 11 39
s 12 74
s 13 19
s 14 60
s 15 54
s 17 27
s 18 49
s 19 65
s 21 44
s 22 83
s 24 49
s 26 43
s 27 52
s 29 39
s 30 72
s 31 62
s 32 60
s 33 70
s 35 60
s 36 75
s 37 59
s 38 27
s 39 48
s 40 44
s 41 70
s 42 78
s 43 70
s 44 69
s 46 73
s 47 66
s 48 90
s 49 65
s 50 49
s 51 58
s 53 46
s 54 19
s 55 77
s 57 70
s 58 46
s 59 71
s 60 88
s 61 71
s 63 21
s 64 42
s 65 46
s 67 82
s 68 73
s 69 48
s 70 88
s 72 62
s 73 81
s 74 66
s 75 43
s 76 58
s 77 21
s 78 24
s 79 83
s 81 85
s 82 87
s 83 36
s 84 21
s 86 63
s 87 43
s 89 58
s 90 89
s 91 31
s 92 26
s 93 78
s 94 67
s 95 80
s 97 19
s 99 53
s 100 31
s 101 32
s 102 28
s 103 80
s 105 45
s 106 54
s 107 49
s 108 32
s t 87
1 2 27
1 3 90
1 6 70
1 8 35
1 9 83
1 10 66
1 11 87
1 12 46
1 13 58
1 14 28
1 15 90
1 16 69
1 18 75
1 19 54
1 20 33
1 23 92
1 24 33
1 25 33
1 26 61
1 27 31
1 28 31
1 29 58
1 30 29
1 31 92
1 33 73
1 34 23
1 35 70
1 37 28
1 40 35
1 41 42
1 42 72
1 44 68
1 45 91
1 46 83
1 47 36
1 49 59
1 50 39
1 51 55
1 53 57
1 54 33
1 55 66
1 56 70
1 57 46
1 60 53
1 61 76
1 63 67
1 64 50
1 65 36
1 66 90
1 68 85
1 69 40
1 70 32
1 71 57
1 72 28
1 73 27
1 75 88
1 76 74
1 77 76
1 78 83
1 79 26
1 84 45
1 85 20
1 86 29
1 87 78
1 88 89
1 89 89
1 90 39
1 91 58
1 92 76
1 93 21
1 94 61
1 95 26
1 97 75
1 99 23
1 102 53
1 103 27
1 105 68
1 106 82
1 107 65
1 108 76
2 1 27
2 3 68
2 4 25
2 5 84
2 6 68
2 7 22
2 8 50
2 10 63
2 11 65
2 14 81
2 16 25
2 17 37
2 18 67
2 19 66
2 22 48
2 23 42
2 24 87
2 25 66
2 26 83
2 27 89
2 28 65
2 29 31
2 30 35
2 31 66
2 32 22
2 33 40
2 34 64
2 35 92
2 36 85
2 37 45
2 38 51
2 39 79
2 40 54
2 41 52
2 43 51
2 44 87
2 45 22
2 47 47
2 48 74
2 50 46
2 51 59
2 52 21
2 54 52
2 55 30
2 56 72
2 58 59
2 61 44
2 62 85
2 64 70
2 65 38
2 66 84
2 67 41
2 68 39
2 70 48
2 73 22
2 74 65
2 75 70
2 78 71
2 79 85
2 80 80
2 82 57
2 85 41
2 86 48
2 87 91
2 88 34
2 89 34
2 91 87
2 92 83
2 93 89
2 94 70
2 95 78
2 96 71
2 98 34
2 99 57
2 100 91
2 101 47
2 102 20
2 103 30
2 104 71
2 105 76
2 106 44
2 107 59
2 108 90
2 t 75
3 1 90
3 2 68
3 4 41
3 5 63
3 6 37
3 8 46
3 9 37
3 10 56
3 12 71
3 13 60
3 14 64
3 16 38
3 19 36
3 21 84
3 22 78
3 23 51
3 24 60
3 25 31
3 26 26
3 27 32
3 29 78
3 31 91
3 34 75
3 35 39
3 36 29
3 38 42
3 39 74
3 40 62
3 41 72
3 42 90
3 43 76
3 44 35
3 46 65
3 47 48
3 48 87
3 49 56
3 50 66
3 53 45
3 55 57
3 56 31
3 58 65
3 59 31
3 64 60
3 65 31
3 66 46
3 67 79
3 68 75
3 70 86
3 72 74
3 73 53
3 74 32
3 75 46
3 76 89
3 77 38
3 79 76
3 80 49
3 81 67
3 82 52
3 84 55
3 85 66
3 89 25
3 90 66
3 92 21
3 94 60
3 96 80
3 97 52
3 98 63
3 99 49
3 101 19
3 104 32
3 106 85
3 107 54
3 108 48
4 2 25
4 3 41
4 5 78
4 6 31
4 7 86
4 8 34
4 9 64
4 10 20
4 12 48
4 13 66
4 15 37
4 16 38
4 17 20
4 18 36
4 20 62
4 22 20
4 23 31
4 24 66
4 25 92
4 26 24
4 27 37
4 28 48
4 30 71
4 31 75
4 33 89
4 34 84
4 35 57
4 38 40
4 40 58
4 41 80
4 42 53
4 43 38
4 44 32
4 46 57
4 47 92
4 48 73
4 50 76
4 53 65
4 54 26
4 56 37
4 57 24
4 58 64
4 60 61
4 61 61
4 62 58
4 63 72
4 64 82
4 65 24
4 66 19
4 68 25
4 69 74
4 70 55
4 71 79
4 72 77
4 75 84
4 76 79
4 77 37
4 78 51
4 79 72
4 81 70
4 82 43
4 83 68
4 84 75
4 85 35
4 87 92
4 88 53
4 89 63
4 90 33
4 91 38
4 92 55
4 94 61
4 95 39
4 96 29
4 97 65
4 99 73
4 100 71
4 101 44
4 102 22
4 103 61
4 105 89
4 106 64
4 107 90
4 108 31
4 t 87
5 2 84
5 3 63
5 4 78
5 10 35
5 12 33
5 13 67
5 14 53
5 15 66
5 16 35
5 17 57
5 18 20
5 19 71
5 20 30
5 21 53
5 22 54
5 23 32
5 24 48
5 25 24
5 27 32
5 28 36
5 30 47
5 32 39
5 33 81
5 34 78
5 35 50
5 36 31
5 40 87
5 41 62
5 42 47
5 44 56
5 45 77
5 46 49
5 48 61
5 49 79
5 50 66
5 52 68
5 53 63
5 54 49
5 55 32
5 56 75
5 57 43
5 58 49
5 59 75
5 60 57
5 61 72
5 62 60
5 63 47
5 64 34
5 65 77
5 66 69
5 67 83
5 68 39
5 69 81
5 70 46
5 72 86
5 73 41
5 74 45
5 76 41
5 77 74
5 78 81
5 79 19
5 80 38
5 81 34
5 82 19
5 85 21
5 86 90
5 88 35
5 89 71
5 90 21
5 91 63
5 93 47
5 94 62
5 95 90
5 97 81
5 98 59
5 99 32
5 100 26
5 101 29
5 103 19
5 104 59
5 105 27
5 106 73
5 108 50
5 t 22
6 1 70
6 2 68
6 3 37
6 4 31
6 7 85
6 8 50
6 9 69
6 10 26
6 11 20
6 12 68
6 14 78
6 15 76
6 16 25
6 17 29
6 19 55
6 20 24
6 21 56
6 22 63
6 24 54
6 27 31
6 28 45
6 29 56
6 30 19
6 31 32
6 32 78
6 33 81
6 34 40
6 35 23
6 36 68
6 37 41
6 38 31
6 39 51
6 40 43
6 41 48
6 42 33
6 43 22
6 44 87
6 45 41
6 46 73
6 47 59
6 48 69
6 50 44
6 51 29
6 53 50
6 54 23
6 55 25
6 56 26
6 57 66
6 59 57
6 60 19
6 62 57
6 66 27
6 67 57
6 68 49
6 69 35
6 70 49
6 71 24
6 72 66
6 75 73
6 76 42
6 77 56
6 78 36
6 79 30
6 80 52
6 81 30
6 82 89
6 83 75
6 84 23
6 85 86
6 87 19
6 88 61
6 89 48
6 90 40
6 91 23
6 92 30
6 93 54
6 94 47
6 95 27
6 96 68
6 97 22
6 98 92
6 99 25
6 100 58
6 101 69
6 102 85
6 103 29
6 104 48
6 105 30
6 106 47
6 108 60
7 2 22
7 4 86
7 6 85
7 8 66
7 9 48
7 11 57
7 12 23
7 13 41
7 14 48
7 15 58
7 17 35
7 18 89
7 21 38
7 23 30
7 24 55
7 25 45
7 26 52
7 27 26
7 28 87
7 29 58
7 31 85
7 32 30
7 34 29
7 35 24
7 37 71
7 39 58
7 40 79
7 41 56
7 42 80
7 43 89
7 44 90
7 45 25
7 46 23
7 47 53
7 48 32
7 50 45
7 52 40
7 53 67
7 55 23
7 56 21
7 57 44
7 58 84
7 59 40
7 60 47
7 61 29
7 62 69
7 63 24
7 64 32
7 65 64
7 66 61
7 67 87
7 68 80
7 69 52
7 70 81
7 71 91
7 72 24
7 73 24
7 74 32
7 75 67
7 78 32
7 79 19
7 80 79
7 81 89
7 82 84
7 84 62
7 85 69
7 87 62
7 88 72
7 89 72
7 91 37
7 92 23
7 95 19
7 97 44
7 98 28
7 99 64
7 100 48
7 101 70
7 102 54
7 103 67
7 104 58
7 106 50
7 108 43
7 t 35
8 1 35
8 2 50
8 3 46
8 4 34
8 6 50
8 7 66
8 9 47
8 10 75
8 12 74
8 13 25
8 14 55
8 15 33
8 16 49
8 18 89
8 20 24
8 21 51
8 23 44
8 24 83
8 25 77
8 26 78
8 27 25
8 29 23
8 31 83
8 33 76
8 34 21
8 35 62
8 36 84
8 37 38
8 38 54
8 39 35
8 41 66
8 43 48
8 44 62
8 47 33
8 48 30
8 50 64
8 51 41
8 52 55
8 53 92
8 55 23
8 56 72
8 58 52
8 59 52
8 60 26
8 61 77
8 62 47
8 63 76
8 64 41
8 66 45
8 67 27
8 68 51
8 69 73
8 70 58
8 71 75
8 72 47
8 73 33
8 74 71
8 77 54
8 78 67
8 79 83
8 84 54
8 85 89
8 86 56
8 87 81
8 89 27
8 90 69
8 91 36
8 92 55
8 95 32
8 96 28
8 98 66
8 100 21
8 102 71
8 104 67
8 105 52
8 106 51
8 108 38
8 t 81
9 1 83
9 3 37
9 4 64
9 6 69
9 7 48
9 8 47
9 10 71
9 11 87
9 12 80
9 13 31
9 14 57
9 15 92
9 16 38
9 17 74
9 18 34
9 19 83
9 22 59
9 24 66
9 25 52
9 26 81
9 29 31
9 31 33
9 32 41
9 34 31
9 35 81
9 36 90
9 37 72
9 38 49
9 39 78
9 40 60
9 41 23
9 43 66
9 44 71
9 46 36
9 47 40
9 49 77
9 50 80
9 51 84
9 52 25
9 53 80
9 54 29
9 55 87
9 57 51
9 58 67
9 60 43
9 61 72
9 62 40
9 63 60
9 65 43
9 66 59
9 67 69
9 69 56
9 71 79
9 72 87
9 73 38
9 74 50
9 75 91
9 76 26
9 78 74
9 80 84
9 81 89
9 82 86
9 83 19
9 84 68
9 85 33
9 86 82
9 87 30
9 89 76
9 91 74
9 92 82
9 93 24
9 94 26
9 95 28
9 98 77
9 99 21
9 100 65
9 101 89
9 104 41
9 105 25
9 106 52
9 107 87
9 t 42
10 1 66
10 2 63
10 3 56
10 4 20
10 5 35
10 6 26
10 8 75
10 9 71
10 12 62
10 13 54
10 15 25
10 16 70
10 17 59
10 18 53
10 20 35
10 21 72
10 22 82
10 23 46
10 26 29
10 27 50
10 28 42
10 30 62
10 31 88
10 32 32
10 33 74
10 35 78
10 36 36
10 37 21
10 38 44
10 39 69
10 40 82
10 41 69
10 44 33
10 45 46
10 46 90
10 47 82
10 48 82
10 49 56
10 51 81
10 53 77
10 54 67
10 56 49
10 57 76
10 58 20
10 59 49
10 60 31
10 61 37
10 62 31
10 63 89
10 64 43
10 65 88
10 67 50
10 68 42
10 69 46
10 70 38
10 71 52
10 72 45
10 74 78
10 75 47
10 76 52
10 77 90
10 78 45
10 80 73
10 81 87
10 82 80
10 83 62
10 86 46
10 87 64
10 88 38
10 89 50
10 90 25
10 91 22
10 92 38
10 93 45
10 94 85
10 95 40
10 96 38
10 97 79
10 98 20
10 100 75
10 101 58
10 102 78
10 105 65
10 106 73
10 107 25
10 108 82
11 1 87
11 2 65
11 6 20
11 7 57
11 9 87
11 13 81
11 14 75
11 17 39
11 19 60
11 20 81
11 21 74
11 22 34
11 23 46
11 25 22
11 26 32
11 27 61
11 28 79
11 29 71
11 30 23
11 31 65
11 32 41
11 36 56
11 37 78
11 38 66
11 39 76
11 41 84
11 43 22
11 45 72
11 46 52
11 47 74
11 48 75
11 49 31
11 50 34
11 51 47
11 52 62
11 54 56
11 56 35
11 57 24
11 58 92
11 59 72
11 61 60
11 62 30
11 63 20
11 64 33
11 65 61
11 66 65
11 67 27
11 68 86
11 69 66
11 71 45
11 73 89
11 76 66
11 77 49
11 78 90
11 79 47
11 80 41
11 81 55
11 82 20
11 84 85
11 85 78
11 86 74
11 87 81
11 88 86
11 91 44
11 92 46
11 93 61
11 96 70
11 97 40
11 98 90
11 99 47
11 100 73
11 101 37
11 102 69
11 103 82
11 104 58
11 105 60
11 106 69
11 107 81
11 108 25
11 t 25
12 1 46
12 3 71
12 4 48
12 5 33
12 6 68
12 7 23
12 8 74
12 9 80
12 10 62
12 13 38
12 14 41
12 16 37
12 18 64
12 19 87
12 20 41
12 21 54
12 22 67
12 26 70
12 28 25
12 30 21
12 32 44
12 34 76
12 35 74
12 36 48
12 37 72
12 39 76
12 40 39
12 42 68
12 43 49
12 44 67
12 46 73
12 47 71
12 49 31
12 50 75
12 51 57
12 52 51
12 53 44
12 54 90
12 55 34
12 56 62
12 58 28
12 59 75
12 63 23
12 64 67
12 66 77
12 68 66
12 69 71
12 70 76
12 72 24
12 74 43
12 75 47
12 77 62
12 78 89
12 79 20
12 80 69
12 81 69
12 82 82
12 83 70
12 84 58
12 85 54
12 87 62
12 88 38
12 89 81
12 91 34
12 93 50
12 94 45
12 95 51
12 96 21
12 97 27
12 98 89
12 99 89
12 101 42
12 102 68
12 103 33
12 104 90
12 105 46
12 107 85
12 108 73
12 t 25
13 1 58
13 3 60
13 4 66
13 5 67
13 7 41
13 8 25
13 9 31
13 10 54
13 11 81
13 12 38
13 14 28
13 16 20
13 17 32
13 18 69
13 19 42
13 22 25
13 23 62
13 24 84
13 26 47
13 27 85
13 28 27
13 29 41
13 31 43
13 32 79
13 33 57
13 34 52
13 35 84
13 36 52
13 37 89
13 39 82
13 40 88
13 41 36
13 44 54
13 45 34
13 49 91
13 50 50
13 51 32
13 52 45
13 55 78
13 56 25
13 57 78
13 58 49
13 60 21
13 63 69
13 64 88
13 65 83
13 66 33
13 67 54
13 69 55
13 70 26
13 71 38
13 72 75
13 73 25
13 75 63
13 78 49
13 79 90
13 80 65
13 83 48
13 85 45
13 86 34
13 88 40
13 89 81
13 91 37
13 92 46
13 93 75
13 95 58
13 96 65
13 97 38
13 98 56
13 100 77
13 101 49
13 102 24
13 103 43
13 104 29
13 106 55
13 107 19
13 t 19
14 1 28
14 2 81
14 3 64
14 5 53
14 6 78
14 7 48
14 8 55
14 9 57
14 11 75
14 12 41
14 13 28
14 15 52
14 17 52
14 18 44
14 19 36
14 20 56
14 21 78
14 22 86
14 23 82
14 24 41
14 25 30
14 26 79
14 29 74
14 30 61
14 32 91
14 33 49
14 36 39
14 37 20
14 38 66
14 39 66
14 40 29
14 41 32
14 43 70
14 44 54
14 45 90
14 46 88
14 47 47
14 51 48
14 52 77
14 53 66
14 56 35
14 57 64
14 58 46
14 59 61
14 61 28
14 63 50
14 64 37
14 66 50
14 67 60
14 69 62
14 70 72
14 72 73
14 73 82
14 75 83
14 76 71
14 77 87
14 78 90
14 79 48
14 80 71
14 82 61
14 83 88
14 84 74
14 85 57
14 86 87
14 88 25
14 89 29
14 90 76
14 91 86
14 92 85
14 93 90
14 94 55
14 95 63
14 96 53
14 97 69
14 98 61
14 99 51
14 100 89
14 101 24
14 102 77
14 103 64
14 104 43
14 105 41
14 106 60
14 108 85
14 t 82
15 1 90
15 4 37
15 5 66
15 6 76
15 7 58
15 8 33
15 9 92
15 10 25
15 14 52
15 19 38
15 20 57
15 21 89
15 22 66
15 23 22
15 24 29
15 25 29
15 26 41
15 27 28
15 28 92
15 29 55
15 31 55
15 32 42
15 33 27
15 34 30
15 35 65
15 36 55
15 38 83
15 40 70
15 42 43
15 43 38
15 44 36
15 45 64
15 46 26
15 47 73
15 48 60
15 49 82
15 50 19
15 51 89
15 54 67
15 55 67
15 56 48
15 57 89
15 58 57
15 60 47
15 61 80
15 62 91
15 63 84
15 65 50
15 67 42
15 68 70
15 69 33
15 72 50
15 73 25
15 75 53
15 76 42
15 78 72
15 80 70
15 81 84
15 82 29
15 83 86
15 84 58
15 85 61
15 87 35
15 88 83
15 89 54
15 90 89
15 91 22
15 93 85
15 94 78
15 95 34
15 96 78
15 98 64
15 99 25
15 101 38
15 102 25
15 103 78
15 104 26
15 105 29
15 106 82
15 108 48
15 t 24
16 1 69
16 2 25
16 3 38
16 4 38
16 5 35
16 6 25
16 8 49
16 9 38
16 10 70
16 12 37
16 13 20
16 17 55
16 18 86
16 19 79
16 20 46
16 21 71
16 22 27
16 23 58
16 24 85
16 26 24
16 28 88
16 29 49
16 31 81
16 32 53
16 33 24
16 34 64
16 36 36
16 37 40
16 40 54
16 41 30
16 42 52
16 43 53
16 44 42
16 45 37
16 46 80
16 47 89
16 48 86
16 49 87
16 50 63
16 51 85
16 52 72
16 53 51
16 54 25
16 55 38
16 57 77
16 58 25
16 61 91
16 62 55
16 63 83
16 64 51
16 65 49
16 66 23
16 67 50
16 68 63
16 69 92
16 71 27
16 72 64
16 73 66
16 74 54
16 77 38
16 78 57
16 79 23
16 81 30
16 82 77
16 84 42
16 85 56
16 86 91
16 87 45
16 90 46
16 91 85
16 93 44
16 94 25
16 95 61
16 96 83
16 98 49
16 100 59
16 104 76
16 105 35
16 106 62
16 107 21
16 108 41
17 2 37
17 4 20
17 5 57
17 6 29
17 7 35
17 9 74
17 10 59
17 11 39
17 13 32
17 14 52
17 16 55
17 19 45
17 20 58
17 21 57
17 22 45
17 23 69
17 24 62
17 27 74
17 28 56
17 29 22
17 30 22
17 32 46
17 33 75
17 34 70
17 35 43
17 38 85
17 40 26
17 41 86
17 44 31
17 47 81
17 48 46
17 49 85
17 50 24
17 51 27
17 52 73
17 53 86
17 54 80
17 55 23
17 56 78
17 57 21
17 58 74
17 59 74
17 60 19
17 61 78
17 62 31
17 63 56
17 64 35
17 66 36
17 67 49
17 68 41
17 69 38
17 70 42
17 71 57
17 72 85
17 74 52
17 75 52
17 76 57
17 77 82
17 78 43
17 79 82
17 80 68
17 81 33
17 83 51
17 84 42
17 85 60
17 86 53
17 87 91
17 89 31
17 90 65
17 91 46
17 92 66
17 93 77
17 94 64
17 95 45
17 96 83
17 99 59
17 101 34
17 103 73
17 104 55
17 105 70
17 106 74
17 107 28
17 t 49
18 1 75
18 2 67
18 4 36
18 5 20
18 7 89
18 8 89
18 9 34
18 10 53
18 12 64
18 13 69
18 14 44
18 16 86
18 19 65
18 21 85
18 22 32
18 23 47
18 24 70
18 26 82
18 27 65
18 28 19
18 29 25
18 30 29
18 31 37
18 32 48
18 33 54
18 34 37
18 35 46
18 36 81
18 37 84
18 38 89
18 39 34
18 40 51
18 41 91
18 42 36
18 43 42
18 44 51
18 46 62
18 47 28
18 48 39
18 50 29
18 52 43
18 53 63
18 54 65
18 55 25
18 56 66
18 57 46
18 60 49
18 61 54
18 62 82
18 63 64
18 64 58
18 65 64
18 66 89
18 67 80
18 68 28
18 69 37
18 70 31
18 71 49
18 72 81
18 73 41
18 74 59
18 76 62
18 77 58
18 78 83
18 79 36
18 80 65
18 81 38
18 82 31
18 84 91
18 86 75
18 87 50
18 88 58
18 89 21
18 90 64
18 91 21
18 93 24
18 94 55
18 95 74
18 96 21
18 97 45
18 98 57
18 99 74
18 100 85
18 101 82
18 102 53
18 103 69
18 104 73
18 105 33
18 106 36
18 108 44
18 t 37
19 1 54
19 2 66
19 3 36
19 5 71
19 6 55
19 9 83
19 11 60
19 12 87
19 13 42
19 14 36
19 15 38
19 16 79
19 17 45
19 18 65
19 21 36
19 23 89
19 24 39
19 25 36
19 26 90
19 27 54
19 28 26
19 29 76
19 30 68
19 31 81
19 32 57
19 35 26
19 36 32
19 37 66
19 38 77
19 39 40
19 42 45
19 43 92
19 44 57
19 45 55
19 48 26
19 49 77
19 50 28
19 51 81
19 52 30
19 53 58
19 54 52
19 55 81
19 56 74
19 58 62
19 59 66
19 61 83
19 62 29
19 64 47
19 66 82
19 67 58
19 68 40
19 69 59
19 70 42
19 71 37
19 72 61
19 74 81
19 75 55
19 76 74
19 77 55
19 78 68
19 80 80
19 81 79
19 82 75
19 84 40
19 85 72
19 86 39
19 87 34
19 88 68
19 90 62
19 91 84
19 93 88
19 94 32
19 95 62
19 96 24
19 97 59
19 98 72
19 99 75
19 100 59
19 102 45
19 103 58
19 104 28
19 105 45
19 106 74
19 107 70
19 108 25
19 t 92
20 1 33
20 4 62
20 5 30
20 6 24
20 8 24
20 10 35
20 11 81
20 12 41
20 14 56
20 15 57
20 16 46
20 17 58
20 21 40
20 22 55
20 25 78
20 26 46
20 27 83
20 28 38
20 29 52
20 31 30
20 32 48
20 33 87
20 35 43
20 36 32
20 37 62
20 38 88
20 39 80
20 40 37
20 43 89
20 44 82
20 45 59
20 46 48
20 47 66
20 48 25
20 49 37
20 50 54
20 51 52
20 53 45
20 54 85
20 55 66
20 56 67
20 57 52
20 59 68
20 60 32
20 61 24
20 62 43
20 64 20
20 65 82
20 66 62
20 67 33
20 68 34
20 69 71
20 70 44
20 72 60
20 73 70
20 75 30
20 77 65
20 78 33
20 79 53
20 80 58
20 81 49
20 82 86
20 83 59
20 84 47
20 85 86
20 87 28
20 88 53
20 89 72
20 90 66
20 91 72
20 92 25
20 94 27
20 95 89
20 96 31
20 97 39
20 98 34
20 99 62
20 100 67
20 101 74
20 104 22
20 105 65
20 106 43
20 107 47
20 108 86
21 3 84
21 5 53
21 6 56
21 7 38
21 8 51
21 10 72
21 11 74
21 12 54
21 14 78
21 15 89
21 16 71
21 17 57
21 18 85
21 19 36
21 20 40
21 22 65
21 24 86
21 26 27
21 27 21
21 28 59
21 29 42
21 30 60
21 31 33
21 32 85
21 34 37
21 35 54
21 36 88
21 37 73
21 39 53
21 40 92
21 42 59
21 44 69
21 46 37
21 47 59
21 48 70
21 49 26
21 51 61
21 52 40
21 53 91
21 54 27
21 55 58
21 56 64
21 57 57
21 58 58
21 59 59
21 60 56
21 62 50
21 63 72
21 64 65
21 65 36
21 66 46
21 67 42
21 69 75
21 70 35
21 71 41
21 72 32
21 73 66
21 74 77
21 75 29
21 77 87
21 78 92
21 79 78
21 80 32
21 82 22
21 83 46
21 85 43
21 86 68
21 87 66
21 89 23
21 90 50
21 93 56
21 94 72
21 95 66
21 96 51
21 98 63
21 99 21
21 100 75
21 102 19
21 103 29
21 104 91
21 105 49
21 106 32
21 t 92
22 2 48
22 3 78
22 4 20
22 5 54
22 6 63
22 9 59
22 10 82
22 11 34
22 12 67
22 13 25
22 14 86
22 15 66
22 16 27
22 17 45
22 18 32
22 20 55
22 21 65
22 23 69
22 25 81
22 26 27
22 28 51
22 29 77
22 30 76
22 32 42
22 33 64
22 34 32
22 35 50
22 36 71
22 38 81
22 39 31
22 40 61
22 41 77
22 42 20
22 43 56
22 44 20
22 45 85
22 48 53
22 49 39
22 52 60
22 53 77
22 54 52
22 56 89
22 57 40
22 59 55
22 60 44
22 62 58
22 63 66
22 64 36
22 65 48
22 66 19
22 68 71
22 69 25
22 70 23
22 71 84
22 72 41
22 73 62
22 74 22
22 75 83
22 76 54
22 77 32
22 78 31
22 79 22
22 80 51
22 81 66
22 82 64
22 83 35
22 84 80
22 85 88
22 86 74
22 87 43
22 88 19
22 89 76
22 91 35
22 92 68
22 94 32
22 97 89
22 98 72
22 99 64
22 100 31
22 101 33
22 102 41
22 103 79
22 104 56
22 105 92
22 106 41
22 107 73
22 108 19
23 1 92
23 2 42
23 3 51
23 4 31
23 5 32
23 7 30
23 8 44
23 10 46
23 11 46
23 13 62
23 14 82
23 15 22
23 16 58
23 17 69
23 18 47
23 19 89
23 22 69
23 24 69
23 25 51
23 26 56
23 27 92
23 28 21
23 29 70
23 31 76
23 32 26
23 33 88
23 34 53
23 35 77
23 36 31
23 37 41
23 38 39
23 40 34
23 41 74
23 42 61
23 43 21
23 44 66
23 45 26
23 46 92
23 47 50
23 48 87
23 49 44
23 50 69
23 51 84
23 53 36
23 54 71
23 55 62
23 56 65
23 57 74
23 58 56
23 60 91
23 61 77
23 65 31
23 66 46
23 67 85
23 70 28
23 71 33
23 73 39
23 77 19
23 78 21
23 79 73
23 80 51
23 85 58
23 86 81
23 87 22
23 88 78
23 90 58
23 91 50
23 93 91
23 94 68
23 95 32
23 96 20
23 97 82
23 99 63
23 100 90
23 102 37
23 103 75
23 104 72
23 105 52
23 106 33
23 107 86
23 108 36
23 t 28
24 1 33
24 2 87
24 3 60
24 4 66
24 5 48
24 6 54
24 7 55
24 8 83
24 9 66
24 13 84
24 14 41
24 15 29
24 16 85
24 17 62
24 18 70
24 19 39
24 21 86
24 23 69
24 26 87
24 27 48
24 28 59
24 33 49
24 34 82
24 36 92
24 37 22
24 38 50
24 39 75
24 40 65
24 41 33
24 43 43
24 44 85
24 45 25
24 46 77
24 48 74
24 49 32
24 50 84
24 51 81
24 53 34
24 54 33
24 55 43
24 58 59
24 59 29
24 61 88
24 62 51
24 63 28
24 64 88
24 65 20
24 66 21
24 67 56
24 68 89
24 69 69
24 70 81
24 71 86
24 72 48
24 73 47
24 74 68
24 75 86
24 76 84
24 78 43
24 79 51
24 81 81
24 83 43
24 84 69
24 85 44
24 86 64
24 87 41
24 88 27
24 89 78
24 90 56
24 91 45
24 92 32
24 93 51
24 94 27
24 95 19
24 96 34
24 97 78
24 100 53
24 103 42
24 107 46
24 t 45
25 1 33
25 2 66
25 3 31
25 4 92
25 5 24
25 7 45
25 8 77
25 9 52
25 11 22
25 14 30
25 15 29
25 19 36
25 20 78
25 22 81
25 23 51
25 26 49
25 28 26
25 29 49
25 30 66
25 31 50
25 34 39
25 37 85
25 38 30
25 39 23
25 40 41
25 41 68
25 42 39
25 44 63
25 45 77
25 47 39
25 51 91
25 52 26
25 53 73
25 55 65
25 56 22
25 57 80
25 60 56
25 61 32
25 62 49
25 63 61
25 64 74
25 65 37
25 66 50
25 67 87
25 68 44
25 69 50
25 70 59
25 71 32
25 72 65
25 74 70
25 75 34
25 76 28
25 77 21
25 80 55
25 81 92
25 82 40
25 84 55
25 85 64
25 86 27
25 89 39
25 91 65
25 92 33
25 94 59
25 96 75
25 97 87
25 99 28
25 100 44
25 101 69
25 102 80
25 104 63
25 105 28
25 106 52
25 107 65
25 t 74
26 1 61
26 2 83
26 3 26
26 4 24
26 7 52
26 8 78
26 9 81
26 10 29
26 11 32
26 12 70
26 13 47
26 14 79
26 15 41
26 16 24
26 18 82
26 19 90
26 20 46
26 21 27
26 22 27
26 23 56
26 24 87
26 25 49
26 28 27
26 29 69
26 30 79
26 31 62
26 32 30
26 34 86
26 35 89
26 36 89
26 40 81
26 41 30
26 44 57
26 45 81
26 46 64
26 47 40
26 48 91
26 49 20
26 50 84
26 52 48
26 53 54
26 54 20
26 56 56
26 57 32
26 58 82
26 59 34
26 61 35
26 62 86
26 64 72
26 65 31
26 66 66
26 67 65
26 68 70
26 70 78
26 71 47
26 74 23
26 75 38
26 77 41
26 78 67
26 79 32
26 80 37
26 81 52
26 83 26
26 84 52
26 85 58
26 86 85
26 87 49
26 88 55
26 89 79
26 94 21
26 95 37
26 96 85
26 98 25
26 104 63
26 105 86
26 106 65
26 107 71
26 108 42
26 t 77
27 1 31
27 2 89
27 3 32
27 4 37
27 5 32
27 6 31
27 7 26
27 8 25
27 10 50
27 11 61
27 13 85
27 15 28
27 17 74
27 18 65
27 19 54
27 20 83
27 21 21
27 23 92
27 24 48
27 28 25
27 29 57
27 30 60
27 32 45
27 33 81
27 34 50
27 35 75
27 36 36
27 37 87
27 39 51
27 40 88
27 41 38
27 42 24
27 43 34
27 44 91
27 46 86
27 47 72
27 48 30
27 49 51
27 50 20
27 51 63
27 52 63
27 53 34
27 55 53
27 57 27
27 58 20
27 59 34
27 60 69
27 61 46
27 63 47
27 64 83
27 65 73
27 68 25
27 69 81
27 70 90
27 71 40
27 72 36
27 73 81
27 74 55
27 78 75
27 79 85
27 80 82
27 81 82
27 83 86
27 84 66
27 85 52
27 86 65
27 88 33
27 89 26
27 91 28
27 92 39
27 93 71
27 94 54
27 95 26
27 96 92
27 100 26
27 101 64
27 102 47
27 103 48
27 104 71
27 105 40
27 106 68
27 107 40
27 108 27
27 t 31
28 1 31
28 2 65
28 4 48
28 5 36
28 6 45
28 7 87
28 10 42
28 11 79
28 12 25
28 13 27
28 15 92
28 16 88
28 17 56
28 18 19
28 19 26
28 20 38
28 21 59
28 22 51
28 23 21
28 24 59
28 25 26
28 26 27
28 27 25
28 29 43
28 32 21
28 33 25
28 36 70
28 37 63
28 38 59
28 39 29
28 40 92
28 41 40
28 42 44
28 43 48
28 44 46
28 45 21
28 46 81
28 47 20
28 48 92
28 49 62
28 50 73
28 51 71
28 53 77
28 55 87
28 56 59
28 57 81
28 58 54
28 59 36
28 60 41
28 61 55
28 62 65
28 63 27
28 64 85
28 65 48
28 66 24
28 68 21
28 69 39
28 70 87
28 71 31
28 72 48
28 73 48
28 74 43
28 76 69
28 78 85
28 79 60
28 80 56
28 81 28
28 82 76
28 84 84
28 88 27
28 89 75
28 90 58
28 92 45
28 93 60
28 94 92
28 95 25
28 96 61
28 98 75
28 99 72
28 100 78
28 102 64
28 103 87
28 106 62
28 108 55
28 t 56
29 1 58
29 2 31
29 3 78
29 6 56
29 7 58
29 8 23
29 9 31
29 11 71
29 13 41
29 14 74
29 15 55
29 16 49
29 17 22
29 18 25
29 19 76
29 20 52
29 21 42
29 22 77
29 23 70
29 25 49
29 26 69
29 27 57
29 28 43
29 30 53
29 32 51
29 33 27
29 34 21
29 36 66
29 37 42
29 38 74
29 39 35
29 40 19
29 41 24
29 42 42
29 43 34
29 44 73
29 45 29
29 46 70
29 47 35
29 48 81
29 49 35
29 51 71
29 54 83
29 55 66
29 56 51
29 57 28
29 59 87
29 60 47
29 61 42
29 65 25
29 67 87
29 68 19
29 69 89
29 70 78
29 71 90
29 72 62
29 74 51
29 76 40
29 78 49
29 79 63
29 80 46
29 81 31
29 85 29
29 86 92
29 89 82
29 90 21
29 91 38
29 93 42
29 96 78
29 97 91
29 98 76
29 99 87
29 101 77
29 102 44
29 103 29
29 105 68
29 106 51
29 108 85
29 t 56
30 1 29
30 2 35
30 4 71
30 5 47
30 6 19
30 10 62
30 11 23
30 12 21
30 14 61
30 17 22
30 18 29
30 19 68
30 21 60
30 22 76
30 25 66
30 26 79
30 27 60
30 29 53
30 31 71
30 32 32
30 33 52
30 35 66
30 37 87
30 38 78
30 39 33
30 42 43
30 44 34
30 45 36
30 46 53
30 48 60
30 49 33
30 51 66
30 52 29
30 53 20
30 54 23
30 55 81
30 56 24
30 58 44
30 59 88
30 60 48
30 61 37
30 64 70
30 67 35
30 69 34
30 71 78
30 72 63
30 74 24
30 80 42
30 81 71
30 83 29
30 86 65
30 88 47
30 89 85
30 91 32
30 92 48
30 94 24
30 95 48
30 97 56
30 98 49
30 99 87
30 100 29
30 101 35
30 102 23
30 103 63
30 104 24
30 105 74
30 106 30
30 107 46
30 108 25
30 t 28
31 1 92
31 2 66
31 3 91
31 4 75
31 6 32
31 7 85
31 8 83
31 9 33
31 10 88
31 11 65
31 13 43
31 15 55
31 16 81
31 18 37
31 19 81
31 20 30
31 21 33
31 23 76
31 25 50
31 26 62
31 30 71
31 32 63
31 33 52
31 34 31
31 36 91
31 37 58
31 39 58
31 40 68
31 42 59
31 43 68
31 44 91
31 45 61
31 46 65
31 49 41
31 50 71
31 51 58
31 53 23
31 54 92
31 55 89
31 57 85
31 59 59
31 60 41
31 61 70
31 63 59
31 64 38
31 65 22
31 67 39
31 68 49
31 70 89
31 71 27
31 72 65
31 75 40
31 77 76
31 78 36
31 80 47
31 81 47
31 82 59
31 84 71
31 85 28
31 86 73
31 87 37
31 88 32
31 89 88
31 90 71
31 91 92
31 94 42
31 95 28
31 96 70
31 97 64
31 99 52
31 101 38
31 102 30
31 104 50
31 105 70
31 107 82
31 t 46
32 2 22
32 5 39
32 6 78
32 7 30
32 9 41
32 10 32
32 11 41
32 12 44
32 13 79
32 14 91
32 15 42
32 16 53
32 17 46
32 18 48
32 19 57
32 20 48
32 21 85
32 22 42
32 23 26
32 26 30
32 27 45
32 28 21
32 29 51
32 30 32
32 31 63
32 33 63
32 34 46
32 35 61
32 36 50
32 37 71
32 38 63
32 39 59
32 40 30
32 43 60
32 44 32
32 45 21
32 47 54
32 48 27
32 49 29
32 50 79
32 51 60
32 53 32
32 54 30
32 55 82
32 56 22
32 57 73
32 60 39
32 61 69
32 62 24
32 63 77
32 65 54
32 66 56
32 67 51
32 68 32
32 70 82
32 71 42
32 72 23
32 74 55
32 76 56
32 78 23
32 80 34
32 81 60
32 82 25
32 83 60
32 84 70
32 85 26
32 86 50
32 87 56
32 88 81
32 89 31
32 90 83
32 91 84
32 93 92
32 94 61
32 96 42
32 98 45
32 99 38
32 100 30
32 101 34
32 102 84
32 103 55
32 104 43
32 106 21
32 107 73
32 108 89
33 1 73
33 2 40
33 4 89
33 5 81
33 6 81
33 8 76
33 10 74
33 13 57
33 14 49
33 15 27
33 16 24
33 17 75
33 18 54
33 20 87
33 22 64
33 23 88
33 24 49
33 27 81
33 28 25
33 29 27
33 30 52
33 31 52
33 32 63
33 34 35
33 35 29
33 36 53
33 37 19
33 38 20
33 39 61
33 40 42
33 42 29
33 43 41
33 44 36
33 45 60
33 46 69
33 47 42
33 50 36
33 51 41
33 52 41
33 53 20
33 54 57
33 55 83
33 56 58
33 57 89
33 59 56
33 60 32
33 61 49
33 65 80
33 66 22
33 68 40
33 70 45
33 71 50
33 72 62
33 74 80
33 76 23
33 79 27
33 80 88
33 81 65
33 83 51
33 84 53
33 86 21
33 87 25
33 89 22
33 90 20
33 91 83
33 92 71
33 93 29
33 94 56
33 95 83
33 96 41
33 97 88
33 98 86
33 99 50
33 100 27
33 101 46
33 103 41
33 104 89
33 106 21
33 107 45
33 108 40
33 t 29
34 1 23
34 2 64
34 3 75
34 4 84
34 5 78
34 6 40
34 7 29
34 8 21
34 9 31
34 12 76
34 13 52
34 15 30
34 16 64
34 17 70
34 18 37
34 21 37
34 22 32
34 23 53
34 24 82
34 25 39
34 26 86
34 27 50
34 29 21
34 31 31
34 32 46
34 33 35
34 35 57
34 36 47
34 37 72
34 38 79
34 39 51
34 40 76
34 41 38
34 43 50
34 44 79
34 45 87
34 46 71
34 48 25
34 49 30
34 50 59
34 51 88
34 52 29
34 53 36
34 54 25
34 55 78
34 56 29
34 57 91
34 58 92
34 59 74
34 60 84
34 62 62
34 63 83
34 64 59
34 65 45
34 68 73
34 69 88
34 71 84
34 72 66
34 73 52
34 75 44
34 76 42
34 77 19
34 78 90
34 79 41
34 80 65
34 81 27
34 83 78
34 84 81
34 85 38
34 86 55
34 87 73
34 88 61
34 89 72
34 90 74
34 91 86
34 96 84
34 98 59
34 99 80
34 100 26
34 101 34
34 106 57
34 107 80
34 108 90
34 t 70
35 1 70
35 2 92
35 3 39
35 4 57
35 5 50
35 6 23
35 7 24
35 8 62
35 9 81
35 10 78
35 12 74
35 13 84
35 15 65
35 17 43
35 18 46
35 19 26
35 20 43
35 21 54
35 22 50
35 23 77
35 26 89
35 27 75
35 30 66
35 32 61
35 33 29
35 34 57
35 36 46
35 37 53
35 40 34
35 43 50
35 47 86
35 48 45
35 49 46
35 50 45
35 51 56
35 54 67
35 55 41
35 56 89
35 58 36
35 59 47
35 60 76
35 61 78
35 63 56
35 64 60
35 65 38
35 68 52
35 70 82
35 71 44
35 72 33
35 73 46
35 76 35
35 77 50
35 78 26
35 80 77
35 81 70
35 82 46
35 83 39
35 84 59
35 86 38
35 87 65
35 88 30
35 89 86
35 90 47
35 92 41
35 93 52
35 94 21
35 95 76
35 96 31
35 97 54
35 98 58
35 99 53
35 100 26
35 101 74
35 102 46
35 104 76
35 105 27
35 106 58
35 107 66
35 t 62
36 2 85
36 3 29
36 5 31
36 6 68
36 8 84
36 9 90
36 10 36
36 11 56
36 12 48
36 13 52
36 14 39
36 15 55
36 16 36
36 18 81
36 19 32
36 20 32
36 21 88
36 22 71
36 23 31
36 24 92
36 26 89
36 27 36
36 28 70
36 29 66
36 31 91
36 32 50
36 33 53
36 34 47
36 35 46
36 39 43
36 40 79
36 41 25
36 44 22
36 45 51
36 46 38
36 47 50
36 48 73
36 49 89
36 50 59
36 51 87
36 52 58
36 53 48
36 54 64
36 55 33
36 56 87
36 57 81
36 58 29
36 59 73
36 62 30
36 63 32
36 64 78
36 65 60
36 66 21
36 67 41
36 68 44
36 69 36
36 70 42
36 71 34
36 72 44
36 73 54
36 74 83
36 75 73
36 76 43
36 77 37
36 78 55
36 80 32
36 81 63
36 84 78
36 85 58
36 86 23
36 89 85
36 90 40
36 92 22
36 93 48
36 94 30
36 95 78
36 96 67
36 97 45
36 98 33
36 101 79
36 103 30
36 105 68
36 106 63
36 107 34
36 108 53
36 t 52
37 1 28
37 2 45
37 6 41
37 7 71
37 8 38
37 9 72
37 10 21
37 11 78
37 12 72
37 13 89
37 14 20
37 16 40
37 18 84
37 19 66
37 20 62
37 21 73
37 23 41
37 24 22
37 25 85
37 27 87
37 28 63
37 29 42
37 30 87
37 31 58
37 32 71
37 33 19
37 34 72
37 35 53
37 38 34
37 39 55
37 40 30
37 42 69
37 46 82
37 48 67
37 49 19
37 51 89
37 52 30
37 53 40
37 54 53
37 57 79
37 59 81
37 60 31
37 62 71
37 63 91
37 64 53
37 65 91
37 66 83
37 67 82
37 68 62
37 71 69
37 72 58
37 74 78
37 76 38
37 77 33
37 78 19
37 79 68
37 80 36
37 81 75
37 82 92
37 83 57
37 84 40
37 85 87
37 86 58
37 87 52
37 88 77
37 89 70
37 90 60
37 92 63
37 94 80
37 95 83
37 97 92
37 98 67
37 99 66
37 100 62
37 101 44
37 102 74
37 103 31
37 104 30
37 106 58
37 107 40
37 108 49
37 t 87
38 2 51
38 3 42
38 4 40
38 6 31
38 8 54
38 9 49
38 10 44
38 11 66
38 14 66
38 15 83
38 17 85
38 18 89
38 19 77
38 20 88
38 22 81
38 23 39
38 24 50
38 25 30
38 28 59
38 29 74
38 30 78
38 32 63
38 33 20
38 34 79
38 37 34
38 39 30
38 41 34
38 42 39
38 43 85
38 44 27
38 45 72
38 46 89
38 47 52
38 48 76
38 49 63
38 50 72
38 52 48
38 54 40
38 55 28
38 56 83
38 57 88
38 59 30
38 61 82
38 62 49
38 63 50
38 64 67
38 65 57
38 66 25
38 67 54
38 68 25
38 69 89
38 70 19
38 73 30
38 74 23
38 75 48
38 78 41
38 79 37
38 80 32
38 81 21
38 83 23
38 84 38
38 85 44
38 86 30
38 87 79
38 89 29
38 90 38
38 91 90
38 92 85
38 96 74
38 97 40
38 98 54
38 99 85
38 100 53
38 101 31
38 102 19
38 104 28
38 106 68
38 107 72
38 108 22
39 2 79
39 3 74
39 6 51
39 7 58
39 8 35
39 9 78
39 10 69
39 11 76
39 12 76
39 13 82
39 14 66
39 18 34
39 19 40
39 20 80
39 21 53
39 22 31
39 24 75
39 25 23
39 27 51
39 28 29
39 29 35
39 30 33
39 31 58
39 32 59
39 33 61
39 34 51
39 36 43
39 37 55
39 38 30
39 40 61
39 41 88
39 42 39
39 43 44
39 44 24
39 45 30
39 48 67
39 49 70
39 50 44
39 52 66
39 53 84
39 54 42
39 55 43
39 57 57
39 58 88
39 59 38
39 60 80
39 61 55
39 62 35
39 63 48
39 64 44
39 66 30
39 67 64
39 68 74
39 70 42
39 71 91
39 72 91
39 73 24
39 75 25
39 77 51
39 79 26
39 80 35
39 81 92
39 82 50
39 83 70
39 84 40
39 85 65
39 86 66
39 87 57
39 88 81
39 90 39
39 91 61
39 95 38
39 96 31
39 97 36
39 98 60
39 99 48
39 100 85
39 101 46
39 102 26
39 103 81
39 104 45
39 105 66
39 106 29
39 108 41
39 t 77
40 1 35
40 2 54
40 3 62
40 4 58
40 5 87
40 6 43
40 7 79
40 9 60
40 10 82
40 12 39
40 13 88
40 14 29
40 15 70
40 16 54
40 17 26
40 18 51
40 20 37
40 21 92
40 22 61
40 23 34
40 24 65
40 25 41
40 26 81
40 27 88
40 28 92
40 29 19
40 31 68
40 32 30
40 33 42
40 34 76
40 35 34
40 36 79
40 37 30
40 39 61
40 41 77
40 42 62
40 43 22
40 44 25
40 45 59
40 46 89
40 47 80
40 48 39
40 49 73
40 50 81
40 52 63
40 53 28
40 54 26
40 55 62
40 62 24
40 64 62
40 66 88
40 67 87
40 68 49
40 69 32
40 71 48
40 72 69
40 74 52
40 75 19
40 76 62
40 78 35
40 79 78
40 80 45
40 81 72
40 82 70
40 83 50
40 84 44
40 85 27
40 86 63
40 87 92
40 88 50
40 89 45
40 90 61
40 91 48
40 92 37
40 93 52
40 94 28
40 96 26
40 98 23
40 99 57
40 101 80
40 103 53
40 106 81
40 108 48
41 1 42
41 2 52
41 3 72
41 4 80
41 5 62
41 6 48
41 7 56
41 8 66
41 9 23
41 10 69
41 11 84
41 13 36
41 14 32
41 16 30
41 17 86
41 18 91
41 22 77
41 23 74
41 24 33
41 25 68
41 26 30
41 27 38
41 28 40
41 29 24
41 34 38
41 36 25
41 38 34
41 39 88
41 40 77
41 42 65
41 43 38
41 44 44
41 45 86
41 46 52
41 47 79
41 48 26
41 49 25
41 50 22
41 51 63
41 54 23
41 55 91
41 56 53
41 57 79
41 59 64
41 61 87
41 62 74
41 63 50
41 64 44
41 67 24
41 68 60
41 70 39
41 73 74
41 74 23
41 75 92
41 76 90
41 77 65
41 79 77
41 80 78
41 81 42
41 82 29
41 83 82
41 84 70
41 85 88
41 86 59
41 87 60
41 88 37
41 89 41
41 91 57
41 92 60
41 93 22
41 95 76
41 99 30
41 100 20
41 101 34
41 105 75
41 106 48
41 107 61
41 108 48
41 t 87
42 1 72
42 3 90
42 4 53
42 5 47
42 6 33
42 7 80
42 12 68
42 15 43
42 16 52
42 18 36
42 19 45
42 21 59
42 22 20
42 23 61
42 25 39
42 27 24
42 28 44
42 29 42
42 30 43
42 31 59
42 33 29
42 37 69
42 38 39
42 39 39
42 40 62
42 41 65
42 43 77
42 45 92
42 46 22
42 47 71
42 48 43
42 49 60
42 51 53
42 52 48
42 55 24
42 56 62
42 58 44
42 60 79
42 61 60
42 62 38
42 65 30
42 66 58
42 67 73
42 69 82
42 70 25
42 71 45
42 72 80
42 74 49
42 76 69
42 77 56
42 78 52
42 79 58
42 81 31
42 82 30
42 83 38
42 84 80
42 85 68
42 86 28
42 87 35
42 88 59
42 89 64
42 90 67
42 93 32
42 94 92
42 95 53
42 97 78
42 98 60
42 99 29
42 100 87
42 101 20
42 103 65
42 104 55
42 105 30
42 106 61
42 107 77
42 108 60
42 t 91
43 2 51
43 3 76
43 4 38
43 6 22
43 7 89
43 8 48
43 9 66
43 11 22
43 12 49
43 14 70
43 15 38
43 16 53
43 18 42
43 19 92
43 20 89
43 22 56
43 23 21
43 24 43
43 27 34
43 28 48
43 29 34
43 31 68
43 32 60
43 33 41
43 34 50
43 35 50
43 38 85
43 39 44
43 40 22
43 41 38
43 42 77
43 44 60
43 45 45
43 47 25
43 49 67
43 50 59
43 51 21
43 52 25
43 53 55
43 54 44
43 55 69
43 56 67
43 57 35
43 58 45
43 59 42
43 62 88
43 63 88
43 64 92
43 65 56
43 66 34
43 67 85
43 68 46
43 69 31
43 73 63
43 74 45
43 75 63
43 76 82
43 77 79
43 78 68
43 79 60
43 80 31
43 81 42
43 82 72
43 83 65
43 84 80
43 85 32
43 86 38
43 88 43
43 89 22
43 90 25
43 92 27
43 93 20
43 94 39
43 95 23
43 96 69
43 97 39
43 98 92
43 99 67
43 100 67
43 101 37
43 102 89
43 105 82
43 106 60
43 107 57
43 108 29
44 1 68
44 2 87
44 3 35
44 4 32
44 5 56
44 6 87
44 7 90
44 8 62
44 9 71
44 10 33
44 12 67
44 13 54
44 14 54
44 15 36
44 16 42
44 17 31
44 18 51
44 19 57
44 20 82
44 21 69
44 22 20
44 23 66
44 24 85
44 25 63
44 26 57
44 27 91
44 28 46
44 29 73
44 30 34
44 31 91
44 32 32
44 33 36
44 34 79
44 36 22
44 38 27
44 39 24
44 40 25
44 41 44
44 43 60
44 45 22
44 46 50
44 47 62
44 48 48
44 49 37
44 50 84
44 51 87
44 52 55
44 54 74
44 56 20
44 57 77
44 58 25
44 59 39
44 61 89
44 62 27
44 63 36
44 64 83
44 66 52
44 67 40
44 68 53
44 70 21
44 71 82
44 72 68
44 73 87
44 74 44
44 75 57
44 77 63
44 78 29
44 80 45
44 81 24
44 82 70
44 83 84
44 84 31
44 85 46
44 86 48
44 87 60
44 88 86
44 89 58
44 90 72
44 91 46
44 92 48
44 93 87
44 94 57
44 95 34
44 96 68
44 97 55
44 98 77
44 99 66
44 100 77
44 102 90
44 103 86
44 105 37
44 106 45
44 108 55
44 t 38
45 1 91
45 2 22
45 5 77
45 6 41
45 7 25
45 10 46
45 11 72
45 13 34
45 14 90
45 15 64
45 16 37
45 19 55
45 20 59
45 22 85
45 23 26
45 24 25
45 25 77
45 26 81
45 28 21
45 29 29
45 30 36
45 31 61
45 32 21
45 33 60
45 34 87
45 36 51
45 38 72
45 39 30
45 40 59
45 41 86
45 42 92
45 43 45
45 44 22
45 46 85
45 47 52
45 48 38
45 49 66
45 51 51
45 52 84
45 53 61
45 54 90
45 56 77
45 57 36
45 60 31
45 61 37
45 62 44
45 63 50
45 64 90
45 65 79
45 66 28
45 67 52
45 70 31
45 71 33
45 72 65
45 73 29
45 74 64
45 75 29
45 76 77
45 77 50
45 78 44
45 79 84
45 80 88
45 81 70
45 82 80
45 83 82
45 84 44
45 86 70
45 87 56
45 88 73
45 89 86
45 91 75
45 93 38
45 94 67
45 95 31
45 96 31
45 97 27
45 98 65
45 99 33
45 100 60
45 101 57
45 102 89
45 103 74
45 104 46
45 105 39
45 106 33
45 108 85
45 t 33
46 1 83
46 3 65
46 4 57
46 5 49
46 6 73
46 7 23
46 9 36
46 10 90
46 11 52
46 12 73
46 14 88
46 15 26
46 16 80
46 18 62
46 20 48
46 21 37
46 23 92
46 24 77
46 26 64
46 27 86
46 28 81
46 29 70
46 30 53
46 31 65
46 33 69
46 34 71
46 36 38
46 37 82
46 38 89
46 40 89
46 41 52
46 42 22
46 44 50
46 45 85
46 47 23
46 48 46
46 50 59
46 51 27
46 53 81
46 54 84
46 55 50
46 56 73
46 58 59
46 59 19
46 60 40
46 61 86
46 62 36
46 63 37
46 64 70
46 67 36
46 68 52
46 70 55
46 71 40
46 73 54
46 74 77
46 75 37
46 77 79
46 78 59
46 79 30
46 80 76
46 81 29
46 82 77
46 84 58
46 85 72
46 86 60
46 87 28
46 88 71
46 89 75
46 90 90
46 91 50
46 92 38
46 93 49
46 94 75
46 95 68
46 96 47
46 98 51
46 99 56
46 100 25
46 103 71
46 104 20
46 105 40
46 106 76
46 107 72
46 108 24
46 t 21
47 1 36
47 2 47
47 3 48
47 4 92
47 6 59
47 7 53
47 8 33
47 9 40
47 10 82
47 11 74
47 12 71
47 14 47
47 15 73
47 16 89
47 17 81
47 18 28
47 20 66
47 21 59
47 23 50
47 25 39
47 26 40
47 27 72
47 28 20
47 29 35
47 32 54
47 33 42
47 35 86
47 36 50
47 38 52
47 40 80
47 41 79
47 42 71
47 43 25
47 44 62
47 45 52
47 46 23
47 51 82
47 54 35
47 55 87
47 56 69
47 57 81
47 58 75
47 60 34
47 61 76
47 62 45
47 63 67
47 66 77
47 67 69
47 68 36
47 69 50
47 70 52
47 71 22
47 72 76
47 73 88
47 74 36
47 77 87
47 79 77
47 80 39
47 81 72
47 82 87
47 84 36
47 85 86
47 86 47
47 87 81
47 90 44
47 91 32
47 92 33
47 93 53
47 95 83
47 96 47
47 97 81
47 98 23
47 99 19
47 100 86
47 101 87
47 102 29
47 103 70
47 105 37
47 107 38
47 108 67
47 t 57
48 2 74
48 3 87
48 4 73
48 5 61
48 6 69
48 7 32
48 8 30
48 10 82
48 11 75
48 15 60
48 16 86
48 17 46
48 18 39
48 19 26
48 20 25
48 21 70
48 22 53
48 23 87
48 24 74
48 26 91
48 27 30
48 28 92
48 29 81
48 30 60
48 32 27
48 34 25
48 35 45
48 36 73
48 37 67
48 38 76
48 39 67
48 40 39
48 41 26
48 42 43
48 44 48
48 45 38
48 46 46
48 49 25
48 50 45
48 51 83
48 52 54
48 53 48
48 54 28
48 55 77
48 57 72
48 58 20
48 59 72
48 60 36
48 61 28
48 62 53
48 63 83
48 65 28
48 67 81
48 68 89
48 69 70
48 70 53
48 71 92
48 72 48
48 73 68
48 74 46
48 75 23
48 76 90
48 77 85
48 78 81
48 79 47
48 80 33
48 81 58
48 82 79
48 83 53
48 84 33
48 85 27
48 87 72
48 88 64
48 91 87
48 92 84
48 93 47
48 94 29
48 96 21
48 97 57
48 99 80
48 101 82
48 103 23
48 105 27
48 106 32
48 107 49
48 108 84
48 t 73
49 1 59
49 3 56
49 5 79
49 9 77
49 10 56
49 11 31
49 12 31
49 13 91
49 15 82
49 16 87
49 17 85
49 19 77
49 20 37
49 21 26
49 22 39
49 23 44
49 24 32
49 26 20
49 27 51
49 28 62
49 29 35
49 30 33
49 31 41
49 32 29
49 34 30
49 35 46
49 36 89
49 37 19
49 38 63
49 39 70
49 40 73
49 41 25
49 42 60
49 43 67
49 44 37
49 45 66
49 48 25
49 51 19
49 52 74
49 53 28
49 54 60
49 55 59
49 57 36
49 58 75
49 59 58
49 61 46
49 63 82
49 64 49
49 65 58
49 66 63
49 67 81
49 68 40
49 70 91
49 71 30
49 73 69
49 74 83
49 75 41
49 76 87
49 78 87
49 79 54
49 80 46
49 81 24
49 82 86
49 83 67
49 85 69
49 86 57
49 87 44
49 89 74
49 90 44
49 91 30
49 92 69
49 93 88
49 94 79
49 95 63
49 96 86
49 99 29
49 100 62
49 102 76
49 103 63
49 104 82
49 105 39
49 106 89
49 107 84
49 108 54
49 t 52
50 1 39
50 2 46
50 3 66
50 4 76
50 5 66
50 6 44
50 7 45
50 8 64
50 9 80
50 11 34
50 12 75
50 13 50
50 15 19
50 16 63
50 17 24
50 18 29
50 19 28
50 20 54
50 23 69
50 24 84
50 26 84
50 27 20
50 28 73
50 31 71
50 32 79
50 33 36
50 34 59
50 35 45
50 36 59
50 38 72
50 39 44
50 40 81
50 41 22
50 43 59
50 44 84
50 46 59
50 48 45
50 51 57
50 52 20
50 53 53
50 54 84
50 56 77
50 58 76
50 59 91
50 60 35
50 61 65
50 62 72
50 63 27
50 65 50
50 66 56
50 69 39
50 70 48
50 71 73
50 72 27
50 73 76
50 74 53
50 75 51
50 76 76
50 77 41
50 78 47
50 79 49
50 80 57
50 87 75
50 88 20
50 89 34
50 91 45
50 92 33
50 93 20
50 94 60
50 96 70
50 97 61
50 98 22
50 100 60
50 101 58
50 102 31
50 104 56
50 105 42
50 106 40
50 107 53
50 108 29
50 t 92
51 1 55
51 2 59
51 6 29
51 8 41
51 9 84
51 10 81
51 11 47
51 12 57
51 13 32
51 14 48
51 15 89
51 16 85
51 17 27
51 19 81
51 20 52
51 21 61
51 23 84
51 24 81
51 25 91
51 27 63
51 28 71
51 29 71
51 30 66
51 31 58
51 32 60
51 33 41
51 34 88
51 35 56
51 36 87
51 37 89
51 41 63
51 42 53
51 43 21
51 44 87
51 45 51
51 46 27
51 47 82
51 48 83
51 49 19
51 50 57
51 52 33
51 53 67
51 54 58
51 55 76
51 57 59
51 58 52
51 59 89
51 60 22
51 61 88
51 63 30
51 64 33
51 65 40
51 66 81
51 67 52
51 68 76
51 69 34
51 70 25
51 71 48
51 73 90
51 75 36
51 76 50
51 77 48
51 78 29
51 79 49
51 80 26
51 81 58
51 82 82
51 83 53
51 84 52
51 85 34
51 87 86
51 88 33
51 89 20
51 90 88
51 91 51
51 92 67
51 93 60
51 95 50
51 96 57
51 97 56
51 99 47
51 100 88
51 102 29
51 103 60
51 105 86
51 106 33
51 107 82
51 108 80
52 2 21
52 5 68
52 7 40
52 8 55
52 9 25
52 11 62
52 12 51
52 13 45
52 14 77
52 16 72
52 17 73
52 18 43
52 19 30
52 21 40
52 22 60
52 25 26
52 26 48
52 27 63
52 30 29
52 33 41
52 34 29
52 36 58
52 37 30
52 38 48
52 39 66
52 40 63
52 42 48
52 43 25
52 44 55
52 45 84
52 48 54
52 49 74
52 50 20
52 51 33
52 53 89
52 54 36
52 55 81
52 56 65
52 57 61
52 58 36
52 59 85
52 60 87
52 61 52
52 64 92
52 66 54
52 68 38
52 70 66
52 71 25
52 72 37
52 73 79
52 74 66
52 75 26
52 76 61
52 77 27
52 78 72
52 80 21
52 81 29
52 82 89
52 83 53
52 84 63
52 86 83
52 87 44
52 89 86
52 90 21
52 91 74
52 92 33
52 93 46
52 94 80
52 95 23
52 96 56
52 97 39
52 98 66
52 99 91
52 100 92
52 102 38
52 103 45
52 105 75
52 106 78
52 107 53
52 108 61
52 t 39
53 1 57
53 3 45
53 4 65
53 5 63
53 6 50
53 7 67
53 8 92
53 9 80
53 10 77
53 12 44
53 14 66
53 16 51
53 17 86
53 18 63
53 19 58
53 20 45
53 21 91
53 22 77
53 23 36
53 24 34
53 25 73
53 26 54
53 27 34
53 28 77
53 30 20
53 31 23
53 32 32
53 33 20
53 34 36
53 36 48
53 37 40
53 39 84
53 40 28
53 43 55
53 45 61
53 46 81
53 48 48
53 49 28
53 50 53
53 51 67
53 52 89
53 55 63
53 58 44
53 59 52
53 61 86
53 62 22
53 64 19
53 65 46
53 66 47
53 68 19
53 70 89
53 71 28
53 72 22
53 75 23
53 77 88
53 78 83
53 79 31
53 80 42
53 81 36
53 82 67
53 83 89
53 85 22
53 86 89
53 87 46
53 88 92
53 89 78
53 90 53
53 91 23
53 93 60
53 95 19
53 96 42
53 98 27
53 99 53
53 100 61
53 102 19
53 103 21
53 104 50
53 105 65
53 106 89
53 107 33
53 t 66
54 1 33
54 2 52
54 4 26
54 5 49
54 6 23
54 9 29
54 10 67
54 11 56
54 12 90
54 15 67
54 16 25
54 17 80
54 18 65
54 19 52
54 20 85
54 21 27
54 22 52
54 23 71
54 24 33
54 26 20
54 29 83
54 30 23
54 31 92
54 32 30
54 33 57
54 34 25
54 35 67
54 36 64
54 37 53
54 38 40
54 39 42
54 40 26
54 41 23
54 43 44
54 44 74
54 45 90
54 46 84
54 47 35
54 48 28
54 49 60
54 50 84
54 51 58
54 52 36
54 55 23
54 56 28
54 57 65
54 59 33
54 60 34
54 61 24
54 62 35
54 65 83
54 66 71
54 67 53
54 68 86
54 70 58
54 71 79
54 73 92
54 74 58
54 75 44
54 76 90
54 77 69
54 78 43
54 80 46
54 81 87
54 82 89
54 83 56
54 85 39
54 86 59
54 87 58
54 90 41
54 91 44
54 92 30
54 93 74
54 94 22
54 95 27
54 97 62
54 98 28
54 99 87
54 101 64
54 102 63
54 103 90
54 104 77
54 105 35
54 t 61
55 1 66
55 2 30
55 3 57
55 5 32
55 6 25
55 7 23
55 8 23
55 9 87
55 12 34
55 13 78
55 15 67
55 16 38
55 17 23
55 18 25
55 19 81
55 20 66
55 21 58
55 23 62
55 24 43
55 25 65
55 27 53
55 28 87
55 29 66
55 30 81
55 31 89
55 32 82
55 33 83
55 34 78
55 35 41
55 36 33
55 38 28
55 39 43
55 40 62
55 41 91
55 42 24
55 43 69
55 46 50
55 47 87
55 48 77
55 49 59
55 51 76
55 52 81
55 53 63
55 54 23
55 56 63
55 57 26
55 59 51
55 60 20
55 61 54
55 62 76
55 63 25
55 64 65
55 65 77
55 66 42
55 67 69
55 68 25
55 69 90
55 71 87
55 73 84
55 75 74
55 76 50
55 79 50
55 80 54
55 81 91
55 82 23
55 83 40
55 84 69
55 85 59
55 86 71
55 87 63
55 88 28
55 89 54
55 92 77
55 93 44
55 94 73
55 96 48
55 98 89
55 99 25
55 101 78
55 102 40
55 104 74
55 107 69
55 t 67
56 1 70
56 2 72
56 3 31
56 4 37
56 5 75
56 6 26
56 7 21
56 8 72
56 10 49
56 11 35
56 12 62
56 13 25
56 14 35
56 15 48
56 17 78
56 18 66
56 19 74
56 20 67
56 21 64
56 22 89
56 23 65
56 25 22
56 26 56
56 28 59
56 29 51
56 30 24
56 32 22
56 33 58
56 34 29
56 35 89
56 36 87
56 38 83
56 41 53
56 42 62
56 43 67
56 44 20
56 45 77
56 46 73
56 47 69
56 50 77
56 52 65
56 54 28
56 55 63
56 59 52
56 60 41
56 61 39
56 62 61
56 63 23
56 64 66
56 65 44
56 66 84
56 67 55
56 68 28
56 69 56
56 70 67
56 71 58
56 72 31
56 75 82
56 76 89
56 78 61
56 79 22
56 80 21
56 81 50
56 84 36
56 85 83
56 86 65
56 87 19
56 88 42
56 89 35
56 90 68
56 91 46
56 92 40
56 93 76
56 94 40
56 95 44
56 96 58
56 97 55
56 98 63
56 100 48
56 101 26
56 102 71
56 104 71
56 105 83
56 107 90
56 108 49
56 t 90
57 1 46
57 4 24
57 5 43
57 6 66
57 7 44
57 9 51
57 10 76
57 11 24
57 13 78
57 14 64
57 15 89
57 16 77
57 17 21
57 18 46
57 20 52
57 21 57
57 22 40
57 23 74
57 25 80
57 26 32
57 27 27
57 28 81
57 29 28
57 31 85
57 32 73
57 33 89
57 34 91
57 36 81
57 37 79
57 38 88
57 39 57
57 41 79
57 43 35
57 44 77
57 45 36
57 47 81
57 48 72
57 49 36
57 51 59
57 52 61
57 54 65
57 55 26
57 58 32
57 59 32
57 60 44
57 62 53
57 63 55
57 64 36
57 65 26
57 66 39
57 68 71
57 70 32
57 71 70
57 75 21
57 77 82
57 78 78
57 79 87
57 81 78
57 82 83
57 84 40
57 85 45
57 86 53
57 87 89
57 88 62
57 89 39
57 92 67
57 93 90
57 94 72
57 96 90
57 97 83
57 98 85
57 99 76
57 100 83
57 102 21
57 103 31
57 104 70
57 106 90
57 107 43
57 t 53
58 2 59
58 3 65
58 4 64
58 5 49
58 7 84
58 8 52
58 9 67
58 10 20
58 11 92
58 12 28
58 13 49
58 14 46
58 15 57
58 16 25
58 17 74
58 19 62
58 21 58
58 23 56
58 24 59
58 26 82
58 27 20
58 28 54
58 30 44
58 34 92
58 35 36
58 36 29
58 39 88
58 42 44
58 43 45
58 44 25
58 46 59
58 47 75
58 48 20
58 49 75
58 50 76
58 51 52
58 52 36
58 53 44
58 57 32
58 59 86
58 61 37
58 62 63
58 63 88
58 64 51
58 65 72
58 66 74
58 67 34
58 68 51
58 69 45
58 70 92
58 71 32
58 72 58
58 74 40
58 75 77
58 76 45
58 77 91
58 78 53
58 79 66
58 80 45
58 81 60
58 82 34
58 83 48
58 84 80
58 85 46
58 86 74
58 87 86
58 88 59
58 89 74
58 90 67
58 91 88
58 94 64
58 95 44
58 96 59
58 97 47
58 98 26
58 99 48
58 101 26
58 105 76
58 106 87
58 107 20
58 t 87
59 3 31
59 5 75
59 6 57
59 7 40
59 8 52
59 10 49
59 11 72
59 12 75
59 14 61
59 17 74
59 19 66
59 20 68
59 21 59
59 22 55
59 24 29
59 26 34
59 27 34
59 28 36
59 29 87
59 30 88
59 31 59
59 33 56
59 34 74
59 35 47
59 36 73
59 37 81
59 38 30
59 39 38
59 41 64
59 43 42
59 44 39
59 46 19
59 48 72
59 49 58
59 50 91
59 51 89
59 52 85
59 53 52
59 54 33
59 55 51
59 56 52
59 57 32
59 58 86
59 60 59
59 61 27
59 62 57
59 63 62
59 64 88
59 65 58
59 66 53
59 67 65
59 68 40
59 69 24
59 70 71
59 71 83
59 72 21
59 73 58
59 75 21
59 76 50
59 77 64
59 78 41
59 79 83
59 80 70
59 81 39
59 82 19
59 83 92
59 84 68
59 85 24
59 86 45
59 87 40
59 88 59
59 89 82
59 91 80
59 92 20
59 94 52
59 95 62
59 96 26
59 97 50
59 98 86
59 99 47
59 100 52
59 102 36
59 103 52
59 104 81
59 105 32
59 106 81
59 107 32
59 108 36
59 t 46
60 1 53
60 4 61
60 5 57
60 6 19
60 7 47
60 8 26
60 9 43
60 10 31
60 13 21
60 15 47
60 17 19
60 18 49
60 20 32
60 21 56
60 22 44
60 23 91
60 25 56
60 27 69
60 28 41
60 29 47
60 30 48
60 31 41
60 32 39
60 33 32
60 34 84
60 35 76
60 37 31
60 39 80
60 42 79
60 45 31
60 46 40
60 47 34
60 48 36
60 50 35
60 51 22
60 52 87
60 54 34
60 55 20
60 56 41
60 57 44
60 59 59
60 61 51
60 62 38
60 63 27
60 64 66
60 65 46
60 66 45
60 67 64
60 68 41
60 69 53
60 70 66
60 71 42
60 72 88
60 73 62
60 76 51
60 77 27
60 78 22
60 79 59
60 80 50
60 82 23
60 83 51
60 84 42
60 86 53
60 87 75
60 88 21
60 89 33
60 91 91
60 93 21
60 94 19
60 95 42
60 96 67
60 97 73
60 98 53
60 100 54
60 101 41
60 103 49
60 104 45
60 105 27
60 108 62
60 t 57
61 1 76
61 2 44
61 4 61
61 5 72
61 7 29
61 8 77
61 9 72
61 10 37
61 11 60
61 14 28
61 15 80
61 16 91
61 17 78
61 18 54
61 19 83
61 20 24
61 23 77
61 24 88
61 25 32
61 26 35
61 27 46
61 28 55
61 29 42
61 30 37
61 31 70
61 32 69
61 33 49
61 35 78
61 38 82
61 39 55
61 41 87
61 42 60
61 44 89
61 45 37
61 46 86
61 47 76
61 48 28
61 49 46
61 50 65
61 51 88
61 52 52
61 53 86
61 54 24
61 55 54
61 56 39
61 58 37
61 59 27
61 60 51
61 62 41
61 63 89
61 64 83
61 65 38
61 66 58
61 67 25
61 68 92
61 70 64
61 71 77
61 72 65
61 73 34
61 74 82
61 75 79
61 76 78
61 78 69
61 79 35
61 80 28
61 81 73
61 83 52
61 84 70
61 85 86
61 86 91
61 89 91
61 92 83
61 94 86
61 95 60
61 96 25
61 97 52
61 98 47
61 99 80
61 101 68
61 102 75
61 103 87
61 104 87
61 107 35
61 t 45
62 2 85
62 4 58
62 5 60
62 6 57
62 7 69
62 8 47
62 9 40
62 10 31
62 11 30
62 15 91
62 16 55
62 17 31
62 18 82
62 19 29
62 20 43
62 21 50
62 22 58
62 24 51
62 25 49
62 26 86
62 28 65
62 32 24
62 34 62
62 36 30
62 37 71
62 38 49
62 39 35
62 40 24
62 41 74
62 42 38
62 43 88
62 44 27
62 45 44
62 46 36
62 47 45
62 48 53
62 50 72
62 53 22
62 54 35
62 55 76
62 56 61
62 57 53
62 58 63
62 59 57
62 60 38
62 61 41
62 63 72
62 65 24
62 66 71
62 67 44
62 69 72
62 70 82
62 72 19
62 74 66
62 76 64
62 77 85
62 78 32
62 79 33
62 81 65
62 83 45
62 84 70
62 85 67
62 86 55
62 88 29
62 89 74
62 90 88
62 91 37
62 92 67
62 95 36
62 97 46
62 99 78
62 100 92
62 101 60
62 102 53
62 103 20
62 105 84
62 106 30
62 t 40
63 1 67
63 4 72
63 5 47
63 7 24
63 8 76
63 9 60
63 10 89
63 11 20
63 12 23
63 13 69
63 14 50
63 15 84
63 16 83
63 17 56
63 18 64
63 21 72
63 22 66
63 24 28
63 25 61
63 27 47
63 28 27
63 31 59
63 32 77
63 34 83
63 35 56
63 36 32
63 37 91
63 38 50
63 39 48
63 41 50
63 43 88
63 44 36
63 45 50
63 46 37
63 47 67
63 48 83
63 49 82
63 50 27
63 51 30
63 55 25
63 56 23
63 57 55
63 58 88
63 59 62
63 60 27
63 61 89
63 62 72
63 64 67
63 66 38
63 67 35
63 68 56
63 69 36
63 70 34
63 72 54
63 73 62
63 75 46
63 76 87
63 77 38
63 78 68
63 79 22
63 82 82
63 83 23
63 84 41
63 85 73
63 87 50
63 88 27
63 89 81
63 90 87
63 91 92
63 93 20
63 94 61
63 96 22
63 99 28
63 100 33
63 101 67
63 102 35
63 103 62
63 104 35
63 105 60
63 106 40
63 107 64
63 t 33
64 1 50
64 2 70
64 3 60
64 4 82
64 5 34
64 7 32
64 8 41
64 10 43
64 11 33
64 12 67
64 13 88
64 14 37
64 16 51
64 17 35
64 18 58
64 19 47
64 20 20
64 21 65
64 22 36
64 24 88
64 25 74
64 26 72
64 27 83
64 28 85
64 30 70
64 31 38
64 34 59
64 35 60
64 36 78
64 37 53
64 38 67
64 39 44
64 40 62
64 41 44
64 43 92
64 44 83
64 45 90
64 46 70
64 49 49
64 51 33
64 52 92
64 53 19
64 55 65
64 56 66
64 57 36
64 58 51
64 59 88
64 60 66
64 61 83
64 63 67
64 65 51
64 66 62
64 68 92
64 69 40
64 70 78
64 71 47
64 76 87
64 77 65
64 78 45
64 79 46
64 80 64
64 82 61
64 84 68
64 87 56
64 88 51
64 90 48
64 91 35
64 92 92
64 93 39
64 94 21
64 95 68
64 96 92
64 97 55
64 99 77
64 100 91
64 101 77
64 102 81
64 104 67
64 105 51
64 106 26
64 107 81
64 108 71
65 1 36
65 2 38
65 3 31
65 4 24
65 5 77
65 7 64
65 9 43
65 10 88
65 11 61
65 13 83
65 15 50
65 16 49
65 18 64
65 20 82
65 21 36
65 22 48
65 23 31
65 24 20
65 25 37
65 26 31
65 27 73
65 28 48
65 29 25
65 31 22
65 32 54
65 33 80
65 34 45
65 35 38
65 36 60
65 37 91
65 38 57
65 42 30
65 43 56
65 45 79
65 48 28
65 49 58
65 50 50
65 51 40
65 53 46
65 54 83
65 55 77
65 56 44
65 57 26
65 58 72
65 59 58
65 60 46
65 61 38
65 62 24
65 64 51
65 66 70
65 67 49
65 68 68
65 69 21
65 70 20
65 71 68
65 72 27
65 73 20
65 74 72
65 75 21
65 76 70
65 77 92
65 79 72
65 80 53
65 81 89
65 82 40
65 85 69
65 87 30
65 88 26
65 89 42
65 91 19
65 92 39
65 93 53
65 94 61
65 97 60
65 98 89
65 99 74
65 100 53
65 101 73
65 102 53
65 104 29
65 105 82
65 106 56
65 107 37
65 108 72
65 t 57
66 1 90
66 2 84
66 3 46
66 4 19
66 5 69
66 6 27
66 7 61
66 8 45
66 9 59
66 11 65
66 12 77
66 13 33
66 14 50
66 16 23
66 17 36
66 18 89
66 19 82
66 20 62
66 21 46
66 22 19
66 23 46
66 24 21
66 25 50
66 26 66
66 28 24
66 32 56
66 33 22
66 36 21
66 37 83
66 38 25
66 39 30
66 40 88
66 42 58
66 43 34
66 44 52
66 45 28
66 47 77
66 49 63
66 50 56
66 51 81
66 52 54
66 53 47
66 54 71
66 55 42
66 56 84
66 57 39
66 58 74
66 59 53
66 60 45
66 61 58
66 62 71
66 63 38
66 64 62
66 65 70
66 68 87
66 69 29
66 70 84
66 72 34
66 74 42
66 76 31
66 77 82
66 78 46
66 79 29
66 80 83
66 82 80
66 83 36
66 84 33
66 85 65
66 86 92
66 87 61
66 88 43
66 89 50
66 90 40
66 91 89
66 92 87
66 94 44
66 95 65
66 97 71
66 98 33
66 99 30
66 100 44
66 101 83
66 103 69
66 104 29
66 105 86
66 106 25
66 108 66
66 t 40
67 2 41
67 3 79
67 5 83
67 6 57
67 7 87
67 8 27
67 9 69
67 10 50
67 11 27
67 13 54
67 14 60
67 15 42
67 16 50
67 17 49
67 18 80
67 19 58
67 20 33
67 21 42
67 23 85
67 24 56
67 25 87
67 26 65
67 29 87
67 30 35
67 31 39
67 32 51
67 36 41
67 37 82
67 38 54
67 39 64
67 40 87
67 41 24
67 42 73
67 43 85
67 44 40
67 45 52
67 46 36
67 47 69
67 48 81
67 49 81
67 51 52
67 54 53
67 55 69
67 56 55
67 58 34
67 59 65
67 60 64
67 61 25
67 62 44
67 63 35
67 65 49
67 68 88
67 69 22
67 70 85
67 72 84
67 73 27
67 74 61
67 75 44
67 77 24
67 79 87
67 81 69
67 83 57
67 85 66
67 86 60
67 87 47
67 89 48
67 92 38
67 93 48
67 94 40
67 95 72
67 98 27
67 100 81
67 101 52
67 102 69
67 103 67
67 104 44
67 105 19
67 t 43
68 1 85
68 2 39
68 3 75
68 4 25
68 5 39
68 6 49
68 7 80
68 8 51
68 10 42
68 11 86
68 12 66
68 15 70
68 16 63
68 17 41
68 18 28
68 19 40
68 20 34
68 22 71
68 24 89
68 25 44
68 26 70
68 27 25
68 28 21
68 29 19
68 31 49
68 32 32
68 33 40
68 34 73
68 35 52
68 36 44
68 37 62
68 38 25
68 39 74
68 40 49
68 41 60
68 43 46
68 44 53
68 46 52
68 47 36
68 48 89
68 49 40
68 51 76
68 52 38
68 53 19
68 54 86
68 55 25
68 56 28
68 57 71
68 58 51
68 59 40
68 60 41
68 61 92
68 63 56
68 64 92
68 65 68
68 66 87
68 67 88
68 69 88
68 70 59
68 71 53
68 72 74
68 73 76
68 74 39
68 76 39
68 77 33
68 78 23
68 79 85
68 82 60
68 84 76
68 85 64
68 86 67
68 87 82
68 88 48
68 89 33
68 90 54
68 91 32
68 94 62
68 95 54
68 96 53
68 97 91
68 98 79
68 99 28
68 100 49
68 101 70
68 103 39
68 104 45
68 106 75
68 107 49
68 t 20
69 1 40
69 4 74
69 5 81
69 6 35
69 7 52
69 8 73
69 9 56
69 10 46
69 11 66
69 12 71
69 13 55
69 14 62
69 15 33
69 16 92
69 17 38
69 18 37
69 19 59
69 20 71
69 21 75
69 22 25
69 24 69
69 25 50
69 27 81
69 28 39
69 29 89
69 30 34
69 34 88
69 36 36
69 38 89
69 40 32
69 42 82
69 43 31
69 47 50
69 48 70
69 50 39
69 51 34
69 55 90
69 56 56
69 58 45
69 59 24
69 60 53
69 62 72
69 63 36
69 64 40
69 65 21
69 66 29
69 67 22
69 68 88
69 71 21
69 72 64
69 73 28
69 74 65
69 75 89
69 78 29
69 80 62
69 81 79
69 82 53
69 83 45
69 84 34
69 85 21
69 88 90
69 89 51
69 91 75
69 92 52
69 94 45
69 95 75
69 96 36
69 97 71
69 100 71
69 101 31
69 102 80
69 103 47
69 104 89
69 105 84
69 106 65
69 107 61
69 108 22
69 t 65
70 1 32
70 2 48
70 3 86
70 4 55
70 5 46
70 6 49
70 7 81
70 8 58
70 10 38
70 12 76
70 13 26
70 14 72
70 17 42
70 18 31
70 19 42
70 20 44
70 21 35
70 22 23
70 23 28
70 24 81
70 25 59
70 26 78
70 27 90
70 28 87
70 29 78
70 31 89
70 32 82
70 33 45
70 35 82
70 36 42
70 38 19
70 39 42
70 41 39
70 42 25
70 44 21
70 45 31
70 46 55
70 47 52
70 48 53
70 49 91
70 50 48
70 51 25
70 52 66
70 53 89
70 54 58
70 56 67
70 57 32
70 58 92
70 59 71
70 60 66
70 61 64
70 62 82
70 63 34
70 64 78
70 65 20
70 66 84
70 67 85
70 68 59
70 71 66
70 73 63
70 74 41
70 75 70
70 76 63
70 81 64
70 84 56
70 88 62
70 89 40
70 90 32
70 91 44
70 92 90
70 93 39
70 95 72
70 96 56
70 97 90
70 98 28
70 99 59
70 101 52
70 103 87
70 104 81
70 106 92
70 108 42
70 t 64
71 1 57
71 4 79
71 6 24
71 7 91
71 8 75
71 9 79
71 10 52
71 11 45
71 13 38
71 16 27
71 17 57
71 18 49
71 19 37
71 21 41
71 22 84
71 23 33
71 24 86
71 25 32
71 26 47
71 27 40
71 28 31
71 29 90
71 30 78
71 31 27
71 32 42
71 33 50
71 34 84
71 35 44
71 36 34
71 37 69
71 39 91
71 40 48
71 42 45
71 44 82
71 45 33
71 46 40
71 47 22
71 48 92
71 49 30
71 50 73
71 51 48
71 52 25
71 53 28
71 54 79
71 55 87
71 56 58
71 57 70
71 58 32
71 59 83
71 60 42
71 61 77
71 64 47
71 65 68
71 68 53
71 69 21
71 70 66
71 72 86
71 73 51
71 74 83
71 75 50
71 76 70
71 78 45
71 79 67
71 80 89
71 82 82
71 84 53
71 85 39
71 86 22
71 87 70
71 88 35
71 89 52
71 93 47
71 94 33
71 96 71
71 98 44
71 99 44
71 100 34
71 102 19
71 104 92
71 105 84
71 106 86
71 107 28
71 t 57
72 1 28
72 3 74
72 4 77
72 5 86
72 6 66
72 7 24
72 8 47
72 9 87
72 10 45
72 12 24
72 13 75
72 14 73
72 15 50
72 16 64
72 17 85
72 18 81
72 19 61
72 20 60
72 21 32
72 22 41
72 24 48
72 25 65
72 27 36
72 28 48
72 29 62
72 30 63
72 31 65
72 32 23
72 33 62
72 34 66
72 35 33
72 36 44
72 37 58
72 39 91
72 40 69
72 42 80
72 44 68
72 45 65
72 47 76
72 48 48
72 50 27
72 52 37
72 53 22
72 56 31
72 58 58
72 59 21
72 60 88
72 61 65
72 62 19
72 63 54
72 65 27
72 66 34
72 67 84
72 68 74
72 69 64
72 71 86
72 73 48
72 74 75
72 75 68
72 77 80
72 78 26
72 79 73
72 80 35
72 82 42
72 83 62
72 84 75
72 85 41
72 86 27
72 87 69
72 88 27
72 89 73
72 91 77
72 92 34
72 94 21
72 96 88
72 97 48
72 99 33
72 100 35
72 101 82
72 102 78
72 104 71
72 107 59
72 108 50
73 1 27
73 2 22
73 3 53
73 5 41
73 7 24
73 8 33
73 9 38
73 11 89
73 13 25
73 14 82
73 15 25
73 16 66
73 18 41
73 20 70
73 21 66
73 22 62
73 23 39
73 24 47
73 27 81
73 28 48
73 34 52
73 35 46
73 36 54
73 38 30
73 39 24
73 41 74
73 43 63
73 44 87
73 45 29
73 46 54
73 47 88
73 48 68
73 49 69
73 50 76
73 51 90
73 52 79
73 54 92
73 55 84
73 59 58
73 60 62
73 61 34
73 63 62
73 65 20
73 67 27
73 68 76
73 69 28
73 70 63
73 71 51
73 72 48
73 74 33
73 75 59
73 76 40
73 78 85
73 80 65
73 81 69
73 82 31
73 84 35
73 87 92
73 88 85
73 89 57
73 90 42
73 92 75
73 93 38
73 94 55
73 95 42
73 96 76
73 97 34
73 99 62
73 101 47
73 102 24
73 103 78
73 104 61
73 106 22
73 107 74
73 t 84
74 2 65
74 3 32
74 5 45
74 7 32
74 8 71
74 9 50
74 10 78
74 12 43
74 16 54
74 17 52
74 18 59
74 19 81
74 21 77
74 22 22
74 24 68
74 25 70
74 26 23
74 27 55
74 28 43
74 29 51
74 30 24
74 32 55
74 33 80
74 36 83
74 37 78
74 38 23
74 40 52
74 41 23
74 42 49
74 43 45
74 44 44
74 45 64
74 46 77
74 47 36
74 48 46
74 49 83
74 50 53
74 52 66
74 54 58
74 58 40
74 61 82
74 62 66
74 65 72
74 66 42
74 67 61
74 68 39
74 69 65
74 70 41
74 71 83
74 72 75
74 73 33
74 76 19
74 77 20
74 78 29
74 79 68
74 80 58
74 81 64
74 82 89
74 83 79
74 85 76
74 86 88
74 87 92
74 88 32
74 89 32
74 90 65
74 91 78
74 94 46
74 95 75
74 96 64
74 97 88
74 98 88
74 100 58
74 101 81
74 102 89
74 104 47
74 105 25
74 106 44
74 108 33
74 t 60
75 1 88
75 2 70
75 3 46
75 4 84
75 6 73
75 7 67
75 9 91
75 10 47
75 12 47
75 13 63
75 14 83
75 15 53
75 17 52
75 19 55
75 20 30
75 21 29
75 22 83
75 24 86
75 25 34
75 26 38
75 31 40
75 34 44
75 36 73
75 38 48
75 39 25
75 40 19
75 41 92
75 43 63
75 44 57
75 45 29
75 46 37
75 48 23
75 49 41
75 50 51
75 51 36
75 52 26
75 53 23
75 54 44
75 55 74
75 56 82
75 57 21
75 58 77
75 59 21
75 61 79
75 63 46
75 65 21
75 67 44
75 69 89
75 70 70
75 71 50
75 72 68
75 73 59
75 77 51
75 78 90
75 79 57
75 80 89
75 81 22
75 82 60
75 83 41
75 84 71
75 87 84
75 88 30
75 89 71
75 91 60
75 92 32
75 93 46
75 94 58
75 95 25
75 96 23
75 97 55
75 98 42
75 99 35
75 101 88
75 102 29
75 103 30
75 104 84
75 105 70
75 107 55
75 108 59
76 1 74
76 3 89
76 4 79
76 5 41
76 6 42
76 9 26
76 10 52
76 11 66
76 14 71
76 15 42
76 17 57
76 18 62
76 19 74
76 22 54
76 24 84
76 25 28
76 28 69
76 29 40
76 32 56
76 33 23
76 34 42
76 35 35
76 36 43
76 37 38
76 40 62
76 41 90
76 42 69
76 43 82
76 45 77
76 48 90
76 49 87
76 50 76
76 51 50
76 52 61
76 54 90
76 55 50
76 56 89
76 58 45
76 59 50
76 60 51
76 61 78
76 62 64
76 63 87
76 64 87
76 65 70
76 66 31
76 68 39
76 70 63
76 71 70
76 73 40
76 74 19
76 77 89
76 79 54
76 80 52
76 81 78
76 82 36
76 83 57
76 85 87
76 86 44
76 87 78
76 89 87
76 90 72
76 91 61
76 92 85
76 93 61
76 94 30
76 95 31
76 96 59
76 97 44
76 98 28
76 99 30
76 100 31
76 101 79
76 102 85
76 103 89
76 104 85
76 105 74
76 106 40
76 107 45
76 t 55
77 1 76
77 3 38
77 4 37
77 5 74
77 6 56
77 8 54
77 10 90
77 11 49
77 12 62
77 14 87
77 16 38
77 17 82
77 18 58
77 19 55
77 20 65
77 21 87
77 22 32
77 23 19
77 25 21
77 26 41
77 31 76
77 34 19
77 35 50
77 36 37
77 37 33
77 39 51
77 41 65
77 42 56
77 43 79
77 44 63
77 45 50
77 46 79
77 47 87
77 48 85
77 50 41
77 51 48
77 52 27
77 53 88
77 54 69
77 57 82
77 58 91
77 59 64
77 60 27
77 62 85
77 63 38
77 64 65
77 65 92
77 66 82
77 67 24
77 68 33
77 72 80
77 74 20
77 75 51
77 76 89
77 79 36
77 82 72
77 83 83
77 84 90
77 85 84
77 87 20
77 88 39
77 89 81
77 91 39
77 93 38
77 95 49
77 96 21
77 97 22
77 98 89
77 99 45
77 101 66
77 102 23
77 103 80
77 104 63
77 105 25
77 108 30
77 t 27
78 1 83
78 2 71
78 4 51
78 5 81
78 6 36
78 7 32
78 8 67
78 9 74
78 10 45
78 11 90
78 12 89
78 13 49
78 14 90
78 15 72
78 16 57
78 17 43
78 18 83
78 19 68
78 20 33
78 21 92
78 22 31
78 23 21
78 24 43
78 26 67
78 27 75
78 28 85
78 29 49
78 31 36
78 32 23
78 34 90
78 35 26
78 36 55
78 37 19
78 38 41
78 40 35
78 42 52
78 43 68
78 44 29
78 45 44
78 46 59
78 48 81
78 49 87
78 50 47
78 51 29
78 52 72
78 53 83
78 54 43
78 56 61
78 57 78
78 58 53
78 59 41
78 60 22
78 61 69
78 62 32
78 63 68
78 64 45
78 66 46
78 68 23
78 69 29
78 71 45
78 72 26
78 73 85
78 74 29
78 75 90
78 80 65
78 81 67
78 82 27
78 83 40
78 84 49
78 86 61
78 87 65
78 88 88
78 89 77
78 90 49
78 91 59
78 94 81
78 95 60
78 97 59
78 98 31
78 99 80
78 100 72
78 101 88
78 103 87
78 105 61
78 107 83
78 108 44
79 1 26
79 2 85
79 3 76
79 4 72
79 5 19
79 6 30
79 7 19
79 8 83
79 11 47
79 12 20
79 13 90
79 14 48
79 16 23
79 17 82
79 18 36
79 20 53
79 21 78
79 22 22
79 23 73
79 24 51
79 26 32
79 27 85
79 28 60
79 29 63
79 33 27
79 34 41
79 37 68
79 38 37
79 39 26
79 40 78
79 41 77
79 42 58
79 43 60
79 45 84
79 46 30
79 47 77
79 48 47
79 49 54
79 50 49
79 51 49
79 53 31
79 55 50
79 56 22
79 57 87
79 58 66
79 59 83
79 60 59
79 61 35
79 62 33
79 63 22
79 64 46
79 65 72
79 66 29
79 67 87
79 68 85
79 71 67
79 72 73
79 74 68
79 75 57
79 76 54
79 77 36
79 80 55
79 82 56
79 83 58
79 84 42
79 85 47
79 86 79
79 87 76
79 88 25
79 89 82
79 91 89
79 92 30
79 95 45
79 96 86
79 97 59
79 98 73
79 99 59
79 100 27
79 101 51
79 102 59
79 104 74
79 105 67
79 106 76
80 2 80
80 3 49
80 5 38
80 6 52
80 7 79
80 9 84
80 10 73
80 11 41
80 12 69
80 13 65
80 14 71
80 15 70
80 17 68
80 18 65
80 19 80
80 20 58
80 21 32
80 22 51
80 23 51
80 25 55
80 26 37
80 27 82
80 28 56
80 29 46
80 30 42
80 31 47
80 32 34
80 33 88
80 34 65
80 35 77
80 36 32
80 37 36
80 38 32
80 39 35
80 40 45
80 41 78
80 43 31
80 44 45
80 45 88
80 46 76
80 47 39
80 48 33
80 49 46
80 50 57
80 51 26
80 52 21
80 53 42
80 54 46
80 55 54
80 56 21
80 58 45
80 59 70
80 60 50
80 61 28
80 64 64
80 65 53
80 66 83
80 69 62
80 71 89
80 72 35
80 73 65
80 74 58
80 75 89
80 76 52
80 78 65
80 79 55
80 81 26
80 82 34
80 83 22
80 84 58
80 85 50
80 87 51
80 88 63
80 89 91
80 90 20
80 91 92
80 93 32
80 94 77
80 95 60
80 100 26
80 102 24
80 103 52
80 104 61
80 105 90
80 108 39
80 t 50
81 3 67
81 4 70
81 5 34
81 6 30
81 7 89
81 9 89
81 10 87
81 11 55
81 12 69
81 15 84
81 16 30
81 17 33
81 18 38
81 19 79
81 20 49
81 22 66
81 24 81
81 25 92
81 26 52
81 27 82
81 28 28
81 29 31
81 30 71
81 31 47
81 32 60
81 33 65
81 34 27
81 35 70
81 36 63
81 37 75
81 38 21
81 39 92
81 40 72
81 41 42
81 42 31
81 43 42
81 44 24
81 45 70
81 46 29
81 47 72
81 48 58
81 49 24
81 51 58
81 52 29
81 53 36
81 54 87
81 55 91
81 56 50
81 57 78
81 58 60
81 59 39
81 61 73
81 62 65
81 65 89
81 67 69
81 69 79
81 70 64
81 73 69
81 74 64
81 75 22
81 76 78
81 78 67
81 80 26
81 82 80
81 83 87
81 84 41
81 86 74
81 88 24
81 89 51
81 91 52
81 92 25
81 93 67
81 94 54
81 95 42
81 97 88
81 98 73
81 99 31
81 100 89
81 101 73
81 104 55
81 105 19
81 106 27
81 107 45
81 t 27
82 2 57
82 3 52
82 4 43
82 5 19
82 6 89
82 7 84
82 9 86
82 10 80
82 11 20
82 12 82
82 14 61
82 15 29
82 16 77
82 18 31
82 19 75
82 20 86
82 21 22
82 22 64
82 25 40
82 28 76
82 31 59
82 32 25
82 35 46
82 37 92
82 39 50
82 40 70
82 41 29
82 42 30
82 43 72
82 44 70
82 45 80
82 46 77
82 47 87
82 48 79
82 49 86
82 51 82
82 52 89
82 53 67
82 54 89
82 55 23
82 57 83
82 58 34
82 59 19
82 60 23
82 63 82
82 64 61
82 65 40
82 66 80
82 68 60
82 69 53
82 71 82
82 72 42
82 73 31
82 74 89
82 75 60
82 76 36
82 77 72
82 78 27
82 79 56
82 80 34
82 81 80
82 84 50
82 85 70
82 86 68
82 87 86
82 88 81
82 89 87
82 90 70
82 91 84
82 92 36
82 94 20
82 95 68
82 96 22
82 97 34
82 98 90
82 99 29
82 100 75
82 101 82
82 102 33
82 103 86
82 104 72
82 105 82
82 106 39
82 108 44
83 4 68
83 6 75
83 9 19
83 10 62
83 12 70
83 13 48
83 14 88
83 15 86
83 17 51
83 20 59
83 21 46
83 22 35
83 24 43
83 26 26
83 27 86
83 30 29
83 32 60
83 33 51
83 34 78
83 35 39
83 37 57
83 38 23
83 39 70
83 40 50
83 41 82
83 42 38
83 43 65
83 44 84
83 45 82
83 48 53
83 49 67
83 51 53
83 52 53
83 53 89
83 54 56
83 55 40
83 58 48
83 59 92
83 60 51
83 61 52
83 62 45
83 63 23
83 66 36
83 67 57
83 69 45
83 72 62
83 74 79
83 75 41
83 76 57
83 77 83
83 78 40
83 79 58
83 80 22
83 81 87
83 84 68
83 85 19
83 88 27
83 89 51
83 90 73
83 91 81
83 92 76
83 94 73
83 95 77
83 96 58
83 97 81
83 98 23
83 99 53
83 100 88
83 103 92
83 106 50
83 107 86
83 108 76
84 1 45
84 3 55
84 4 75
84 6 23
84 7 62
84 8 54
84 9 68
84 11 85
84 12 58
84 14 74
84 15 58
84 16 42
84 17 42
84 18 91
84 19 40
84 20 47
84 22 80
84 24 69
84 25 55
84 26 52
84 27 66
84 28 84
84 31 71
84 32 70
84 33 53
84 34 81
84 35 59
84 36 78
84 37 40
84 38 38
84 39 40
84 40 44
84 41 70
84 42 80
84 43 80
84 44 31
84 45 44
84 46 58
84 47 36
84 48 33
84 51 52
84 52 63
84 55 69
84 56 36
84 57 40
84 58 80
84 59 68
84 60 42
84 61 70
84 62 70
84 63 41
84 64 68
84 66 33
84 68 76
84 69 34
84 70 56
84 71 53
84 72 75
84 73 35
84 75 71
84 77 90
84 78 49
84 79 42
84 80 58
84 81 41
84 82 50
84 83 68
84 85 85
84 86 62
84 87 31
84 88 47
84 89 42
84 90 63
84 91 38
84 92 33
84 93 84
84 95 64
84 96 87
84 97 21
84 98 70
84 99 85
84 100 66
84 101 47
84 103 90
84 104 54
84 106 90
84 107 38
84 108 55
85 1 20
85 2 41
85 3 66
85 4 35
85 5 21
85 6 86
85 7 69
85 8 89
85 9 33
85 11 78
85 12 54
85 13 45
85 14 57
85 15 61
85 16 56
85 17 60
85 19 72
85 20 86
85 21 43
85 22 88
85 23 58
85 24 44
85 25 64
85 26 58
85 27 52
85 29 29
85 31 28
85 32 26
85 34 38
85 36 58
85 37 87
85 38 44
85 39 65
85 40 27
85 41 88
85 42 68
85 43 32
85 44 46
85 46 72
85 47 86
85 48 27
85 49 69
85 51 34
85 53 22
85 54 39
85 55 59
85 56 83
85 57 45
85 58 46
85 59 24
85 61 86
85 62 67
85 63 73
85 65 69
85 66 65
85 67 66
85 68 64
85 69 21
85 71 39
85 72 41
85 74 76
85 76 87
85 77 84
85 79 47
85 80 50
85 82 70
85 83 19
85 84 85
85 87 52
85 88 21
85 90 31
85 92 36
85 93 23
85 94 77
85 95 29
85 98 73
85 99 35
85 100 46
85 101 22
85 102 26
85 103 29
85 104 89
85 105 40
85 106 53
85 107 69
85 108 48
85 t 32
86 1 29
86 2 48
86 5 90
86 8 56
86 9 82
86 10 46
86 11 74
86 13 34
86 14 87
86 16 91
86 17 53
86 18 75
86 19 39
86 21 68
86 22 74
86 23 81
86 24 64
86 25 27
86 26 85
86 27 65
86 29 92
86 30 65
86 31 73
86 32 50
86 33 21
86 34 55
86 35 38
86 36 23
86 37 58
86 38 30
86 39 66
86 40 63
86 41 59
86 42 28
86 43 38
86 44 48
86 45 70
86 46 60
86 47 47
86 49 57
86 52 83
86 53 89
86 54 59
86 55 71
86 56 65
86 57 53
86 58 74
86 59 45
86 60 53
86 61 91
86 62 55
86 66 92
86 67 60
86 68 67
86 71 22
86 72 27
86 74 88
86 76 44
86 78 61
86 79 79
86 81 74
86 82 68
86 84 62
86 87 50
86 88 67
86 89 77
86 90 60
86 91 26
86 92 88
86 93 58
86 94 64
86 95 90
86 96 37
86 97 81
86 98 53
86 99 52
86 100 52
86 101 80
86 102 74
86 103 92
86 104 46
86 106 61
86 107 55
86 108 43
87 1 78
87 2 91
87 4 92
87 6 19
87 7 62
87 8 81
87 9 30
87 10 64
87 11 81
87 12 62
87 15 35
87 16 45
87 17 91
87 18 50
87 19 34
87 20 28
87 21 66
87 22 43
87 23 22
87 24 41
87 26 49
87 31 37
87 32 56
87 33 25
87 34 73
87 35 65
87 37 52
87 38 79
87 39 57
87 40 92
87 41 60
87 42 35
87 44 60
87 45 56
87 46 28
87 47 81
87 48 72
87 49 44
87 50 75
87 51 86
87 52 44
87 53 46
87 54 58
87 55 63
87 56 19
87 57 89
87 58 86
87 59 40
87 60 75
87 63 50
87 64 56
87 65 30
87 66 61
87 67 47
87 68 82
87 71 70
87 72 69
87 73 92
87 74 92
87 75 84
87 76 78
87 77 20
87 78 65
87 79 76
87 80 51
87 82 86
87 84 31
87 85 52
87 86 50
87 90 86
87 91 57
87 92 66
87 93 22
87 94 23
87 96 78
87 98 90
87 99 59
87 100 79
87 101 44
87 102 81
87 103 75
87 104 73
87 107 88
87 108 55
87 t 72
88 1 89
88 2 34
88 4 53
88 5 35
88 6 61
88 7 72
88 10 38
88 11 86
88 12 38
88 13 40
88 14 25
88 15 83
88 18 58
88 19 68
88 20 53
88 22 19
88 23 78
88 24 27
88 26 55
88 27 33
88 28 27
88 30 47
88 31 32
88 32 81
88 34 61
88 35 30
88 37 77
88 39 81
88 40 50
88 41 37
88 42 59
88 43 43
88 44 86
88 45 73
88 46 71
88 48 64
88 50 20
88 51 33
88 53 92
88 55 28
88 56 42
88 57 62
88 58 59
88 59 59
88 60 21
88 62 29
88 63 27
88 64 51
88 65 26
88 66 43
88 68 48
88 69 90
88 70 62
88 71 35
88 72 27
88 73 85
88 74 32
88 75 30
88 77 39
88 78 88
88 79 25
88 80 63
88 81 24
88 82 81
88 83 27
88 84 47
88 85 21
88 86 67
88 89 19
88 90 73
88 93 34
88 94 26
88 95 42
88 96 86
88 97 73
88 98 79
88 99 29
88 100 36
88 101 85
88 103 73
88 104 47
88 105 34
88 107 90
88 108 19
89 1 89
89 2 34
89 3 25
89 4 63
89 5 71
89 6 48
89 7 72
89 8 27
89 9 76
89 10 50
89 12 81
89 13 81
89 14 29
89 15 54
89 17 31
89 18 21
89 20 72
89 21 23
89 22 76
89 24 78
89 25 39
89 26 79
89 27 26
89 28 75
89 29 82
89 30 85
89 31 88
89 32 31
89 33 22
89 34 72
89 35 86
89 36 85
89 37 70
89 38 29
89 40 45
89 41 41
89 42 64
89 43 22
89 44 58
89 45 86
89 46 75
89 49 74
89 50 34
89 51 20
89 52 86
89 53 78
89 55 54
89 56 35
89 57 39
89 58 74
89 59 82
89 60 33
89 61 91
89 62 74
89 63 81
89 65 42
89 66 50
89 67 48
89 68 33
89 69 51
89 70 40
89 71 52
89 72 73
89 73 57
89 74 32
89 75 71
89 76 87
89 77 81
89 78 77
89 79 82
89 80 91
89 81 51
89 82 87
89 83 51
89 84 42
89 86 77
89 88 19
89 91 71
89 93 83
89 94 50
89 95 22
89 96 69
89 97 37
89 100 86
89 101 92
89 102 36
89 103 64
89 104 83
89 105 49
89 108 39
89 t 48
90 1 39
90 3 66
90 4 33
90 5 21
90 6 40
90 8 69
90 10 25
90 14 76
90 15 89
90 16 46
90 17 65
90 18 64
90 19 62
90 20 66
90 21 50
90 23 58
90 24 56
90 28 58
90 29 21
90 31 71
90 32 83
90 33 20
90 34 74
90 35 47
90 36 40
90 37 60
90 38 38
90 39 39
90 40 61
90 42 67
90 43 25
90 44 72
90 46 90
90 47 44
90 49 44
90 51 88
90 52 21
90 53 53
90 54 41
90 56 68
90 58 67
90 62 88
90 63 87
90 64 48
90 66 40
90 68 54
90 70 32
90 73 42
90 74 65
90 76 72
90 78 49
90 80 20
90 82 70
90 83 73
90 84 63
90 85 31
90 86 60
90 87 86
90 88 73
90 91 73
90 93 80
90 94 49
90 96 79
90 97 62
90 98 73
90 99 48
90 102 90
90 103 84
90 104 43
90 105 86
90 106 44
90 107 90
90 108 76
91 1 58
91 2 87
91 4 38
91 5 63
91 6 23
91 7 37
91 8 36
91 9 74
91 10 22
91 11 44
91 12 34
91 13 37
91 14 86
91 15 22
91 16 85
91 17 46
91 18 21
91 19 84
91 20 72
91 22 35
91 23 50
91 24 45
91 25 65
91 27 28
91 29 38
91 30 32
91 31 92
91 32 84
91 33 83
91 34 86
91 38 90
91 39 61
91 40 48
91 41 57
91 44 46
91 45 75
91 46 50
91 47 32
91 48 87
91 49 30
91 50 45
91 51 51
91 52 74
91 53 23
91 54 44
91 56 46
91 58 88
91 59 80
91 60 91
91 62 37
91 63 92
91 64 35
91 65 19
91 66 89
91 68 32
91 69 75
91 70 44
91 72 77
91 74 78
91 75 60
91 76 61
91 77 39
91 78 59
91 79 89
91 80 92
91 81 52
91 82 84
91 83 81
91 84 38
91 86 26
91 87 57
91 89 71
91 90 73
91 92 83
91 94 79
91 96 43
91 98 40
91 100 90
91 101 87
91 102 91
91 104 58
91 105 43
91 108 65
91 t 33
92 1 76
92 2 83
92 3 21
92 4 55
92 6 30
92 7 23
92 8 55
92 9 82
92 10 38
92 11 46
92 13 46
92 14 85
92 17 66
92 20 25
92 22 68
92 24 32
92 25 33
92 27 39
92 28 45
92 30 48
92 33 71
92 35 41
92 36 22
92 37 63
92 38 85
92 40 37
92 41 60
92 43 27
92 44 48
92 46 38
92 47 33
92 48 84
92 49 69
92 50 33
92 51 67
92 52 33
92 54 30
92 55 77
92 56 40
92 57 67
92 59 20
92 61 83
92 62 67
92 64 92
92 65 39
92 66 87
92 67 38
92 69 52
92 70 90
92 72 34
92 73 75
92 75 32
92 76 85
92 79 30
92 81 25
92 82 36
92 83 76
92 84 33
92 85 36
92 86 88
92 87 66
92 91 83
92 96 25
92 99 83
92 100 83
92 101 79
92 102 55
92 103 39
92 104 36
92 105 75
92 106 84
92 108 49
92 t 58
93 1 21
93 2 89
93 5 47
93 6 54
93 9 24
93 10 45
93 11 61
93 12 50
93 13 75
93 14 90
93 15 85
93 16 44
93 17 77
93 18 24
93 19 88
93 21 56
93 23 91
93 24 51
93 27 71
93 28 60
93 29 42
93 32 92
93 33 29
93 35 52
93 36 48
93 40 52
93 41 22
93 42 32
93 43 20
93 44 87
93 45 38
93 46 49
93 47 53
93 48 47
93 49 88
93 50 20
93 51 60
93 52 46
93 53 60
93 54 74
93 55 44
93 56 76
93 57 90
93 60 21
93 63 20
93 64 39
93 65 53
93 67 48
93 70 39
93 71 47
93 73 38
93 75 46
93 76 61
93 77 38
93 80 32
93 81 67
93 84 84
93 85 23
93 86 58
93 87 22
93 88 34
93 89 83
93 90 80
93 94 75
93 95 30
93 96 55
93 97 19
93 98 86
93 99 25
93 100 24
93 101 85
93 102 28
93 104 22
93 105 52
93 106 89
93 107 86
94 1 61
94 2 70
94 3 60
94 4 61
94 5 62
94 6 47
94 9 26
94 10 85
94 12 45
94 14 55
94 15 78
94 16 25
94 17 64
94 18 55
94 19 32
94 20 27
94 21 72
94 22 32
94 23 68
94 24 27
94 25 59
94 26 21
94 27 54
94 28 92
94 30 24
94 31 42
94 32 61
94 33 56
94 35 21
94 36 30
94 37 80
94 40 28
94 42 92
94 43 39
94 44 57
94 45 67
94 46 75
94 48 29
94 49 79
94 50 60
94 52 80
94 54 22
94 55 73
94 56 40
94 57 72
94 58 64
94 59 52
94 60 19
94 61 86
94 63 61
94 64 21
94 65 61
94 66 44
94 67 40
94 68 62
94 69 45
94 71 33
94 72 21
94 73 55
94 74 46
94 75 58
94 76 30
94 78 81
94 80 77
94 81 54
94 82 20
94 83 73
94 85 77
94 86 64
94 87 23
94 88 26
94 89 50
94 90 49
94 91 79
94 93 75
94 95 32
94 97 57
94 98 81
94 99 33
94 100 30
94 101 68
94 102 53
94 103 68
94 104 77
94 105 20
94 106 26
94 107 51
94 108 83
95 1 26
95 2 78
95 4 39
95 5 90
95 6 27
95 7 19
95 8 32
95 9 28
95 10 40
95 12 51
95 13 58
95 14 63
95 15 34
95 16 61
95 17 45
95 18 74
95 19 62
95 20 89
95 21 66
95 23 32
95 24 19
95 26 37
95 27 26
95 28 25
95 30 48
95 31 28
95 33 83
95 35 76
95 36 78
95 37 83
95 39 38
95 41 76
95 42 53
95 43 23
95 44 34
95 45 31
95 46 68
95 47 83
95 49 63
95 51 50
95 52 23
95 53 19
95 54 27
95 56 44
95 58 44
95 59 62
95 60 42
95 61 60
95 62 36
95 64 68
95 66 65
95 67 72
95 68 54
95 69 75
95 70 72
95 73 42
95 74 75
95 75 25
95 76 31
95 77 49
95 78 60
95 79 45
95 80 60
95 81 42
95 82 68
95 83 77
95 84 64
95 85 29
95 86 90
95 88 42
95 89 22
95 93 30
95 94 32
95 96 58
95 98 52
95 101 69
95 102 77
95 103 46
95 104 68
95 105 25
95 106 90
95 107 87
95 108 26
96 2 71
96 3 80
96 4 29
96 6 68
96 8 28
96 10 38
96 11 70
96 12 21
96 13 65
96 14 53
96 15 78
96 16 83
96 17 83
96 18 21
96 19 24
96 20 31
96 21 51
96 23 20
96 24 34
96 25 75
96 26 85
96 27 92
96 28 61
96 29 78
96 31 70
96 32 42
96 33 41
96 34 84
96 35 31
96 36 67
96 38 74
96 39 31
96 40 26
96 43 69
96 44 68
96 45 31
96 46 47
96 47 47
96 48 21
96 49 86
96 50 70
96 51 57
96 52 56
96 53 42
96 55 48
96 56 58
96 57 90
96 58 59
96 59 26
96 60 67
96 61 25
96 63 22
96 64 92
96 68 53
96 69 36
96 70 56
96 71 71
96 72 88
96 73 76
96 74 64
96 75 23
96 76 59
96 77 21
96 79 86
96 82 22
96 83 58
96 84 87
96 86 37
96 87 78
96 88 86
96 89 69
96 90 79
96 91 43
96 92 25
96 93 55
96 95 58
96 97 55
96 98 37
96 99 74
96 100 53
96 101 88
96 102 23
96 103 52
96 105 81
96 108 48
96 t 47
97 1 75
97 3 52
97 4 65
97 5 81
97 6 22
97 7 44
97 10 79
97 11 40
97 12 27
97 13 38
97 14 69
97 18 45
97 19 59
97 20 39
97 22 89
97 23 82
97 24 78
97 25 87
97 29 91
97 30 56
97 31 64
97 33 88
97 35 54
97 36 45
97 37 92
97 38 40
97 39 36
97 42 78
97 43 39
97 44 55
97 45 27
97 47 81
97 48 57
97 50 61
97 51 56
97 52 39
97 54 62
97 56 55
97 57 83
97 58 47
97 59 50
97 60 73
97 61 52
97 62 46
97 64 55
97 65 60
97 66 71
97 68 91
97 69 71
97 70 90
97 72 48
97 73 34
97 74 88
97 75 55
97 76 44
97 77 22
97 78 59
97 79 59
97 81 88
97 82 34
97 83 81
97 84 21
97 86 81
97 88 73
97 89 37
97 90 62
97 93 19
97 94 57
97 96 55
97 98 83
97 99 84
97 100 53
97 101 71
97 103 81
97 104 45
97 106 65
97 108 23
97 t 30
98 2 34
98 3 63
98 5 59
98 6 92
98 7 28
98 8 66
98 9 77
98 10 20
98 11 90
98 12 89
98 13 56
98 14 61
98 15 64
98 16 49
98 18 57
98 19 72
98 20 34
98 21 63
98 22 72
98 26 25
98 28 75
98 29 76
98 30 49
98 32 45
98 33 86
98 34 59
98 35 58
98 36 33
98 37 67
98 38 54
98 39 60
98 40 23
98 42 60
98 43 92
98 44 77
98 45 65
98 46 51
98 47 23
98 50 22
98 52 66
98 53 27
98 54 28
98 55 89
98 56 63
98 57 85
98 58 26
98 59 86
98 60 53
98 61 47
98 65 89
98 66 33
98 67 27
98 68 79
98 70 28
98 71 44
98 74 88
98 75 42
98 76 28
98 77 89
98 78 31
98 79 73
98 81 73
98 82 90
98 83 23
98 84 70
98 85 73
98 86 53
98 87 90
98 88 79
98 90 73
98 91 40
98 93 86
98 94 81
98 95 52
98 96 37
98 97 83
98 99 33
98 103 83
98 104 19
98 105 68
98 107 75
98 108 50
99 1 23
99 2 57
99 3 49
99 4 73
99 5 32
99 6 25
99 7 64
99 9 21
99 11 47
99 12 89
99 14 51
99 15 25
99 17 59
99 18 74
99 19 75
99 20 62
99 21 21
99 22 64
99 23 63
99 25 28
99 28 72
99 29 87
99 30 87
99 31 52
99 32 38
99 33 50
99 34 80
99 35 53
99 37 66
99 38 85
99 39 48
99 40 57
99 41 30
99 42 29
99 43 67
99 44 66
99 45 33
99 46 56
99 47 19
99 48 80
99 49 29
99 51 47
99 52 91
99 53 53
99 54 87
99 55 25
99 57 76
99 58 48
99 59 47
99 61 80
99 62 78
99 63 28
99 64 77
99 65 74
99 66 30
99 68 28
99 70 59
99 71 44
99 72 33
99 73 62
99 75 35
99 76 30
99 77 45
99 78 80
99 79 59
99 81 31
99 82 29
99 83 53
99 84 85
99 85 35
99 86 52
99 87 59
99 88 29
99 90 48
99 92 83
99 93 25
99 94 33
99 96 74
99 97 84
99 98 33
99 100 80
99 101 21
99 103 63
99 104 19
99 105 70
99 106 53
99 107 79
99 108 67
99 t 77
100 2 91
100 4 71
100 5 26
100 6 58
100 7 48
100 8 21
100 9 65
100 10 75
100 11 73
100 13 77
100 14 89
100 16 59
100 18 85
100 19 59
100 20 67
100 21 75
100 22 31
100 23 90
100 24 53
100 25 44
100 27 26
100 28 78
100 30 29
100 32 30
100 33 27
100 34 26
100 35 26
100 37 62
100 38 53
100 39 85
100 41 20
100 42 87
100 43 67
100 44 77
100 45 60
100 46 25
100 47 86
100 49 62
100 50 60
100 51 88
100 52 92
100 53 61
100 56 48
100 57 83
100 59 52
100 60 54
100 62 92
100 63 33
100 64 91
100 65 53
100 66 44
100 67 81
100 68 49
100 69 71
100 71 34
100 72 35
100 74 58
100 76 31
100 78 72
100 79 27
100 80 26
100 81 89
100 82 75
100 83 88
100 84 66
100 85 46
100 86 52
100 87 79
100 88 36
100 89 86
100 91 90
100 92 83
100 93 24
100 94 30
100 96 53
100 97 53
100 99 80
100 101 70
100 102 79
100 103 65
100 104 42
100 105 42
100 106 44
100 107 63
100 108 80
100 t 42
101 2 47
101 3 19
101 4 44
101 5 29
101 6 69
101 7 70
101 9 89
101 10 58
101 11 37
101 12 42
101 13 49
101 14 24
101 15 38
101 17 34
101 18 82
101 20 74
101 22 33
101 25 69
101 27 64
101 29 77
101 30 35
101 31 38
101 32 34
101 33 46
101 34 34
101 35 74
101 36 79
101 37 44
101 38 31
101 39 46
101 40 80
101 41 34
101 42 20
101 43 37
101 45 57
101 47 87
101 48 82
101 50 58
101 54 64
101 55 78
101 56 26
101 58 26
101 60 41
101 61 68
101 62 60
101 63 67
101 64 77
101 65 73
101 66 83
101 67 52
101 68 70
101 69 31
101 70 52
101 72 82
101 73 47
101 74 81
101 75 88
101 76 79
101 77 66
101 78 88
101 79 51
101 81 73
101 82 82
101 84 47
101 85 22
101 86 80
101 87 44
101 88 85
101 89 92
101 91 87
101 92 79
101 93 85
101 94 68
101 95 69
101 96 88
101 97 71
101 99 21
101 100 70
101 102 64
101 105 30
101 106 46
101 107 26
101 108 65
101 t 28
102 1 53
102 2 20
102 4 22
102 6 85
102 7 54
102 8 71
102 10 78
102 11 69
102 12 68
102 13 24
102 14 77
102 15 25
102 18 53
102 19 45
102 21 19
102 22 41
102 23 37
102 25 80
102 27 47
102 28 64
102 29 44
102 30 23
102 31 30
102 32 84
102 35 46
102 37 74
102 38 19
102 39 26
102 43 89
102 44 90
102 45 89
102 47 29
102 49 76
102 50 31
102 51 29
102 52 38
102 53 19
102 54 63
102 55 40
102 56 71
102 57 21
102 59 36
102 61 75
102 62 53
102 63 35
102 64 81
102 65 53
102 67 69
102 69 80
102 71 19
102 72 78
102 73 24
102 74 89
102 75 29
102 76 85
102 77 23
102 79 59
102 80 24
102 82 33
102 85 26
102 86 74
102 87 81
102 89 36
102 90 90
102 91 91
102 92 55
102 93 28
102 94 53
102 95 77
102 96 23
102 100 79
102 101 64
102 103 40
102 104 37
102 105 63
102 107 65
102 108 23
102 t 64
103 1 27
103 2 30
103 4 61
103 5 19
103 6 29
103 7 67
103 11 82
103 12 33
103 13 43
103 14 64
103 15 78
103 17 73
103 18 69
103 19 58
103 21 29
103 22 79
103 23 75
103 24 42
103 27 48
103 28 87
103 29 29
103 30 63
103 32 55
103 33 41
103 36 30
103 37 31
103 39 81
103 40 53
103 42 65
103 44 86
103 45 74
103 46 71
103 47 70
103 48 23
103 49 63
103 51 60
103 52 45
103 53 21
103 54 90
103 57 31
103 59 52
103 60 49
103 61 87
103 62 20
103 63 62
103 66 69
103 67 67
103 68 39
103 69 47
103 70 87
103 73 78
103 75 30
103 76 89
103 77 80
103 78 87
103 80 52
103 82 86
103 83 92
103 84 90
103 85 29
103 86 92
103 87 75
103 88 73
103 89 64
103 90 84
103 92 39
103 94 68
103 95 46
103 96 52
103 97 81
103 98 83
103 99 63
103 100 65
103 102 40
103 104 70
103 106 52
103 107 66
103 108 44
104 2 71
104 3 32
104 5 59
104 6 48
104 7 58
104 8 67
104 9 41
104 11 58
104 12 90
104 13 29
104 14 43
104 15 26
104 16 76
104 17 55
104 18 73
104 19 28
104 20 22
104 21 91
104 22 56
104 23 72
104 25 63
104 26 63
104 27 71
104 30 24
104 31 50
104 32 43
104 33 89
104 35 76
104 37 30
104 38 28
104 39 45
104 42 55
104 45 46
104 46 20
104 49 82
104 50 56
104 53 50
104 54 77
104 55 74
104 56 71
104 57 70
104 59 81
104 60 45
104 61 87
104 63 35
104 64 67
104 65 29
104 66 29
104 67 44
104 68 45
104 69 89
104 70 81
104 71 92
104 72 71
104 73 61
104 74 47
104 75 84
104 76 85
104 77 63
104 79 74
104 80 61
104 81 55
104 82 72
104 84 54
104 85 89
104 86 46
104 87 73
104 88 47
104 89 83
104 90 43
104 91 58
104 92 36
104 93 22
104 94 77
104 95 68
104 97 45
104 98 19
104 99 19
104 100 42
104 102 37
104 103 70
104 105 38
104 106 69
104 107 46
104 108 89
104 t 45
105 1 68
105 2 76
105 4 89
105 5 27
105 6 30
105 8 52
105 9 25
105 10 65
105 11 60
105 12 46
105 14 41
105 15 29
105 16 35
105 17 70
105 18 33
105 19 45
105 20 65
105 21 49
105 22 92
105 23 52
105 25 28
105 26 86
105 27 40
105 29 68
105 30 74
105 31 70
105 35 27
105 36 68
105 39 66
105 41 75
105 42 30
105 43 82
105 44 37
105 45 39
105 46 40
105 47 37
105 48 27
105 49 39
105 50 42
105 51 86
105 52 75
105 53 65
105 54 35
105 56 83
105 58 76
105 59 32
105 60 27
105 62 84
105 63 60
105 64 51
105 65 82
105 66 86
105 67 19
105 69 84
105 71 84
105 74 25
105 75 70
105 76 74
105 77 25
105 78 61
105 79 67
105 80 90
105 81 19
105 82 82
105 85 40
105 88 34
105 89 49
105 90 86
105 91 43
105 92 75
105 93 52
105 94 20
105 95 25
105 96 81
105 98 68
105 99 70
105 100 42
105 101 30
105 102 63
105 104 38
105 106 42
105 107 84
105 108 84
105 t 63
106 1 82
106 2 44
106 3 85
106 4 64
106 5 73
106 6 47
106 7 50
106 8 51
106 9 52
106 10 73
106 11 69
106 13 55
106 14 60
106 15 82
106 16 62
106 17 74
106 18 36
106 19 74
106 20 43
106 21 32
106 22 41
106 23 33
106 25 52
106 26 65
106 27 68
106 28 62
106 29 51
106 30 30
106 32 21
106 33 21
106 34 57
106 35 58
106 36 63
106 37 58
106 38 68
106 39 29
106 40 81
106 41 48
106 42 61
106 43 60
106 44 45
106 45 33
106 46 76
106 48 32
106 49 89
106 50 40
106 51 33
106 52 78
106 53 89
106 57 90
106 58 87
106 59 81
106 62 30
106 63 40
106 64 26
106 65 56
106 66 25
106 68 75
106 69 65
106 70 92
106 71 86
106 73 22
106 74 44
106 76 40
106 79 76
106 81 27
106 82 39
106 83 50
106 84 90
106 85 53
106 86 61
106 90 44
106 92 84
106 93 89
106 94 26
106 95 90
106 97 65
106 99 53
106 100 44
106 101 46
106 103 52
106 104 69
106 105 42
106 107 58
106 108 62
106 t 23
107 1 65
107 2 59
107 3 54
107 4 90
107 9 87
107 10 25
107 11 81
107 12 85
107 13 19
107 16 21
107 17 28
107 19 70
107 20 47
107 22 73
107 23 86
107 24 46
107 25 65
107 26 71
107 27 40
107 30 46
107 31 82
107 32 73
107 33 45
107 34 80
107 35 66
107 36 34
107 37 40
107 38 72
107 41 61
107 42 77
107 43 57
107 46 72
107 47 38
107 48 49
107 49 84
107 50 53
107 51 82
107 52 53
107 53 33
107 55 69
107 56 90
107 57 43
107 58 20
107 59 32
107 61 35
107 63 64
107 64 81
107 65 37
107 68 49
107 69 61
107 71 28
107 72 59
107 73 74
107 75 55
107 76 45
107 78 83
107 81 45
107 83 86
107 84 38
107 85 69
107 86 55
107 87 88
107 88 90
107 90 90
107 93 86
107 94 51
107 95 87
107 98 75
107 99 79
107 100 63
107 101 26
107 102 65
107 103 66
107 104 46
107 105 84
107 106 58
107 108 69
107 t 24
108 1 76
108 2 90
108 3 48
108 4 31
108 5 50
108 6 60
108 7 43
108 8 38
108 10 82
108 11 25
108 12 73
108 14 85
108 15 48
108 16 41
108 18 44
108 19 25
108 20 86
108 22 19
108 23 36
108 26 42
108 27 27
108 28 55
108 29 85
108 30 25
108 32 89
108 33 40
108 34 90
108 36 53
108 37 49
108 38 22
108 39 41
108 40 48
108 41 48
108 42 60
108 43 29
108 44 55
108 45 85
108 46 24
108 47 67
108 48 84
108 49 54
108 50 29
108 51 80
108 52 61
108 56 49
108 59 36
108 60 62
108 64 71
108 65 72
108 66 66
108 69 22
108 70 42
108 72 50
108 74 33
108 75 59
108 77 30
108 78 44
108 80 39
108 82 44
108 83 76
108 84 55
108 85 48
108 86 43
108 87 55
108 88 19
108 89 39
108 90 76
108 91 65
108 92 49
108 94 83
108 95 26
108 96 48
108 97 23
108 98 50
108 99 67
108 100 80
108 101 65
108 102 23
108 103 44
108 104 89
108 105 84
108 106 62
108 107 69
108 t 84
