s 5 121
s 6 20
s 8 96
s 10 63
s 11 99
s 12 123
s 13 143
s 14 10
s 16 44
s 22 40
s 24 68
s 25 57
s 29 40
s 30 133
s 37 23
s 40 115
s 44 17
s 47 140
s 48 100
s 50 121
s 52 130
s 53 143
s 55 9
s 56 17
s 59 141
s 60 81
s 61 122
s 62 41
s 65 4
s 66 64
s 73 106
s 76 119
s 78 74
s 80 15
s 83 131
s 86 40
s 90 119
1 5 87
1 7 121
1 8 24
1 9 144
1 13 78
1 23 8
1 24 27
1 27 80
1 28 19
1 34 87
1 35 104
1 42 21
1 46 24
1 47 10
1 49 125
1 52 62
1 54 122
1 59 129
1 62 134
1 72 43
1 74 80
1 78 80
1 79 57
1 80 52
1 81 88
1 84 37
1 86 79
1 87 77
1 89 144
1 t 83
2 9 48
2 10 7
2 12 18
2 16 35
2 18 42
2 22 13
2 24 26
2 28 54
2 29 117
2 35 30
2 36 86
2 37 107
2 49 45
2 52 80
2 56 45
2 58 122
2 60 78
2 61 113
2 64 64
2 65 134
2 70 96
2 72 71
2 81 59
2 82 138
2 84 116
2 86 36
2 90 86
2 91 76
3 5 78
3 6 10
3 7 65
3 8 132
3 10 69
3 13 74
3 14 25
3 15 43
3 17 107
3 22 41
3 23 85
3 24 7
3 25 53
3 26 33
3 27 23
3 28 95
3 33 143
3 34 18
3 40 31
3 41 21
3 42 109
3 45 135
3 46 31
3 47 24
3 49 49
3 50 70
3 51 53
3 52 48
3 53 144
3 57 99
3 59 65
3 60 139
3 61 109
3 63 34
3 72 116
3 76 76
3 78 127
3 80 40
3 81 124
3 84 48
3 89 37
4 5 76
4 7 4
4 16 74
4 19 28
4 22 87
4 23 73
4 25 118
4 27 68
4 28 55
4 29 114
4 30 135
4 31 53
4 32 129
4 33 34
4 35 91
4 36 18
4 40 50
4 41 44
4 43 106
4 44 75
4 45 21
4 47 125
4 49 135
4 50 50
4 52 77
4 54 39
4 55 45
4 56 52
4 58 80
4 59 25
4 65 94
4 66 59
4 68 92
4 72 101
4 75 35
4 78 10
4 84 27
4 88 41
4 90 29
4 t 56
5 1 87
5 3 78
5 4 76
5 9 52
5 10 108
5 11 35
5 15 29
5 16 28
5 17 39
5 19 83
5 20 71
5 21 119
5 25 10
5 27 134
5 29 43
5 35 116
5 37 41
5 40 81
5 42 70
5 43 90
5 46 70
5 49 98
5 50 19
5 53 47
5 54 58
5 55 123
5 57 53
5 60 38
5 62 100
5 63 30
5 69 23
5 74 108
5 75 48
5 81 20
5 82 47
5 83 50
5 87 63
5 88 82
5 89 141
6 3 10
6 7 65
6 10 87
6 13 127
6 14 56
6 18 79
6 19 87
6 27 98
6 28 6
6 31 61
6 32 138
6 33 9
6 37 116
6 39 110
6 43 89
6 53 139
6 56 48
6 64 24
6 67 65
6 79 18
6 80 129
6 81 34
6 82 52
6 84 145
6 88 127
6 89 102
6 t 77
7 1 121
7 3 65
7 4 4
7 6 65
7 9 116
7 15 86
7 16 11
7 18 30
7 20 129
7 21 6
7 22 132
7 24 61
7 25 96
7 27 16
7 37 32
7 38 14
7 39 117
7 41 40
7 44 5
7 46 63
7 47 35
7 51 120
7 52 63
7 57 70
7 59 123
7 60 53
7 70 126
7 71 17
7 73 143
7 74 118
7 76 28
7 77 67
7 79 35
7 80 131
7 85 42
7 88 103
7 t 117
8 1 24
8 3 132
8 9 111
8 11 78
8 15 64
8 17 106
8 18 144
8 22 17
8 23 136
8 24 108
8 38 13
8 39 46
8 42 67
8 44 130
8 45 85
8 46 6
8 47 68
8 59 14
8 62 26
8 63 28
8 64 94
8 65 90
8 67 22
8 70 4
8 71 113
8 72 39
8 73 92
8 74 37
8 76 85
8 77 125
8 80 57
8 81 79
8 84 11
8 85 43
8 86 41
8 89 36
8 90 85
8 t 129
9 1 144
9 2 48
9 5 52
9 7 116
9 8 111
9 13 142
9 16 41
9 19 101
9 21 101
9 22 46
9 23 9
9 27 124
9 28 120
9 30 29
9 31 11
9 36 97
9 42 50
9 45 73
9 46 55
9 47 4
9 50 139
9 54 135
9 56 117
9 59 86
9 63 46
9 70 8
9 73 95
9 76 42
9 77 44
9 80 94
9 83 83
9 85 50
9 87 54
9 89 54
10 2 7
10 3 69
10 5 108
10 6 87
10 12 86
10 13 99
10 19 138
10 20 26
10 21 75
10 22 99
10 23 118
10 25 62
10 33 12
10 35 80
10 37 39
10 38 68
10 45 86
10 46 6
10 47 145
10 51 5
10 53 70
10 54 84
10 57 8
10 60 143
10 61 44
10 62 17
10 63 96
10 65 25
10 67 126
10 70 39
10 71 81
10 72 24
10 74 62
10 75 5
10 76 6
10 77 54
10 80 50
10 83 138
10 86 20
10 89 117
10 t 114
11 5 35
11 8 78
11 14 41
11 17 134
11 18 48
11 21 122
11 22 52
11 23 23
11 24 144
11 29 104
11 31 106
11 38 85
11 41 134
11 42 69
11 43 37
11 44 73
11 45 88
11 46 124
11 48 99
11 50 22
11 51 12
11 54 117
11 60 126
11 61 101
11 65 43
11 67 52
11 70 11
11 72 141
11 74 59
11 75 57
11 76 83
11 77 144
11 83 96
11 84 116
11 88 46
11 89 76
12 2 18
12 10 86
12 13 128
12 16 57
12 22 12
12 23 59
12 24 35
12 27 104
12 30 110
12 32 83
12 35 67
12 38 63
12 39 30
12 40 24
12 41 45
12 42 23
12 43 128
12 49 122
12 54 26
12 55 133
12 58 90
12 63 91
12 64 8
12 65 41
12 68 15
12 72 41
12 76 76
12 78 145
12 79 144
12 80 37
12 81 110
12 82 55
12 86 97
12 90 95
12 t 17
13 1 78
13 3 74
13 6 127
13 9 142
13 10 99
13 12 128
13 15 68
13 18 68
13 21 52
13 26 34
13 30 104
13 34 144
13 35 132
13 39 59
13 43 69
13 46 91
13 48 26
13 50 144
13 52 59
13 55 53
13 61 58
13 62 38
13 70 8
13 72 69
13 73 5
13 74 141
13 77 145
13 78 45
13 80 132
13 89 59
13 t 38
14 3 25
14 6 56
14 11 41
14 15 82
14 16 139
14 17 77
14 21 71
14 22 29
14 23 46
14 28 93
14 33 49
14 35 126
14 37 19
14 41 84
14 42 91
14 44 53
14 49 39
14 51 127
14 55 44
14 56 41
14 58 141
14 60 57
14 61 111
14 67 82
14 70 111
14 72 15
14 73 90
14 78 29
14 79 77
14 80 143
14 82 144
14 86 71
14 87 70
14 91 8
15 3 43
15 5 29
15 7 86
15 8 64
15 13 68
15 14 82
15 19 78
15 20 31
15 23 144
15 25 11
15 26 4
15 27 89
15 29 11
15 30 145
15 32 85
15 36 131
15 38 22
15 39 138
15 46 32
15 49 34
15 52 75
15 53 23
15 59 102
15 60 115
15 62 47
15 63 99
15 66 132
15 68 38
15 76 120
15 77 116
15 78 44
15 79 64
15 82 96
15 84 120
15 85 58
15 86 27
15 87 98
15 88 51
15 89 79
15 t 97
16 2 35
16 4 74
16 5 28
16 7 11
16 9 41
16 12 57
16 14 139
16 17 56
16 19 102
16 27 23
16 30 69
16 31 42
16 35 59
16 36 145
16 43 125
16 45 138
16 46 69
16 52 19
16 53 71
16 55 26
16 56 138
16 57 43
16 59 62
16 60 69
16 63 70
16 69 89
16 74 10
16 75 15
16 76 108
16 81 31
16 83 45
16 84 31
16 85 133
16 86 11
16 87 107
16 88 17
16 91 79
17 3 107
17 5 39
17 8 106
17 11 134
17 14 77
17 16 56
17 18 144
17 19 26
17 20 16
17 21 53
17 22 11
17 23 143
17 24 114
17 32 64
17 34 91
17 38 136
17 41 81
17 43 68
17 44 29
17 47 77
17 48 39
17 50 109
17 51 96
17 53 63
17 54 34
17 58 141
17 62 40
17 68 12
17 69 4
17 70 57
17 74 86
17 75 42
17 77 41
17 80 5
17 81 105
17 85 18
17 87 47
17 88 41
17 89 109
17 90 36
17 t 43
18 2 42
18 6 79
18 7 30
18 8 144
18 11 48
18 13 68
18 17 144
18 21 122
18 23 5
18 25 50
18 26 34
18 28 23
18 30 23
18 31 108
18 32 79
18 33 28
18 38 99
18 42 97
18 47 22
18 48 90
18 49 137
18 50 30
18 53 32
18 56 130
18 63 24
18 64 58
18 66 145
18 68 74
18 69 87
18 70 91
18 72 46
18 74 140
18 78 87
18 80 119
18 81 8
18 85 11
18 88 105
18 89 79
18 90 47
19 4 28
19 5 83
19 6 87
19 9 101
19 10 138
19 15 78
19 16 102
19 17 26
19 24 101
19 28 140
19 29 90
19 31 46
19 33 49
19 34 20
19 36 22
19 37 14
19 40 142
19 47 46
19 48 96
19 49 131
19 51 33
19 56 85
19 59 73
19 60 70
19 66 49
19 67 133
19 69 81
19 72 110
19 77 101
19 79 142
19 80 40
19 81 15
19 82 116
19 88 65
19 89 5
19 91 145
19 t 71
20 5 71
20 7 129
20 10 26
20 15 31
20 17 16
20 21 50
20 22 22
20 24 124
20 25 104
20 26 109
20 30 30
20 31 49
20 32 62
20 33 46
20 34 101
20 38 137
20 39 82
20 40 98
20 42 7
20 44 36
20 47 138
20 48 25
20 51 4
20 53 135
20 57 85
20 58 7
20 59 13
20 61 60
20 63 65
20 68 59
20 70 75
20 71 15
20 73 84
20 75 30
20 76 58
20 79 7
20 82 136
20 84 5
20 87 44
20 90 129
20 91 115
20 t 118
21 5 119
21 7 6
21 9 101
21 10 75
21 11 122
21 13 52
21 14 71
21 17 53
21 18 122
21 20 50
21 22 79
21 27 46
21 28 69
21 30 66
21 31 66
21 36 139
21 40 117
21 42 85
21 43 106
21 46 92
21 47 121
21 53 19
21 54 6
21 55 19
21 58 139
21 60 131
21 61 96
21 64 90
21 68 126
21 72 46
21 73 31
21 75 140
21 76 54
21 78 100
21 87 28
21 90 144
21 91 109
22 2 13
22 3 41
22 4 87
22 7 132
22 8 17
22 9 46
22 10 99
22 11 52
22 12 12
22 14 29
22 17 11
22 20 22
22 21 79
22 29 138
22 31 130
22 33 73
22 34 71
22 35 9
22 37 84
22 41 24
22 42 25
22 49 102
22 50 65
22 54 20
22 55 116
22 57 24
22 62 27
22 63 23
22 64 62
22 65 70
22 69 40
22 72 132
22 73 117
22 74 130
22 76 103
22 83 121
22 85 113
22 88 108
23 1 8
23 3 85
23 4 73
23 8 136
23 9 9
23 10 118
23 11 23
23 12 59
23 14 46
23 15 144
23 17 143
23 18 5
23 30 100
23 31 74
23 33 80
23 34 78
23 35 17
23 38 5
23 39 69
23 42 117
23 43 29
23 48 84
23 50 14
23 51 48
23 56 26
23 57 48
23 61 121
23 62 142
23 63 94
23 66 49
23 71 111
23 75 66
23 80 110
23 84 49
23 89 18
24 1 27
24 2 26
24 3 7
24 7 61
24 8 108
24 11 144
24 12 35
24 17 114
24 19 101
24 20 124
24 25 93
24 27 9
24 32 132
24 33 88
24 34 33
24 36 25
24 39 52
24 40 109
24 42 112
24 43 9
24 50 81
24 59 78
24 63 115
24 65 55
24 68 131
24 69 40
24 81 95
24 82 57
24 83 138
24 85 82
24 86 75
24 87 134
24 89 52
24 91 23
25 3 53
25 4 118
25 5 10
25 7 96
25 10 62
25 15 11
25 18 50
25 20 104
25 24 93
25 26 56
25 30 113
25 35 6
25 36 66
25 40 99
25 42 99
25 43 12
25 46 93
25 50 135
25 52 11
25 56 139
25 57 19
25 59 101
25 64 120
25 66 16
25 69 82
25 76 35
25 81 43
25 84 47
25 85 53
25 86 145
25 88 139
25 89 69
26 3 33
26 13 34
26 15 4
26 18 34
26 20 109
26 25 56
26 27 36
26 32 69
26 34 79
26 35 13
26 52 67
26 60 17
26 61 79
26 64 46
26 65 28
26 68 52
26 71 141
26 73 46
26 74 91
26 82 13
26 85 44
26 91 94
27 1 80
27 3 23
27 4 68
27 5 134
27 6 98
27 7 16
27 9 124
27 12 104
27 15 89
27 16 23
27 21 46
27 24 9
27 26 36
27 29 56
27 32 44
27 34 8
27 35 34
27 36 16
27 37 81
27 38 6
27 39 89
27 42 55
27 44 58
27 46 21
27 47 112
27 49 69
27 50 57
27 52 121
27 53 129
27 56 144
27 57 96
27 59 70
27 60 122
27 61 24
27 65 15
27 67 28
27 69 126
27 71 40
27 77 43
27 86 27
27 90 49
28 1 19
28 2 54
28 3 95
28 4 55
28 6 6
28 9 120
28 14 93
28 18 23
28 19 140
28 21 69
28 29 80
28 36 101
28 37 143
28 40 16
28 43 87
28 45 94
28 47 8
28 49 94
28 50 24
28 51 95
28 53 18
28 61 101
28 62 113
28 64 55
28 66 53
28 67 124
28 69 90
28 70 117
28 71 96
28 72 118
28 74 9
28 75 81
28 77 145
28 78 111
28 87 141
28 88 116
28 89 41
28 t 140
29 2 117
29 4 114
29 5 43
29 11 104
29 15 11
29 19 90
29 22 138
29 27 56
29 28 80
29 30 101
29 31 6
29 32 32
29 33 41
29 35 17
29 36 77
29 38 87
29 41 51
29 42 17
29 44 18
29 45 21
29 48 24
29 52 49
29 55 86
29 56 45
29 61 64
29 70 145
29 82 91
29 91 60
30 4 135
30 9 29
30 12 110
30 13 104
30 15 145
30 16 69
30 18 23
30 20 30
30 21 66
30 23 100
30 25 113
30 29 101
30 33 85
30 35 98
30 37 61
30 42 118
30 44 26
30 45 23
30 47 38
30 49 90
30 51 7
30 52 136
30 56 45
30 57 72
30 63 90
30 65 54
30 71 121
30 75 110
30 76 65
30 78 77
30 80 86
30 82 64
30 83 20
30 86 65
30 89 7
31 4 53
31 6 61
31 9 11
31 11 106
31 16 42
31 18 108
31 19 46
31 20 49
31 21 66
31 22 130
31 23 74
31 29 6
31 41 120
31 42 108
31 44 121
31 52 10
31 55 79
31 60 134
31 68 64
31 73 122
31 76 122
31 79 83
31 80 53
31 83 128
31 85 68
31 86 102
31 87 31
31 90 14
31 91 38
31 t 83
32 4 129
32 6 138
32 12 83
32 15 85
32 17 64
32 18 79
32 20 62
32 24 132
32 26 69
32 27 44
32 29 32
32 37 4
32 39 108
32 40 93
32 41 38
32 44 25
32 46 142
32 47 74
32 48 12
32 52 106
32 53 17
32 54 52
32 61 55
32 63 98
32 65 48
32 67 65
32 68 13
32 70 141
32 71 44
32 72 95
32 73 115
32 77 34
32 78 138
32 81 81
32 83 62
32 85 30
32 86 14
32 87 135
32 88 24
32 89 28
32 91 35
33 3 143
33 4 34
33 6 9
33 10 12
33 14 49
33 18 28
33 19 49
33 20 46
33 22 73
33 23 80
33 24 88
33 29 41
33 30 85
33 34 88
33 36 96
33 41 109
33 46 17
33 51 45
33 56 12
33 60 99
33 61 86
33 64 76
33 68 137
33 69 67
33 70 41
33 73 29
33 78 88
33 81 63
33 84 63
33 89 143
33 91 34
34 1 87
34 3 18
34 13 144
34 17 91
34 19 20
34 20 101
34 22 71
34 23 78
34 24 33
34 26 79
34 27 8
34 33 88
34 35 18
34 36 116
34 39 90
34 41 74
34 45 136
34 48 117
34 51 112
34 52 93
34 53 126
34 56 71
34 58 57
34 60 78
34 63 55
34 64 14
34 68 50
34 72 84
34 74 67
34 80 78
34 82 43
34 83 70
34 85 73
34 87 111
34 88 35
35 1 104
35 2 30
35 4 91
35 5 116
35 10 80
35 12 67
35 13 132
35 14 126
35 16 59
35 22 9
35 23 17
35 25 6
35 26 13
35 27 34
35 29 17
35 30 98
35 34 18
35 39 104
35 40 55
35 41 49
35 47 100
35 49 124
35 52 142
35 53 99
35 58 130
35 63 126
35 67 80
35 69 12
35 73 140
35 75 52
35 76 77
35 78 102
35 80 59
35 85 98
35 89 55
35 t 47
36 2 86
36 4 18
36 9 97
36 15 131
36 16 145
36 19 22
36 21 139
36 24 25
36 25 66
36 27 16
36 28 101
36 29 77
36 33 96
36 34 116
36 37 35
36 40 56
36 43 13
36 44 133
36 48 9
36 49 38
36 51 124
36 53 139
36 57 50
36 71 8
36 73 84
36 75 31
36 76 102
36 81 51
36 82 48
36 87 15
37 2 107
37 5 41
37 6 116
37 7 32
37 10 39
37 14 19
37 19 14
37 22 84
37 27 81
37 28 143
37 30 61
37 32 4
37 36 35
37 39 103
37 41 14
37 44 101
37 47 64
37 48 39
37 53 31
37 54 23
37 59 140
37 65 72
37 68 103
37 70 117
37 71 59
37 74 40
37 79 26
37 88 31
37 89 4
37 90 87
37 91 53
38 7 14
38 8 13
38 10 68
38 11 85
38 12 63
38 15 22
38 17 136
38 18 99
38 20 137
38 23 5
38 27 6
38 29 87
38 40 15
38 41 55
38 43 55
38 44 145
38 45 109
38 48 121
38 55 16
38 56 57
38 58 13
38 59 128
38 60 102
38 61 100
38 65 140
38 66 101
38 67 14
38 73 116
38 75 62
38 76 25
38 78 95
38 80 143
38 83 54
38 84 118
38 87 50
38 89 127
38 t 20
39 6 110
39 7 117
39 8 46
39 12 30
39 13 59
39 15 138
39 20 82
39 23 69
39 24 52
39 27 89
39 32 108
39 34 90
39 35 104
39 37 103
39 42 8
39 44 119
39 48 7
39 52 44
39 53 88
39 56 88
39 58 84
39 64 49
39 66 68
39 68 16
39 69 54
39 73 4
39 78 115
39 79 47
39 80 34
39 82 47
39 84 83
39 86 36
39 87 18
39 88 99
39 90 83
40 3 31
40 4 50
40 5 81
40 12 24
40 19 142
40 20 98
40 21 117
40 24 109
40 25 99
40 28 16
40 32 93
40 35 55
40 36 56
40 38 15
40 43 142
40 44 102
40 47 127
40 56 63
40 59 136
40 60 23
40 62 64
40 64 84
40 65 132
40 66 116
40 67 41
40 68 94
40 70 50
40 71 127
40 72 42
40 75 136
40 76 8
40 77 130
40 78 45
40 81 136
40 82 11
40 84 15
40 85 98
40 86 59
40 87 37
40 91 138
40 t 97
41 3 21
41 4 44
41 7 40
41 11 134
41 12 45
41 14 84
41 17 81
41 22 24
41 29 51
41 31 120
41 32 38
41 33 109
41 34 74
41 35 49
41 37 14
41 38 55
41 43 110
41 49 17
41 51 60
41 52 144
41 53 140
41 54 5
41 57 61
41 58 81
41 60 67
41 61 132
41 62 57
41 67 84
41 70 78
41 73 82
41 75 84
41 77 18
41 78 6
41 80 63
41 82 142
41 83 50
41 86 116
41 87 24
41 88 124
41 89 21
41 91 39
42 1 21
42 3 109
42 5 70
42 8 67
42 9 50
42 11 69
42 12 23
42 14 91
42 18 97
42 20 7
42 21 85
42 22 25
42 23 117
42 24 112
42 25 99
42 27 55
42 29 17
42 30 118
42 31 108
42 39 8
42 45 124
42 46 27
42 54 88
42 59 82
42 60 37
42 61 136
42 63 64
42 64 97
42 68 21
42 69 50
42 71 96
42 74 70
42 76 65
42 77 33
42 78 106
42 83 126
42 85 94
42 87 25
42 88 38
42 90 18
42 t 5
43 4 106
43 5 90
43 6 89
43 11 37
43 12 128
43 13 69
43 16 125
43 17 68
43 21 106
43 23 29
43 24 9
43 25 12
43 28 87
43 36 13
43 38 55
43 40 142
43 41 110
43 47 75
43 50 135
43 56 102
43 57 110
43 58 105
43 62 18
43 63 58
43 64 32
43 69 32
43 70 44
43 73 35
43 74 36
43 75 61
43 77 92
43 83 115
43 89 88
43 91 131
44 4 75
44 7 5
44 8 130
44 11 73
44 14 53
44 17 29
44 20 36
44 27 58
44 29 18
44 30 26
44 31 121
44 32 25
44 36 133
44 37 101
44 38 145
44 39 119
44 40 102
44 45 58
44 46 120
44 50 55
44 53 25
44 56 69
44 58 81
44 61 58
44 65 118
44 66 49
44 67 42
44 68 87
44 71 112
44 72 41
44 74 120
44 76 74
44 78 75
44 79 87
44 83 119
44 84 34
44 85 72
44 86 75
44 87 79
44 90 106
44 91 30
44 t 45
45 3 135
45 4 21
45 8 85
45 9 73
45 10 86
45 11 88
45 16 138
45 28 94
45 29 21
45 30 23
45 34 136
45 38 109
45 42 124
45 44 58
45 47 51
45 48 89
45 51 17
45 54 10
45 60 52
45 62 59
45 64 81
45 65 129
45 68 63
45 71 35
45 75 82
45 76 27
45 77 62
45 78 13
45 80 9
45 81 59
45 84 20
45 85 58
45 86 100
45 88 134
45 90 71
45 t 107
46 1 24
46 3 31
46 5 70
46 7 63
46 8 6
46 9 55
46 10 6
46 11 124
46 13 91
46 15 32
46 16 69
46 21 92
46 25 93
46 27 21
46 32 142
46 33 17
46 42 27
46 44 120
46 50 27
46 52 34
46 54 22
46 57 36
46 66 50
46 71 128
46 74 87
46 75 64
46 77 107
46 86 127
46 90 63
46 91 5
46 t 72
47 1 10
47 3 24
47 4 125
47 7 35
47 8 68
47 9 4
47 10 145
47 17 77
47 18 22
47 19 46
47 20 138
47 21 121
47 27 112
47 28 8
47 30 38
47 32 74
47 35 100
47 37 64
47 40 127
47 43 75
47 45 51
47 48 39
47 50 137
47 51 112
47 54 138
47 59 77
47 64 80
47 65 130
47 66 93
47 67 87
47 72 32
47 77 79
47 78 36
47 80 105
47 82 114
47 83 44
47 87 125
47 89 86
47 90 140
47 t 7
48 11 99
48 13 26
48 17 39
48 18 90
48 19 96
48 20 25
48 23 84
48 29 24
48 32 12
48 34 117
48 36 9
48 37 39
48 38 121
48 39 7
48 45 89
48 47 39
48 49 97
48 50 17
48 51 54
48 52 64
48 58 49
48 59 70
48 65 49
48 66 135
48 67 91
48 69 7
48 71 28
48 72 73
48 74 54
48 75 142
48 76 55
48 77 144
48 78 49
48 81 23
48 84 135
48 89 12
48 91 43
49 1 125
49 2 45
49 3 49
49 4 135
49 5 98
49 12 122
49 14 39
49 15 34
49 18 137
49 19 131
49 22 102
49 27 69
49 28 94
49 30 90
49 35 124
49 36 38
49 41 17
49 48 97
49 50 111
49 53 10
49 60 46
49 65 76
49 66 121
49 67 110
49 68 12
49 69 127
49 71 127
49 73 4
49 76 27
49 83 128
49 85 12
49 86 144
50 3 70
50 4 50
50 5 19
50 9 139
50 11 22
50 13 144
50 17 109
50 18 30
50 22 65
50 23 14
50 24 81
50 25 135
50 27 57
50 28 24
50 43 135
50 44 55
50 46 27
50 47 137
50 48 17
50 49 111
50 51 88
50 61 6
50 65 122
50 66 52
50 67 104
50 68 97
50 69 7
50 70 58
50 77 9
50 78 130
50 79 23
50 80 65
50 82 98
50 83 53
50 85 106
50 86 4
50 87 82
50 89 98
51 3 53
51 7 120
51 10 5
51 11 12
51 14 127
51 17 96
51 19 33
51 20 4
51 23 48
51 28 95
51 30 7
51 33 45
51 34 112
51 36 124
51 41 60
51 45 17
51 47 112
51 48 54
51 50 88
51 53 83
51 58 103
51 59 7
51 60 13
51 61 95
51 65 93
51 69 93
51 72 32
51 76 92
51 78 51
51 79 106
51 82 17
51 83 95
51 86 136
51 88 14
51 89 60
51 90 10
52 1 62
52 2 80
52 3 48
52 4 77
52 7 63
52 13 59
52 15 75
52 16 19
52 25 11
52 26 67
52 27 121
52 29 49
52 30 136
52 31 10
52 32 106
52 34 93
52 35 142
52 39 44
52 41 144
52 46 34
52 48 64
52 56 22
52 59 48
52 63 65
52 64 101
52 66 7
52 69 136
52 70 65
52 75 136
52 76 61
52 78 20
52 79 116
52 81 46
52 82 139
52 84 101
52 t 61
53 3 144
53 5 47
53 6 139
53 10 70
53 15 23
53 16 71
53 17 63
53 18 32
53 20 135
53 21 19
53 27 129
53 28 18
53 32 17
53 34 126
53 35 99
53 36 139
53 37 31
53 39 88
53 41 140
53 44 25
53 49 10
53 51 83
53 54 23
53 55 75
53 58 115
53 59 115
53 61 134
53 66 54
53 68 61
53 77 82
53 80 116
53 83 33
53 84 117
54 1 122
54 4 39
54 5 58
54 9 135
54 10 84
54 11 117
54 12 26
54 17 34
54 21 6
54 22 20
54 32 52
54 37 23
54 41 5
54 42 88
54 45 10
54 46 22
54 47 138
54 53 23
54 55 57
54 56 111
54 61 25
54 63 111
54 69 134
54 70 63
54 73 59
54 74 120
54 75 15
54 77 99
54 80 88
54 83 107
54 91 34
55 4 45
55 5 123
55 12 133
55 13 53
55 14 44
55 16 26
55 21 19
55 22 116
55 29 86
55 31 79
55 38 16
55 53 75
55 54 57
55 64 101
55 65 16
55 68 64
55 70 84
55 71 90
55 74 101
55 82 63
55 88 62
55 89 134
55 91 143
56 2 45
56 4 52
56 6 48
56 9 117
56 14 41
56 16 138
56 18 130
56 19 85
56 23 26
56 25 139
56 27 144
56 29 45
56 30 45
56 33 12
56 34 71
56 38 57
56 39 88
56 40 63
56 43 102
56 44 69
56 52 22
56 54 111
56 58 75
56 61 118
56 64 8
56 71 39
56 80 27
56 81 28
56 82 14
56 83 12
56 85 127
56 87 60
56 91 92
57 3 99
57 5 53
57 7 70
57 10 8
57 16 43
57 20 85
57 22 24
57 23 48
57 25 19
57 27 96
57 30 72
57 36 50
57 41 61
57 43 110
57 46 36
57 58 20
57 60 53
57 61 41
57 62 114
57 65 65
57 68 79
57 69 22
57 72 62
57 74 81
57 75 46
57 76 92
57 79 77
57 81 41
57 83 13
57 84 58
57 87 42
57 88 103
57 t 126
58 2 122
58 4 80
58 12 90
58 14 141
58 17 141
58 20 7
58 21 139
58 34 57
58 35 130
58 38 13
58 39 84
58 41 81
58 43 105
58 44 81
58 48 49
58 51 103
58 53 115
58 56 75
58 57 20
58 62 79
58 65 33
58 66 9
58 67 95
58 68 16
58 69 136
58 70 12
58 72 101
58 74 52
58 75 96
58 78 143
58 80 142
58 82 75
58 84 65
58 87 88
58 91 31
58 t 56
59 1 129
59 3 65
59 4 25
59 7 123
59 8 14
59 9 86
59 15 102
59 16 62
59 19 73
59 20 13
59 24 78
59 25 101
59 27 70
59 37 140
59 38 128
59 40 136
59 42 82
59 47 77
59 48 70
59 51 7
59 52 48
59 53 115
59 60 46
59 61 102
59 63 19
59 64 11
59 66 105
59 68 23
59 73 4
59 75 142
59 76 103
59 78 20
59 79 46
59 81 108
59 82 41
59 83 123
59 85 129
59 86 48
59 89 123
59 t 38
60 2 78
60 3 139
60 5 38
60 7 53
60 10 143
60 11 126
60 14 57
60 15 115
60 16 69
60 19 70
60 21 131
60 26 17
60 27 122
60 31 134
60 33 99
60 34 78
60 38 102
60 40 23
60 41 67
60 42 37
60 45 52
60 49 46
60 51 13
60 57 53
60 59 46
60 62 67
60 66 24
60 67 22
60 69 32
60 71 102
60 78 17
60 80 116
60 83 80
60 84 131
60 87 100
60 88 75
60 90 109
61 2 113
61 3 109
61 10 44
61 11 101
61 13 58
61 14 111
61 20 60
61 21 96
61 23 121
61 26 79
61 27 24
61 28 101
61 29 64
61 32 55
61 33 86
61 38 100
61 41 132
61 42 136
61 44 58
61 50 6
61 51 95
61 53 134
61 54 25
61 56 118
61 57 41
61 59 102
61 66 101
61 70 110
61 71 12
61 75 81
61 82 123
61 86 103
61 87 117
61 90 107
61 t 56
62 1 134
62 5 100
62 8 26
62 10 17
62 13 38
62 15 47
62 17 40
62 22 27
62 23 142
62 28 113
62 40 64
62 41 57
62 43 18
62 45 59
62 57 114
62 58 79
62 60 67
62 63 46
62 64 111
62 67 97
62 68 69
62 71 106
62 73 57
62 76 35
62 79 81
62 80 43
62 82 22
62 84 44
62 86 64
62 87 16
62 88 101
62 89 35
62 90 8
62 91 15
63 3 34
63 5 30
63 8 28
63 9 46
63 10 96
63 12 91
63 15 99
63 16 70
63 18 24
63 20 65
63 22 23
63 23 94
63 24 115
63 30 90
63 32 98
63 34 55
63 35 126
63 42 64
63 43 58
63 52 65
63 54 111
63 59 19
63 62 46
63 65 79
63 66 14
63 69 114
63 70 141
63 73 103
63 74 51
63 77 99
63 78 17
63 79 4
63 85 101
63 88 103
63 89 100
63 90 62
64 2 64
64 6 24
64 8 94
64 12 8
64 18 58
64 21 90
64 22 62
64 25 120
64 26 46
64 28 55
64 33 76
64 34 14
64 39 49
64 40 84
64 42 97
64 43 32
64 45 81
64 47 80
64 52 101
64 55 101
64 56 8
64 59 11
64 62 111
64 65 57
64 66 57
64 69 57
64 70 10
64 77 22
64 82 116
64 84 54
64 85 28
64 86 59
64 89 89
64 90 133
64 91 54
64 t 19
65 2 134
65 4 94
65 8 90
65 10 25
65 11 43
65 12 41
65 22 70
65 24 55
65 26 28
65 27 15
65 30 54
65 32 48
65 37 72
65 38 140
65 40 132
65 44 118
65 45 129
65 47 130
65 48 49
65 49 76
65 50 122
65 51 93
65 55 16
65 57 65
65 58 33
65 63 79
65 64 57
65 73 101
65 74 28
65 77 95
65 81 40
65 88 19
65 90 65
65 91 39
65 t 39
66 4 59
66 15 132
66 18 145
66 19 49
66 23 49
66 25 16
66 28 53
66 38 101
66 39 68
66 40 116
66 44 49
66 46 50
66 47 93
66 48 135
66 49 121
66 50 52
66 52 7
66 53 54
66 58 9
66 59 105
66 60 24
66 61 101
66 63 14
66 64 57
66 67 86
66 68 35
66 75 35
66 77 57
66 80 6
66 81 96
66 83 26
66 84 75
66 85 21
66 89 44
66 90 74
67 6 65
67 8 22
67 10 126
67 11 52
67 14 82
67 19 133
67 27 28
67 28 124
67 32 65
67 35 80
67 38 14
67 40 41
67 41 84
67 44 42
67 47 87
67 48 91
67 49 110
67 50 104
67 58 95
67 60 22
67 62 97
67 66 86
67 68 65
67 70 15
67 74 20
67 76 138
67 77 58
67 80 34
67 81 99
67 83 10
67 87 19
67 90 21
67 t 101
68 4 92
68 12 15
68 15 38
68 17 12
68 18 74
68 20 59
68 21 126
68 24 131
68 26 52
68 31 64
68 32 13
68 33 137
68 34 50
68 37 103
68 39 16
68 40 94
68 42 21
68 44 87
68 45 63
68 49 12
68 50 97
68 53 61
68 55 64
68 57 79
68 58 16
68 59 23
68 62 69
68 66 35
68 67 65
68 76 17
68 78 131
68 79 16
68 82 25
68 84 124
68 86 114
68 88 90
68 89 87
68 91 111
69 5 23
69 16 89
69 17 4
69 18 87
69 19 81
69 22 40
69 24 40
69 25 82
69 27 126
69 28 90
69 33 67
69 35 12
69 39 54
69 42 50
69 43 32
69 48 7
69 49 127
69 50 7
69 51 93
69 52 136
69 54 134
69 57 22
69 58 136
69 60 32
69 63 114
69 64 57
69 71 83
69 75 145
69 78 54
69 79 44
69 81 137
69 85 69
69 86 25
69 89 126
69 91 4
69 t 5
70 2 96
70 7 126
70 8 4
70 9 8
70 10 39
70 11 11
70 13 8
70 14 111
70 17 57
70 18 91
70 20 75
70 28 117
70 29 145
70 32 141
70 33 41
70 37 117
70 40 50
70 41 78
70 43 44
70 50 58
70 52 65
70 54 63
70 55 84
70 58 12
70 61 110
70 63 141
70 64 10
70 67 15
70 71 18
70 72 100
70 74 87
70 76 131
70 80 9
70 82 24
70 90 38
70 91 17
71 7 17
71 8 113
71 10 81
71 20 15
71 23 111
71 26 141
71 27 40
71 28 96
71 30 121
71 32 44
71 36 8
71 37 59
71 40 127
71 42 96
71 44 112
71 45 35
71 46 128
71 48 28
71 49 127
71 55 90
71 56 39
71 60 102
71 61 12
71 62 106
71 69 83
71 70 18
71 72 136
71 73 25
71 76 19
71 80 37
71 81 31
71 85 105
71 88 118
71 89 41
71 90 38
71 91 56
72 1 43
72 2 71
72 3 116
72 4 101
72 8 39
72 10 24
72 11 141
72 12 41
72 13 69
72 14 15
72 18 46
72 19 110
72 21 46
72 22 132
72 28 118
72 32 95
72 34 84
72 40 42
72 44 41
72 47 32
72 48 73
72 51 32
72 57 62
72 58 101
72 70 100
72 71 136
72 75 68
72 76 20
72 77 66
72 80 60
72 81 102
72 90 51
72 91 17
72 t 71
73 7 143
73 8 92
73 9 95
73 13 5
73 14 90
73 20 84
73 21 31
73 22 117
73 26 46
73 31 122
73 32 115
73 33 29
73 35 140
73 36 84
73 38 116
73 39 4
73 41 82
73 43 35
73 49 4
73 54 59
73 59 4
73 62 57
73 63 103
73 65 101
73 71 25
73 82 117
73 85 60
73 86 25
73 89 77
73 91 43
74 1 80
74 5 108
74 7 118
74 8 37
74 10 62
74 11 59
74 13 141
74 16 10
74 17 86
74 18 140
74 22 130
74 26 91
74 28 9
74 34 67
74 37 40
74 42 70
74 43 36
74 44 120
74 46 87
74 48 54
74 54 120
74 55 101
74 57 81
74 58 52
74 63 51
74 65 28
74 67 20
74 70 87
74 75 22
74 82 25
74 83 86
74 85 113
74 86 89
74 88 29
74 91 56
74 t 55
75 4 35
75 5 48
75 10 5
75 11 57
75 16 15
75 17 42
75 20 30
75 21 140
75 23 66
75 28 81
75 30 110
75 35 52
75 36 31
75 38 62
75 40 136
75 41 84
75 43 61
75 45 82
75 46 64
75 48 142
75 52 136
75 54 15
75 57 46
75 58 96
75 59 142
75 61 81
75 66 35
75 69 145
75 72 68
75 74 22
75 76 104
75 82 24
75 83 31
75 84 124
75 85 19
75 86 119
75 87 103
75 89 12
76 3 76
76 7 28
76 8 85
76 9 42
76 10 6
76 11 83
76 12 76
76 15 120
76 16 108
76 20 58
76 21 54
76 22 103
76 25 35
76 30 65
76 31 122
76 35 77
76 36 102
76 38 25
76 40 8
76 42 65
76 44 74
76 45 27
76 48 55
76 49 27
76 51 92
76 52 61
76 57 92
76 59 103
76 62 35
76 67 138
76 68 17
76 70 131
76 71 19
76 72 20
76 75 104
76 77 118
76 82 17
76 83 107
76 85 90
76 89 16
76 t 52
77 7 67
77 8 125
77 9 44
77 10 54
77 11 144
77 13 145
77 15 116
77 17 41
77 19 101
77 27 43
77 28 145
77 32 34
77 40 130
77 41 18
77 42 33
77 43 92
77 45 62
77 46 107
77 47 79
77 48 144
77 50 9
77 53 82
77 54 99
77 63 99
77 64 22
77 65 95
77 66 57
77 67 58
77 72 66
77 76 118
77 78 17
77 82 26
77 87 104
77 88 10
77 89 52
77 91 112
77 t 50
78 1 80
78 3 127
78 4 10
78 12 145
78 13 45
78 14 29
78 15 44
78 18 87
78 21 100
78 28 111
78 30 77
78 32 138
78 33 88
78 35 102
78 38 95
78 39 115
78 40 45
78 41 6
78 42 106
78 44 75
78 45 13
78 47 36
78 48 49
78 50 130
78 51 51
78 52 20
78 58 143
78 59 20
78 60 17
78 63 17
78 68 131
78 69 54
78 77 17
78 80 11
78 82 120
78 85 117
78 89 15
78 90 112
78 91 144
79 1 57
79 6 18
79 7 35
79 12 144
79 14 77
79 15 64
79 19 142
79 20 7
79 31 83
79 37 26
79 39 47
79 44 87
79 50 23
79 51 106
79 52 116
79 57 77
79 59 46
79 62 81
79 63 4
79 68 16
79 69 44
79 80 23
79 81 80
79 83 28
79 84 91
79 87 88
79 t 90
80 1 52
80 3 40
80 6 129
80 7 131
80 8 57
80 9 94
80 10 50
80 12 37
80 13 132
80 14 143
80 17 5
80 18 119
80 19 40
80 23 110
80 30 86
80 31 53
80 34 78
80 35 59
80 38 143
80 39 34
80 41 63
80 45 9
80 47 105
80 50 65
80 53 116
80 54 88
80 56 27
80 58 142
80 60 116
80 62 43
80 66 6
80 67 34
80 70 9
80 71 37
80 72 60
80 78 11
80 79 23
80 84 140
80 85 125
80 87 53
80 88 5
80 91 5
80 t 48
81 1 88
81 2 59
81 3 124
81 5 20
81 6 34
81 8 79
81 12 110
81 16 31
81 17 105
81 18 8
81 19 15
81 24 95
81 25 43
81 32 81
81 33 63
81 36 51
81 40 136
81 45 59
81 48 23
81 52 46
81 56 28
81 57 41
81 59 108
81 65 40
81 66 96
81 67 99
81 69 137
81 71 31
81 72 102
81 79 80
81 83 126
81 84 25
82 2 138
82 5 47
82 6 52
82 12 55
82 14 144
82 15 96
82 19 116
82 20 136
82 24 57
82 26 13
82 29 91
82 30 64
82 34 43
82 36 48
82 39 47
82 40 11
82 41 142
82 47 114
82 50 98
82 51 17
82 52 139
82 55 63
82 56 14
82 58 75
82 59 41
82 61 123
82 62 22
82 64 116
82 68 25
82 70 24
82 73 117
82 74 25
82 75 24
82 76 17
82 77 26
82 78 120
82 83 31
82 84 60
82 91 13
83 5 50
83 9 83
83 10 138
83 11 96
83 16 45
83 22 121
83 24 138
83 30 20
83 31 128
83 32 62
83 34 70
83 38 54
83 41 50
83 42 126
83 43 115
83 44 119
83 47 44
83 49 128
83 50 53
83 51 95
83 53 33
83 54 107
83 56 12
83 57 13
83 59 123
83 60 80
83 66 26
83 67 10
83 74 86
83 75 31
83 76 107
83 79 28
83 81 126
83 82 31
83 87 130
83 91 103
83 t 131
84 1 37
84 2 116
84 3 48
84 4 27
84 6 145
84 8 11
84 11 116
84 15 120
84 16 31
84 20 5
84 23 49
84 25 47
84 33 63
84 38 118
84 39 83
84 40 15
84 44 34
84 45 20
84 48 135
84 52 101
84 53 117
84 57 58
84 58 65
84 60 131
84 62 44
84 64 54
84 66 75
84 68 124
84 75 124
84 79 91
84 80 140
84 81 25
84 82 60
84 87 99
85 7 42
85 8 43
85 9 50
85 15 58
85 16 133
85 17 18
85 18 11
85 22 113
85 24 82
85 25 53
85 26 44
85 31 68
85 32 30
85 34 73
85 35 98
85 40 98
85 42 94
85 44 72
85 45 58
85 49 12
85 50 106
85 56 127
85 59 129
85 63 101
85 64 28
85 66 21
85 69 69
85 71 105
85 73 60
85 74 113
85 75 19
85 76 90
85 78 117
85 80 125
85 86 135
85 87 124
85 89 116
85 91 54
86 1 79
86 2 36
86 8 41
86 10 20
86 12 97
86 14 71
86 15 27
86 16 11
86 24 75
86 25 145
86 27 27
86 30 65
86 31 102
86 32 14
86 39 36
86 40 59
86 41 116
86 44 75
86 45 100
86 46 127
86 49 144
86 50 4
86 51 136
86 59 48
86 61 103
86 62 64
86 64 59
86 68 114
86 69 25
86 73 25
86 74 89
86 75 119
86 85 135
86 87 39
86 89 33
86 91 127
86 t 107
87 1 77
87 5 63
87 9 54
87 14 70
87 15 98
87 16 107
87 17 47
87 20 44
87 21 28
87 24 134
87 28 141
87 31 31
87 32 135
87 34 111
87 36 15
87 38 50
87 39 18
87 40 37
87 41 24
87 42 25
87 44 79
87 47 125
87 50 82
87 56 60
87 57 42
87 58 88
87 60 100
87 61 117
87 62 16
87 67 19
87 75 103
87 77 104
87 79 88
87 80 53
87 83 130
87 84 99
87 85 124
87 86 39
87 89 43
87 91 135
88 4 41
88 5 82
88 6 127
88 7 103
88 11 46
88 15 51
88 16 17
88 17 41
88 18 105
88 19 65
88 22 108
88 25 139
88 28 116
88 32 24
88 34 35
88 37 31
88 39 99
88 41 124
88 42 38
88 45 134
88 51 14
88 55 62
88 57 103
88 60 75
88 62 101
88 63 103
88 65 19
88 68 90
88 71 118
88 74 29
88 77 10
88 80 5
88 89 56
89 1 144
89 3 37
89 5 141
89 6 102
89 8 36
89 9 54
89 10 117
89 11 76
89 13 59
89 15 79
89 17 109
89 18 79
89 19 5
89 23 18
89 24 52
89 25 69
89 28 41
89 30 7
89 32 28
89 33 143
89 35 55
89 37 4
89 38 127
89 41 21
89 43 88
89 47 86
89 48 12
89 50 98
89 51 60
89 55 134
89 59 123
89 62 35
89 63 100
89 64 89
89 66 44
89 68 87
89 69 126
89 71 41
89 73 77
89 75 12
89 76 16
89 77 52
89 78 15
89 85 116
89 86 33
89 87 43
89 88 56
90 2 86
90 4 29
90 8 85
90 12 95
90 17 36
90 18 47
90 20 129
90 21 144
90 27 49
90 31 14
90 37 87
90 39 83
90 42 18
90 44 106
90 45 71
90 46 63
90 47 140
90 51 10
90 60 109
90 61 107
90 62 8
90 63 62
90 64 133
90 65 65
90 66 74
90 67 21
90 70 38
90 71 38
90 72 51
90 78 112
90 t 127
91 2 76
91 14 8
91 16 79
91 19 145
91 20 115
91 21 109
91 24 23
91 26 94
91 29 60
91 31 38
91 32 35
91 33 34
91 37 53
91 40 138
91 41 39
91 43 131
91 44 30
91 46 5
91 48 43
91 54 34
91 55 143
91 56 92
91 58 31
91 62 15
91 64 54
91 65 39
91 68 111
91 69 4
91 70 17
91 71 56
91 72 17
91 73 43
91 74 56
91 77 112
91 78 144
91 80 5
91 82 13
91 83 103
91 85 54
91 86 127
91 87 135
91 t 84
