s 1 43
s 4 20
s 5 53
s 6 36
s 7 44
s 8 26
s 18 51
s 21 47
s 23 42
s 25 26
s 27 39
s 29 46
s 30 22
s 34 41
s 38 35
s 43 45
s 45 32
s 48 49
s 49 41
s 50 19
s 51 33
s 52 52
s 54 58
s 55 26
s 56 49
s 57 57
s 58 28
s 59 18
s 60 45
s 67 25
s 68 36
s 69 47
s 70 34
s 71 53
s 72 24
s 74 16
s 75 23
s 76 58
s 78 47
s 79 34
s 81 36
s 84 35
s 85 21
s 86 47
s 89 22
s 92 37
s 93 17
s 94 18
s 95 24
s 96 41
s 97 27
s 99 56
s 102 41
s 103 26
s 108 51
s 109 29
s 110 36
s 111 54
s 112 24
s 114 38
s 116 52
s 117 35
s 121 27
s 124 30
1 2 58
1 3 19
1 4 19
1 5 34
1 6 24
1 8 45
1 9 47
1 12 41
1 14 51
1 15 35
1 18 21
1 21 30
1 22 21
1 23 42
1 24 36
1 26 26
1 29 39
1 31 46
1 32 55
1 37 36
1 39 25
1 43 53
1 45 28
1 47 22
1 48 27
1 52 53
1 53 55
1 54 36
1 55 47
1 58 39
1 63 54
1 64 32
1 65 36
1 66 39
1 68 50
1 69 33
1 71 21
1 72 34
1 73 49
1 76 34
1 77 31
1 78 50
1 79 24
1 80 21
1 81 32
1 82 53
1 83 28
1 89 54
1 91 52
1 94 18
1 96 36
1 98 28
1 100 45
1 101 49
1 105 34
1 108 31
1 110 42
1 111 58
1 112 17
1 113 45
1 114 57
1 116 46
1 118 48
1 120 18
1 121 46
2 1 58
2 3 58
2 4 34
2 5 17
2 8 47
2 10 56
2 11 50
2 13 49
2 14 53
2 15 39
2 16 51
2 17 26
2 20 34
2 21 47
2 22 51
2 25 53
2 27 50
2 28 21
2 32 44
2 33 24
2 34 57
2 35 36
2 37 47
2 38 55
2 40 27
2 45 45
2 46 52
2 47 34
2 49 43
2 51 39
2 53 58
2 56 49
2 58 35
2 59 38
2 60 46
2 61 39
2 63 49
2 64 42
2 65 56
2 67 33
2 68 31
2 73 20
2 74 34
2 76 51
2 77 58
2 78 45
2 79 52
2 80 51
2 81 34
2 82 26
2 85 30
2 87 50
2 89 31
2 91 38
2 92 30
2 95 43
2 96 45
2 97 39
2 98 39
2 99 47
2 102 30
2 106 49
2 109 55
2 110 16
2 117 23
2 119 27
2 122 30
2 123 32
2 124 48
2 t 43
3 1 19
3 2 58
3 5 51
3 8 53
3 9 57
3 12 58
3 15 46
3 16 17
3 17 43
3 19 43
3 20 34
3 21 36
3 22 33
3 23 24
3 25 52
3 26 40
3 28 29
3 29 34
3 33 16
3 42 31
3 45 45
3 49 56
3 52 49
3 55 44
3 57 31
3 58 36
3 59 16
3 63 44
3 67 47
3 69 23
3 71 32
3 72 46
3 73 45
3 76 42
3 77 44
3 80 48
3 81 31
3 84 42
3 88 42
3 92 17
3 93 30
3 94 53
3 97 29
3 98 46
3 99 50
3 100 47
3 106 57
3 110 17
3 111 25
3 113 31
3 116 54
3 118 57
3 119 17
3 120 19
3 122 43
3 123 19
3 124 45
4 1 19
4 2 34
4 6 30
4 7 42
4 8 32
4 10 17
4 11 38
4 17 54
4 18 57
4 20 33
4 24 34
4 25 21
4 26 56
4 27 49
4 30 25
4 32 45
4 33 42
4 34 26
4 35 20
4 38 37
4 42 51
4 43 42
4 46 16
4 47 20
4 51 47
4 53 21
4 54 33
4 55 58
4 57 58
4 58 28
4 61 56
4 64 40
4 66 40
4 68 30
4 69 21
4 70 22
4 71 52
4 72 49
4 73 18
4 76 18
4 79 27
4 80 43
4 84 35
4 85 49
4 86 41
4 87 37
4 89 55
4 92 18
4 96 28
4 101 28
4 102 33
4 103 45
4 106 57
4 107 24
4 109 24
4 111 37
4 113 39
4 114 20
4 115 46
4 116 28
4 120 20
4 121 49
5 1 34
5 2 17
5 3 51
5 6 45
5 7 57
5 8 49
5 10 28
5 14 26
5 15 16
5 16 34
5 19 57
5 22 48
5 23 56
5 25 23
5 26 38
5 27 24
5 28 40
5 30 28
5 31 32
5 32 58
5 36 48
5 37 27
5 40 45
5 42 40
5 47 31
5 50 17
5 51 25
5 52 54
5 55 31
5 56 51
5 57 23
5 61 29
5 63 47
5 64 27
5 65 23
5 66 19
5 67 48
5 68 29
5 70 49
5 74 49
5 76 29
5 77 26
5 78 38
5 80 28
5 82 26
5 84 42
5 85 49
5 86 31
5 87 36
5 90 25
5 91 27
5 92 49
5 93 35
5 94 33
5 98 19
5 100 54
5 101 55
5 102 54
5 104 43
5 107 29
5 108 36
5 112 41
5 113 21
5 114 28
5 116 51
5 117 24
5 119 21
5 123 45
6 1 24
6 4 30
6 5 45
6 7 51
6 10 20
6 13 23
6 15 32
6 16 58
6 19 53
6 21 27
6 22 57
6 25 29
6 27 41
6 29 33
6 31 47
6 32 42
6 33 16
6 34 35
6 35 47
6 38 26
6 39 46
6 40 21
6 45 42
6 46 18
6 47 31
6 50 48
6 52 57
6 53 43
6 57 24
6 60 16
6 61 35
6 63 23
6 69 51
6 71 27
6 73 46
6 75 40
6 77 53
6 78 44
6 79 38
6 82 44
6 83 19
6 86 24
6 88 35
6 89 57
6 91 47
6 92 18
6 93 45
6 96 47
6 97 25
6 98 24
6 99 50
6 100 40
6 102 41
6 107 45
6 109 32
6 110 23
6 113 29
6 117 39
6 120 48
6 123 29
6 t 34
7 4 42
7 5 57
7 6 51
7 8 39
7 10 41
7 11 22
7 12 27
7 14 50
7 18 38
7 19 49
7 20 49
7 21 35
7 23 18
7 24 33
7 27 31
7 28 51
7 29 25
7 30 45
7 35 53
7 37 40
7 39 35
7 40 16
7 43 58
7 46 55
7 49 39
7 50 21
7 52 27
7 56 26
7 60 26
7 61 37
7 63 46
7 64 26
7 68 47
7 70 20
7 72 33
7 73 57
7 74 43
7 76 53
7 77 19
7 78 52
7 79 24
7 80 34
7 81 20
7 83 50
7 84 37
7 88 37
7 90 46
7 91 44
7 95 27
7 98 35
7 100 44
7 101 17
7 102 55
7 108 54
7 109 44
7 110 37
7 111 45
7 112 24
7 114 58
7 117 22
7 118 44
7 123 57
7 124 20
7 t 21
8 1 45
8 2 47
8 3 53
8 4 32
8 5 49
8 7 39
8 11 37
8 13 40
8 14 51
8 16 33
8 18 33
8 24 53
8 27 32
8 31 28
8 32 21
8 33 18
8 34 52
8 35 51
8 37 42
8 39 23
8 42 55
8 43 51
8 44 54
8 45 47
8 46 55
8 47 44
8 48 26
8 50 32
8 56 41
8 58 19
8 59 39
8 62 54
8 63 30
8 64 31
8 66 45
8 70 51
8 71 44
8 75 54
8 76 19
8 78 39
8 81 17
8 83 29
8 84 31
8 85 52
8 86 33
8 88 51
8 89 47
8 91 29
8 92 17
8 93 58
8 94 30
8 97 44
8 100 30
8 102 43
8 103 44
8 104 28
8 105 57
8 106 36
8 107 57
8 108 36
8 110 31
8 112 56
8 114 28
8 117 29
8 118 31
8 120 21
8 121 23
8 122 39
8 123 32
8 t 44
9 1 47
9 3 57
9 10 30
9 11 58
9 14 44
9 20 18
9 21 30
9 23 30
9 24 27
9 28 57
9 32 42
9 34 22
9 36 27
9 37 52
9 40 16
9 43 42
9 45 40
9 47 33
9 48 33
9 53 57
9 57 19
9 58 54
9 59 31
9 61 41
9 62 34
9 64 16
9 67 48
9 69 18
9 71 45
9 72 47
9 73 33
9 77 39
9 81 40
9 82 26
9 83 34
9 85 50
9 87 16
9 89 22
9 91 57
9 92 53
9 94 20
9 96 20
9 101 40
9 104 40
9 106 43
9 107 25
9 111 47
9 112 50
9 113 47
9 116 34
9 120 36
9 121 30
9 122 48
9 124 28
9 t 43
10 2 56
10 4 17
10 5 28
10 6 20
10 7 41
10 9 30
10 11 41
10 15 35
10 16 17
10 17 34
10 18 40
10 20 23
10 21 43
10 22 38
10 29 42
10 31 37
10 33 54
10 34 31
10 36 25
10 38 24
10 41 25
10 42 57
10 45 41
10 50 24
10 52 41
10 54 56
10 56 48
10 57 21
10 58 16
10 61 23
10 62 30
10 64 56
10 65 44
10 66 25
10 68 29
10 69 18
10 71 16
10 73 21
10 75 50
10 83 31
10 84 21
10 85 21
10 86 44
10 87 46
10 90 39
10 92 56
10 94 33
10 95 17
10 96 38
10 98 43
10 100 52
10 101 47
10 103 37
10 107 38
10 110 46
10 111 24
10 114 19
10 115 24
10 117 52
10 119 37
10 122 23
10 123 33
10 124 52
11 2 50
11 4 38
11 7 22
11 8 37
11 9 58
11 10 41
11 13 26
11 18 46
11 19 38
11 20 58
11 22 17
11 23 43
11 24 55
11 25 37
11 27 22
11 33 32
11 37 31
11 38 51
11 40 17
11 41 26
11 42 30
11 48 27
11 49 21
11 51 58
11 52 35
11 53 40
11 54 27
11 57 22
11 58 41
11 60 26
11 62 49
11 65 39
11 66 16
11 67 57
11 70 48
11 71 36
11 73 17
11 76 43
11 78 48
11 80 54
11 81 23
11 84 17
11 85 38
11 89 58
11 90 43
11 91 22
11 92 26
11 93 16
11 95 28
11 98 35
11 99 16
11 102 50
11 103 37
11 104 45
11 105 23
11 106 32
11 110 17
11 121 18
11 122 34
11 t 52
12 1 41
12 3 58
12 7 27
12 14 36
12 15 41
12 18 43
12 20 42
12 21 38
12 24 19
12 29 19
12 30 26
12 31 28
12 33 33
12 34 38
12 37 33
12 38 22
12 40 40
12 42 38
12 43 53
12 46 26
12 48 26
12 51 37
12 52 37
12 53 55
12 56 29
12 57 54
12 58 49
12 67 50
12 68 44
12 71 29
12 72 33
12 76 53
12 77 56
12 78 17
12 83 16
12 84 38
12 85 38
12 89 30
12 91 41
12 92 40
12 95 25
12 96 43
12 97 56
12 100 30
12 102 32
12 104 47
12 105 52
12 110 40
12 113 48
12 114 36
12 115 20
12 116 57
12 117 51
12 119 46
12 120 43
12 122 20
12 123 56
12 t 37
13 2 49
13 6 23
13 8 40
13 11 26
13 14 21
13 16 34
13 17 47
13 18 57
13 19 25
13 24 27
13 32 31
13 34 28
13 37 51
13 38 24
13 44 32
13 45 41
13 47 34
13 49 30
13 52 43
13 54 40
13 55 34
13 59 23
13 63 22
13 64 53
13 67 32
13 68 17
13 69 17
13 71 23
13 73 46
13 75 26
13 77 45
13 78 17
13 90 41
13 91 27
13 93 57
13 94 42
13 95 21
13 96 34
13 97 39
13 98 44
13 99 23
13 100 29
13 101 54
13 107 57
13 111 52
13 115 50
13 117 28
13 119 55
13 121 45
13 122 54
13 123 53
13 124 35
13 t 44
14 1 51
14 2 53
14 5 26
14 7 50
14 8 51
14 9 44
14 12 36
14 13 21
14 15 28
14 17 53
14 21 28
14 22 23
14 25 33
14 26 29
14 27 34
14 29 57
14 30 24
14 31 53
14 32 56
14 36 56
14 43 28
14 45 19
14 46 35
14 47 48
14 51 48
14 54 43
14 55 19
14 56 38
14 58 34
14 59 31
14 63 37
14 66 18
14 67 36
14 68 47
14 71 53
14 72 20
14 73 27
14 80 50
14 82 42
14 83 35
14 84 54
14 85 39
14 87 32
14 91 56
14 92 52
14 93 22
14 94 53
14 96 49
14 98 37
14 100 22
14 101 24
14 104 31
14 105 46
14 107 49
14 108 55
14 109 17
14 110 22
14 112 23
14 114 37
14 120 50
14 123 23
14 124 36
14 t 51
15 1 35
15 2 39
15 3 46
15 5 16
15 6 32
15 10 35
15 12 41
15 14 28
15 16 52
15 18 42
15 20 44
15 21 31
15 22 17
15 24 55
15 25 18
15 26 26
15 28 42
15 29 35
15 31 46
15 34 33
15 36 37
15 37 26
15 39 28
15 40 46
15 42 26
15 43 20
15 44 54
15 45 27
15 48 44
15 50 22
15 53 36
15 54 29
15 56 18
15 61 38
15 64 47
15 65 55
15 66 43
15 67 49
15 68 45
15 70 37
15 73 57
15 76 17
15 77 22
15 78 55
15 84 38
15 87 29
15 91 24
15 92 28
15 94 18
15 95 18
15 97 30
15 100 44
15 103 54
15 104 30
15 105 34
15 106 51
15 107 54
15 114 19
15 118 16
15 122 39
15 t 32
16 2 51
16 3 17
16 5 34
16 6 58
16 8 33
16 10 17
16 13 34
16 15 52
16 17 42
16 21 49
16 23 52
16 24 38
16 26 33
16 29 31
16 30 56
16 31 39
16 32 31
16 34 23
16 36 34
16 37 53
16 38 46
16 39 52
16 40 27
16 41 31
16 42 23
16 43 17
16 45 42
16 47 43
16 48 58
16 52 19
16 54 31
16 55 30
16 56 52
16 58 38
16 59 53
16 61 54
16 62 25
16 64 54
16 65 21
16 66 25
16 67 52
16 68 42
16 70 31
16 76 41
16 77 28
16 80 56
16 82 30
16 83 30
16 85 24
16 86 45
16 88 46
16 94 23
16 95 31
16 101 25
16 103 20
16 104 37
16 106 43
16 107 39
16 108 46
16 110 37
16 114 34
16 115 30
16 116 26
16 118 47
16 119 57
16 120 58
16 t 48
17 2 26
17 3 43
17 4 54
17 10 34
17 13 47
17 14 53
17 16 42
17 19 48
17 22 55
17 23 37
17 25 55
17 26 38
17 28 56
17 29 31
17 30 53
17 31 20
17 33 46
17 37 23
17 39 54
17 43 24
17 44 58
17 45 19
17 46 24
17 47 42
17 48 43
17 53 20
17 55 58
17 56 46
17 58 34
17 59 47
17 60 25
17 61 38
17 63 54
17 65 23
17 66 58
17 68 22
17 69 30
17 71 44
17 74 57
17 75 32
17 76 55
17 77 28
17 78 34
17 82 46
17 83 56
17 88 40
17 90 36
17 92 54
17 93 26
17 94 28
17 96 27
17 100 42
17 105 52
17 108 44
17 110 40
17 111 47
17 113 33
17 115 58
17 116 18
17 118 49
17 121 31
17 122 38
17 123 28
18 1 21
18 4 57
18 7 38
18 8 33
18 10 40
18 11 46
18 12 43
18 13 57
18 15 42
18 20 17
18 21 28
18 22 46
18 24 32
18 25 50
18 28 28
18 29 52
18 30 41
18 34 50
18 36 49
18 37 29
18 39 39
18 40 31
18 41 37
18 42 31
18 46 35
18 50 21
18 52 49
18 54 25
18 55 32
18 56 50
18 61 20
18 62 47
18 65 50
18 67 51
18 69 18
18 77 34
18 78 42
18 79 25
18 82 40
18 83 32
18 85 28
18 86 58
18 89 16
18 90 57
18 92 28
18 93 23
18 95 56
18 97 51
18 99 25
18 101 46
18 102 45
18 103 58
18 105 41
18 107 34
18 108 26
18 110 41
18 111 51
18 112 46
18 113 41
18 114 44
18 116 42
18 117 29
18 124 44
19 3 43
19 5 57
19 6 53
19 7 49
19 11 38
19 13 25
19 17 48
19 24 40
19 25 44
19 26 50
19 27 23
19 29 37
19 30 41
19 31 40
19 32 49
19 33 37
19 34 26
19 38 52
19 41 48
19 43 39
19 44 46
19 47 30
19 48 50
19 52 32
19 60 51
19 61 41
19 62 16
19 63 23
19 64 50
19 65 28
19 66 22
19 68 19
19 69 29
19 70 47
19 74 47
19 75 58
19 77 47
19 78 58
19 79 21
19 81 45
19 82 45
19 83 56
19 85 34
19 86 29
19 89 49
19 91 36
19 94 48
19 95 18
19 96 25
19 99 22
19 100 58
19 101 29
19 102 49
19 103 43
19 104 34
19 105 39
19 106 56
19 107 21
19 108 40
19 109 53
19 112 45
19 114 44
19 115 49
19 116 54
19 117 31
19 119 52
19 122 52
19 124 27
19 t 56
20 2 34
20 3 34
20 4 33
20 7 49
20 9 18
20 10 23
20 11 58
20 12 42
20 15 44
20 18 17
20 24 51
20 25 57
20 26 40
20 27 22
20 28 28
20 30 24
20 32 47
20 33 48
20 40 32
20 42 47
20 51 54
20 52 42
20 54 47
20 56 26
20 58 30
20 59 26
20 60 35
20 63 33
20 65 17
20 68 28
20 73 53
20 75 17
20 76 44
20 77 41
20 78 51
20 79 30
20 83 31
20 84 52
20 85 38
20 87 49
20 88 34
20 89 52
20 91 34
20 92 54
20 93 35
20 95 21
20 96 35
20 99 28
20 101 42
20 102 22
20 104 50
20 109 33
20 111 19
20 115 16
20 118 21
20 119 48
20 120 30
20 121 50
20 122 29
20 124 37
21 1 30
21 2 47
21 3 36
21 6 27
21 7 35
21 9 30
21 10 43
21 12 38
21 14 28
21 15 31
21 16 49
21 18 28
21 22 38
21 24 30
21 25 26
21 28 22
21 29 26
21 32 40
21 36 18
21 37 28
21 42 52
21 43 22
21 50 48
21 52 41
21 56 34
21 57 37
21 58 28
21 59 31
21 62 51
21 64 38
21 65 25
21 66 34
21 67 27
21 72 54
21 73 58
21 79 41
21 82 45
21 83 23
21 84 28
21 86 18
21 87 57
21 89 21
21 90 39
21 91 48
21 95 20
21 97 30
21 99 49
21 101 49
21 102 44
21 103 34
21 104 25
21 105 23
21 107 36
21 108 32
21 110 23
21 112 53
21 113 53
21 114 36
21 115 29
21 118 20
21 119 44
21 120 36
21 121 34
21 122 40
21 124 42
21 t 58
22 1 21
22 2 51
22 3 33
22 5 48
22 6 57
22 10 38
22 11 17
22 14 23
22 15 17
22 17 55
22 18 46
22 21 38
22 23 34
22 24 53
22 26 46
22 27 34
22 28 18
22 31 20
22 33 36
22 34 54
22 37 24
22 40 38
22 42 17
22 44 38
22 46 23
22 47 37
22 48 51
22 52 49
22 54 30
22 57 55
22 59 21
22 60 45
22 61 55
22 62 56
22 63 18
22 64 50
22 66 53
22 68 50
22 71 40
22 73 35
22 74 18
22 77 49
22 79 56
22 81 30
22 82 28
22 89 40
22 90 36
22 93 48
22 95 37
22 98 30
22 101 23
22 102 39
22 103 48
22 104 58
22 107 46
22 108 42
22 113 20
22 114 23
22 117 22
22 120 41
22 121 50
22 123 16
22 124 48
22 t 19
23 1 42
23 3 24
23 5 56
23 7 18
23 9 30
23 11 43
23 16 52
23 17 37
23 22 34
23 25 43
23 27 58
23 30 22
23 33 16
23 38 16
23 39 45
23 40 16
23 41 21
23 42 21
23 43 39
23 44 52
23 45 49
23 51 24
23 52 30
23 53 21
23 55 48
23 57 26
23 65 18
23 69 42
23 71 21
23 72 56
23 73 19
23 74 56
23 75 54
23 77 27
23 80 42
23 82 47
23 83 36
23 84 39
23 86 30
23 90 30
23 91 52
23 92 23
23 94 55
23 96 44
23 97 34
23 99 44
23 101 39
23 106 28
23 107 23
23 108 37
23 110 36
23 115 32
23 116 16
23 117 56
23 t 18
24 1 36
24 4 34
24 7 33
24 8 53
24 9 27
24 11 55
24 12 19
24 13 27
24 15 55
24 16 38
24 18 32
24 19 40
24 20 51
24 21 30
24 22 53
24 25 48
24 26 35
24 27 50
24 33 45
24 34 43
24 37 40
24 42 21
24 45 53
24 46 49
24 47 56
24 49 32
24 50 27
24 51 34
24 54 20
24 55 49
24 56 36
24 57 49
24 59 32
24 60 49
24 63 32
24 64 25
24 65 34
24 68 47
24 70 18
24 71 23
24 72 25
24 75 26
24 76 43
24 82 57
24 88 57
24 89 51
24 90 49
24 91 50
24 93 53
24 97 32
24 98 18
24 99 57
24 100 30
24 101 40
24 102 29
24 103 47
24 107 42
24 108 41
24 109 22
24 110 17
24 111 26
24 113 38
24 114 23
24 115 30
24 116 21
24 119 20
24 122 22
24 124 29
25 2 53
25 3 52
25 4 21
25 5 23
25 6 29
25 11 37
25 14 33
25 15 18
25 17 55
25 18 50
25 19 44
25 20 57
25 21 26
25 23 43
25 24 48
25 28 40
25 29 41
25 32 29
25 34 28
25 35 25
25 38 50
25 39 57
25 42 26
25 44 44
25 45 45
25 46 49
25 48 35
25 49 38
25 50 51
25 52 30
25 53 43
25 54 39
25 55 35
25 56 53
25 57 18
25 58 18
25 60 51
25 61 27
25 63 20
25 64 55
25 66 57
25 67 42
25 71 19
25 72 56
25 73 50
25 76 23
25 77 23
25 78 38
25 81 58
25 83 50
25 84 33
25 85 20
25 86 17
25 87 53
25 88 52
25 89 54
25 90 50
25 93 58
25 95 21
25 98 35
25 99 16
25 100 26
25 101 36
25 103 48
25 106 19
25 108 57
25 109 33
25 110 38
25 114 29
25 115 28
25 116 37
25 117 42
25 119 28
25 120 23
25 123 53
25 124 53
26 1 26
26 3 40
26 4 56
26 5 38
26 14 29
26 15 26
26 16 33
26 17 38
26 19 50
26 20 40
26 22 46
26 24 35
26 27 32
26 28 47
26 29 25
26 36 17
26 37 57
26 38 27
26 39 25
26 41 57
26 42 37
26 44 18
26 45 35
26 48 29
26 49 32
26 51 21
26 54 16
26 55 58
26 56 56
26 60 55
26 63 23
26 65 50
26 66 26
26 67 38
26 68 25
26 70 46
26 72 37
26 76 46
26 78 42
26 80 48
26 82 45
26 86 38
26 87 46
26 88 37
26 89 31
26 92 40
26 94 42
26 95 53
26 98 39
26 99 49
26 100 55
26 107 31
26 110 54
26 112 49
26 118 27
26 121 47
26 122 40
26 123 40
26 t 56
27 2 50
27 4 49
27 5 24
27 6 41
27 7 31
27 8 32
27 11 22
27 14 34
27 19 23
27 20 22
27 22 34
27 23 58
27 24 50
27 26 32
27 29 21
27 30 39
27 35 43
27 39 26
27 40 58
27 42 24
27 43 29
27 45 41
27 46 36
27 47 42
27 48 36
27 53 52
27 54 50
27 55 20
27 56 18
27 63 26
27 64 57
27 65 56
27 66 23
27 73 34
27 75 17
27 79 18
27 80 41
27 83 34
27 85 49
27 88 22
27 89 16
27 92 42
27 99 36
27 100 23
27 105 45
27 106 19
27 109 34
27 112 30
27 113 27
27 118 22
27 119 28
27 122 20
27 124 29
27 t 35
28 2 21
28 3 29
28 5 40
28 7 51
28 9 57
28 15 42
28 17 56
28 18 28
28 20 28
28 21 22
28 22 18
28 25 40
28 26 47
28 30 31
28 31 53
28 33 24
28 34 50
28 37 21
28 38 46
28 39 44
28 43 56
28 46 26
28 49 25
28 51 48
28 53 32
28 54 36
28 55 55
28 56 19
28 61 41
28 62 35
28 65 40
28 68 32
28 70 45
28 74 22
28 77 27
28 78 52
28 79 35
28 83 34
28 86 57
28 87 30
28 88 48
28 89 58
28 91 57
28 94 25
28 96 21
28 100 27
28 102 21
28 104 49
28 105 49
28 106 41
28 109 38
28 110 48
28 114 29
28 116 41
28 117 27
28 119 43
28 120 20
28 121 47
28 122 39
28 123 33
28 t 56
29 1 39
29 3 34
29 6 33
29 7 25
29 10 42
29 12 19
29 14 57
29 15 35
29 16 31
29 17 31
29 18 52
29 19 37
29 21 26
29 25 41
29 26 25
29 27 21
29 33 37
29 35 53
29 36 33
29 38 27
29 41 57
29 42 31
29 44 38
29 45 24
29 46 40
29 50 46
29 51 58
29 53 54
29 54 50
29 55 43
29 56 28
29 58 37
29 59 43
29 60 57
29 62 37
29 64 16
29 65 23
29 68 36
29 71 31
29 72 37
29 75 51
29 79 25
29 80 51
29 81 50
29 82 51
29 83 39
29 84 19
29 85 38
29 86 31
29 87 44
29 88 46
29 90 31
29 91 36
29 92 30
29 93 17
29 95 28
29 96 21
29 103 16
29 104 16
29 109 58
29 111 21
29 112 16
29 114 26
29 115 36
29 118 27
29 119 16
29 121 38
29 123 45
30 4 25
30 5 28
30 7 45
30 12 26
30 14 24
30 16 56
30 17 53
30 18 41
30 19 41
30 20 24
30 23 22
30 27 39
30 28 31
30 31 56
30 34 54
30 35 21
30 37 16
30 39 33
30 40 24
30 41 16
30 42 19
30 43 36
30 44 46
30 47 50
30 48 24
30 51 55
30 52 24
30 54 31
30 55 37
30 56 16
30 65 32
30 67 49
30 69 28
30 71 35
30 72 20
30 73 44
30 74 27
30 75 32
30 81 34
30 82 34
30 84 39
30 86 28
30 87 25
30 88 50
30 89 32
30 93 50
30 94 39
30 97 57
30 98 18
30 102 23
30 106 40
30 108 36
30 109 27
30 110 39
30 111 43
30 112 28
30 114 19
30 115 39
30 117 24
30 118 37
30 119 56
30 120 32
30 122 39
31 1 46
31 5 32
31 6 47
31 8 28
31 10 37
31 12 28
31 14 53
31 15 46
31 16 39
31 17 20
31 19 40
31 22 20
31 28 53
31 30 56
31 36 22
31 37 25
31 39 24
31 44 17
31 47 51
31 48 46
31 49 16
31 50 54
31 52 18
31 54 53
31 55 49
31 57 42
31 59 19
31 61 55
31 63 53
31 65 45
31 66 44
31 68 42
31 72 56
31 75 56
31 77 48
31 78 24
31 79 42
31 80 31
31 82 26
31 83 50
31 84 24
31 89 31
31 93 52
31 101 56
31 102 54
31 105 40
31 106 42
31 108 50
31 111 33
31 113 34
31 115 40
31 116 40
31 119 24
31 122 22
31 123 30
31 t 16
32 1 55
32 2 44
32 4 45
32 5 58
32 6 42
32 8 21
32 9 42
32 13 31
32 14 56
32 16 31
32 19 49
32 20 47
32 21 40
32 25 29
32 33 22
32 34 42
32 35 28
32 40 56
32 42 50
32 43 50
32 44 23
32 46 50
32 49 16
32 53 46
32 54 41
32 57 53
32 59 26
32 62 32
32 64 38
32 66 51
32 67 23
32 70 43
32 71 47
32 73 55
32 75 45
32 76 31
32 80 27
32 83 23
32 87 54
32 90 46
32 91 40
32 92 41
32 93 20
32 94 50
32 95 38
32 96 29
32 97 52
32 99 37
32 100 18
32 102 20
32 103 26
32 104 54
32 106 47
32 109 37
32 110 41
32 111 38
32 112 16
32 113 35
32 114 30
32 115 45
32 116 35
32 117 45
32 119 24
32 120 18
32 121 29
32 122 24
32 123 49
32 124 38
33 2 24
33 3 16
33 4 42
33 6 16
33 8 18
33 10 54
33 11 32
33 12 33
33 17 46
33 19 37
33 20 48
33 22 36
33 23 16
33 24 45
33 28 24
33 29 37
33 32 22
33 34 28
33 37 21
33 38 45
33 39 23
33 43 28
33 44 16
33 47 58
33 49 22
33 51 37
33 52 49
33 54 53
33 62 30
33 63 20
33 64 30
33 65 18
33 66 24
33 67 20
33 68 58
33 69 47
33 70 24
33 74 24
33 75 56
33 76 21
33 77 42
33 78 22
33 79 25
33 80 52
33 81 37
33 82 40
33 83 30
33 86 39
33 87 43
33 88 58
33 89 54
33 93 35
33 95 29
33 96 28
33 98 58
33 99 53
33 103 28
33 104 38
33 108 20
33 111 44
33 112 36
33 113 55
33 117 53
33 118 29
33 119 27
33 122 30
33 124 58
33 t 32
34 2 57
34 4 26
34 6 35
34 8 52
34 9 22
34 10 31
34 12 38
34 13 28
34 15 33
34 16 23
34 18 50
34 19 26
34 22 54
34 24 43
34 25 28
34 28 50
34 30 54
34 32 42
34 33 28
34 35 24
34 38 33
34 39 31
34 42 44
34 43 34
34 46 32
34 47 20
34 48 54
34 49 32
34 53 31
34 54 27
34 55 39
34 57 45
34 61 40
34 63 27
34 64 26
34 65 54
34 66 55
34 67 26
34 69 43
34 70 57
34 71 52
34 72 31
34 74 46
34 80 37
34 82 49
34 83 32
34 84 40
34 85 35
34 87 17
34 91 35
34 93 43
34 98 54
34 99 53
34 103 29
34 105 37
34 106 36
34 107 26
34 111 47
34 113 48
34 114 18
34 116 50
34 117 58
34 119 43
34 120 32
34 122 35
35 2 36
35 4 20
35 6 47
35 7 53
35 8 51
35 25 25
35 27 43
35 29 53
35 30 21
35 32 28
35 34 24
35 39 27
35 44 22
35 47 53
35 48 19
35 51 43
35 54 46
35 55 49
35 58 37
35 60 23
35 66 25
35 67 41
35 68 24
35 70 32
35 71 48
35 72 32
35 73 35
35 77 30
35 81 19
35 82 36
35 84 43
35 86 58
35 88 37
35 91 26
35 92 58
35 93 37
35 94 26
35 102 42
35 103 46
35 105 28
35 108 19
35 111 24
35 116 58
35 117 51
35 119 48
35 120 23
35 123 22
35 124 16
36 5 48
36 9 27
36 10 25
36 14 56
36 15 37
36 16 34
36 18 49
36 21 18
36 26 17
36 29 33
36 31 22
36 37 30
36 40 16
36 41 37
36 42 31
36 44 20
36 45 50
36 46 30
36 48 30
36 49 31
36 51 54
36 52 53
36 53 56
36 57 27
36 58 53
36 59 49
36 62 52
36 63 32
36 66 45
36 68 52
36 71 26
36 74 49
36 78 43
36 81 57
36 83 39
36 84 52
36 89 54
36 92 53
36 94 40
36 98 41
36 99 29
36 103 24
36 104 51
36 110 36
36 111 38
36 112 30
36 116 48
36 117 43
36 122 34
36 123 18
37 1 36
37 2 47
37 5 27
37 7 40
37 8 42
37 9 52
37 11 31
37 12 33
37 13 51
37 15 26
37 16 53
37 17 23
37 18 29
37 21 28
37 22 24
37 24 40
37 26 57
37 28 21
37 30 16
37 31 25
37 33 21
37 36 30
37 38 18
37 39 45
37 40 42
37 41 26
37 42 51
37 44 25
37 48 49
37 50 18
37 54 36
37 56 40
37 58 39
37 63 24
37 65 16
37 67 17
37 70 16
37 71 20
37 72 57
37 74 37
37 75 18
37 77 16
37 79 26
37 82 20
37 83 24
37 85 44
37 86 53
37 87 32
37 88 16
37 90 50
37 93 56
37 98 55
37 102 50
37 103 55
37 104 50
37 105 48
37 108 37
37 110 46
37 111 20
37 113 23
37 114 26
37 116 35
37 117 49
37 119 56
37 120 42
37 121 50
37 123 48
37 124 24
37 t 33
38 2 55
38 4 37
38 6 26
38 10 24
38 11 51
38 12 22
38 13 24
38 16 46
38 19 52
38 23 16
38 25 50
38 26 27
38 28 46
38 29 27
38 33 45
38 34 33
38 37 18
38 39 53
38 40 39
38 43 34
38 44 35
38 48 52
38 49 36
38 50 46
38 51 41
38 53 53
38 54 33
38 57 38
38 59 38
38 60 29
38 61 49
38 62 58
38 63 49
38 64 25
38 65 47
38 66 23
38 67 50
38 71 23
38 74 49
38 77 21
38 79 50
38 81 52
38 82 35
38 86 43
38 87 57
38 91 38
38 92 22
38 93 42
38 94 57
38 97 36
38 99 18
38 100 52
38 101 25
38 106 51
38 107 42
38 110 48
38 111 57
38 113 49
38 114 41
38 115 26
38 118 20
38 119 46
38 120 33
38 121 53
38 123 32
39 1 25
39 6 46
39 7 35
39 8 23
39 15 28
39 16 52
39 17 54
39 18 39
39 23 45
39 25 57
39 26 25
39 27 26
39 28 44
39 30 33
39 31 24
39 33 23
39 34 31
39 35 27
39 37 45
39 38 53
39 40 29
39 43 35
39 49 48
39 50 30
39 51 26
39 52 37
39 53 49
39 54 58
39 60 58
39 61 55
39 62 19
39 63 41
39 65 49
39 66 24
39 68 27
39 69 21
39 70 19
39 72 36
39 73 23
39 74 50
39 76 26
39 82 41
39 83 36
39 85 52
39 88 16
39 90 21
39 92 45
39 93 44
39 96 54
39 98 36
39 100 21
39 104 23
39 105 31
39 106 50
39 108 30
39 109 36
39 110 47
39 111 30
39 113 30
39 114 39
39 116 48
39 118 51
39 119 46
39 120 41
39 121 27
39 122 30
39 123 48
39 t 26
40 2 27
40 5 45
40 6 21
40 7 16
40 9 16
40 11 17
40 12 40
40 15 46
40 16 27
40 18 31
40 20 32
40 22 38
40 23 16
40 27 58
40 30 24
40 32 56
40 36 16
40 37 42
40 38 39
40 39 29
40 41 30
40 44 37
40 45 23
40 46 37
40 48 28
40 49 16
40 53 57
40 54 37
40 55 19
40 57 47
40 58 56
40 59 36
40 61 31
40 64 21
40 67 35
40 70 45
40 77 50
40 78 53
40 82 24
40 84 17
40 85 35
40 86 32
40 88 52
40 90 45
40 91 49
40 92 48
40 96 44
40 98 29
40 100 24
40 101 16
40 105 34
40 106 57
40 108 49
40 110 52
40 111 41
40 112 54
40 113 49
40 114 24
40 116 47
40 117 51
40 120 21
40 121 31
40 122 48
40 123 38
40 124 19
40 t 21
41 10 25
41 11 26
41 16 31
41 18 37
41 19 48
41 23 21
41 26 57
41 29 57
41 30 16
41 36 37
41 37 26
41 40 30
41 42 24
41 43 48
41 48 30
41 50 55
41 51 54
41 52 38
41 53 32
41 54 26
41 56 38
41 58 20
41 60 53
41 62 23
41 63 49
41 64 40
41 66 29
41 68 53
41 71 31
41 72 41
41 74 18
41 76 40
41 77 47
41 79 51
41 80 31
41 88 44
41 89 51
41 90 27
41 91 17
41 92 34
41 93 48
41 94 23
41 95 56
41 96 54
41 97 35
41 98 55
41 100 18
41 101 26
41 102 30
41 104 34
41 108 49
41 109 50
41 113 43
41 114 37
41 117 46
41 119 34
41 121 20
41 122 16
42 3 31
42 4 51
42 5 40
42 8 55
42 10 57
42 11 30
42 12 38
42 15 26
42 16 23
42 18 31
42 20 47
42 21 52
42 22 17
42 23 21
42 24 21
42 25 26
42 26 37
42 27 24
42 29 31
42 30 19
42 32 50
42 34 44
42 36 31
42 37 51
42 41 24
42 48 23
42 51 18
42 56 32
42 58 40
42 59 52
42 60 51
42 62 39
42 65 27
42 72 38
42 73 41
42 75 50
42 77 36
42 79 37
42 80 34
42 81 38
42 82 33
42 85 38
42 88 57
42 89 38
42 90 40
42 91 47
42 93 45
42 95 16
42 96 56
42 97 26
42 98 44
42 101 23
42 102 35
42 103 46
42 105 32
42 106 36
42 110 55
42 112 53
42 114 23
42 116 18
42 120 23
42 121 27
42 122 23
42 124 25
43 1 53
43 4 42
43 7 58
43 8 51
43 9 42
43 12 53
43 14 28
43 15 20
43 16 17
43 17 24
43 19 39
43 21 22
43 23 39
43 27 29
43 28 56
43 30 36
43 32 50
43 33 28
43 34 34
43 38 34
43 39 35
43 41 48
43 44 58
43 45 27
43 48 19
43 50 41
43 51 42
43 54 55
43 55 16
43 57 48
43 59 21
43 64 45
43 66 26
43 68 30
43 70 41
43 72 46
43 73 54
43 74 35
43 76 32
43 79 35
43 82 19
43 86 20
43 90 53
43 91 51
43 92 54
43 93 56
43 94 54
43 95 22
43 99 57
43 100 39
43 103 43
43 107 35
43 110 22
43 111 49
43 113 58
43 115 55
43 116 53
43 118 40
43 119 44
43 121 45
43 122 57
43 124 33
43 t 32
44 8 54
44 13 32
44 15 54
44 17 58
44 19 46
44 22 38
44 23 52
44 25 44
44 26 18
44 29 38
44 30 46
44 31 17
44 32 23
44 33 16
44 35 22
44 36 20
44 37 25
44 38 35
44 40 37
44 43 58
44 46 27
44 50 54
44 52 26
44 53 23
44 56 58
44 57 35
44 63 40
44 65 36
44 67 27
44 69 20
44 72 57
44 78 53
44 80 30
44 81 30
44 82 16
44 88 33
44 89 55
44 90 17
44 92 28
44 93 34
44 97 46
44 101 57
44 103 32
44 104 47
44 105 27
44 106 37
44 108 54
44 111 17
44 112 43
44 113 22
44 115 35
44 118 56
44 120 47
45 1 28
45 2 45
45 3 45
45 6 42
45 8 47
45 9 40
45 10 41
45 13 41
45 14 19
45 15 27
45 16 42
45 17 19
45 23 49
45 24 53
45 25 45
45 26 35
45 27 41
45 29 24
45 36 50
45 40 23
45 43 27
45 46 44
45 47 23
45 49 27
45 52 25
45 53 19
45 54 30
45 57 32
45 61 19
45 62 43
45 64 42
45 65 32
45 68 29
45 69 58
45 71 48
45 72 58
45 75 55
45 78 44
45 81 44
45 82 39
45 83 38
45 84 38
45 85 49
45 86 26
45 87 20
45 90 25
45 92 20
45 93 19
45 95 26
45 96 54
45 98 40
45 99 21
45 101 50
45 102 57
45 103 20
45 105 16
45 106 28
45 107 44
45 109 50
45 111 23
45 112 29
45 114 41
45 115 19
45 116 50
45 117 34
45 120 53
45 121 30
45 122 32
45 123 27
45 t 29
46 2 52
46 4 16
46 6 18
46 7 55
46 8 55
46 12 26
46 14 35
46 17 24
46 18 35
46 22 23
46 24 49
46 25 49
46 27 36
46 28 26
46 29 40
46 32 50
46 34 32
46 36 30
46 40 37
46 44 27
46 45 44
46 47 36
46 50 29
46 52 19
46 56 47
46 58 27
46 61 40
46 63 36
46 67 30
46 68 27
46 69 38
46 71 35
46 75 36
46 76 57
46 77 55
46 78 17
46 80 36
46 81 53
46 82 25
46 83 42
46 84 37
46 88 50
46 95 52
46 97 30
46 99 51
46 100 40
46 101 24
46 102 43
46 103 58
46 108 45
46 109 22
46 110 25
46 114 53
46 115 43
46 117 34
46 118 21
46 120 38
46 121 24
46 122 50
46 123 54
46 124 18
46 t 43
47 1 22
47 2 34
47 4 20
47 5 31
47 6 31
47 8 44
47 9 33
47 13 34
47 14 48
47 16 43
47 17 42
47 19 30
47 22 37
47 24 56
47 27 42
47 30 50
47 31 51
47 33 58
47 34 20
47 35 53
47 45 23
47 46 36
47 52 28
47 53 16
47 54 35
47 56 57
47 57 47
47 60 47
47 64 55
47 71 30
47 72 46
47 74 37
47 77 35
47 79 52
47 82 43
47 84 55
47 92 16
47 94 43
47 96 45
47 100 54
47 103 36
47 105 41
47 107 32
47 108 55
47 110 33
47 113 37
47 116 40
47 117 17
47 121 54
47 123 44
48 1 27
48 8 26
48 9 33
48 11 27
48 12 26
48 15 44
48 16 58
48 17 43
48 19 50
48 22 51
48 25 35
48 26 29
48 27 36
48 30 24
48 31 46
48 34 54
48 35 19
48 36 30
48 37 49
48 38 52
48 40 28
48 41 30
48 42 23
48 43 19
48 54 50
48 55 46
48 56 25
48 57 35
48 58 17
48 59 36
48 62 58
48 63 30
48 65 32
48 66 52
48 74 53
48 75 55
48 76 18
48 77 49
48 79 52
48 83 58
48 84 54
48 86 54
48 87 28
48 88 28
48 89 52
48 90 43
48 94 35
48 96 39
48 99 45
48 101 22
48 103 45
48 105 50
48 106 19
48 107 57
48 120 44
48 122 18
49 2 43
49 3 56
49 7 39
49 11 21
49 13 30
49 24 32
49 25 38
49 26 32
49 28 25
49 31 16
49 32 16
49 33 22
49 34 32
49 36 31
49 38 36
49 39 48
49 40 16
49 45 27
49 50 30
49 51 50
49 53 57
49 56 38
49 57 19
49 58 38
49 60 32
49 61 42
49 62 56
49 63 16
49 65 47
49 70 17
49 71 27
49 72 42
49 73 55
49 76 49
49 77 37
49 79 45
49 80 43
49 83 19
49 88 52
49 90 27
49 92 42
49 96 35
49 98 28
49 99 52
49 100 53
49 102 37
49 105 26
49 107 42
49 109 41
49 112 30
49 114 54
49 120 17
49 122 47
50 5 17
50 6 48
50 7 21
50 8 32
50 10 24
50 15 22
50 18 21
50 21 48
50 24 27
50 25 51
50 29 46
50 31 54
50 37 18
50 38 46
50 39 30
50 41 55
50 43 41
50 44 54
50 46 29
50 49 30
50 53 29
50 55 21
50 56 58
50 57 20
50 59 47
50 60 36
50 62 33
50 64 52
50 65 23
50 67 18
50 68 40
50 72 21
50 73 42
50 75 36
50 76 18
50 77 19
50 79 33
50 80 42
50 81 16
50 82 48
50 83 33
50 84 27
50 87 35
50 90 18
50 93 57
50 97 58
50 99 21
50 101 49
50 102 39
50 103 38
50 104 55
50 107 39
50 109 38
50 111 43
50 117 24
50 123 47
51 2 39
51 4 47
51 5 25
51 11 58
51 12 37
51 14 48
51 20 54
51 23 24
51 24 34
51 26 21
51 28 48
51 29 58
51 30 55
51 33 37
51 35 43
51 36 54
51 38 41
51 39 26
51 41 54
51 42 18
51 43 42
51 49 50
51 52 27
51 54 40
51 55 42
51 57 28
51 59 56
51 64 33
51 65 33
51 68 20
51 70 56
51 72 36
51 73 39
51 75 21
51 77 42
51 80 43
51 81 22
51 83 32
51 85 23
51 87 38
51 88 28
51 89 36
51 91 50
51 97 41
51 98 32
51 99 58
51 100 24
51 102 21
51 104 16
51 105 29
51 106 35
51 108 35
51 109 27
51 110 57
51 115 35
51 116 26
51 119 28
51 121 28
51 122 55
51 124 57
51 t 30
52 1 53
52 3 49
52 5 54
52 6 57
52 7 27
52 10 41
52 11 35
52 12 37
52 13 43
52 16 19
52 18 49
52 19 32
52 20 42
52 21 41
52 22 49
52 23 30
52 25 30
52 30 24
52 31 18
52 33 49
52 36 53
52 39 37
52 41 38
52 44 26
52 45 25
52 46 19
52 47 28
52 51 27
52 53 29
52 57 32
52 59 45
52 61 34
52 62 28
52 63 32
52 64 18
52 65 26
52 66 51
52 68 18
52 69 19
52 70 48
52 72 57
52 73 36
52 74 18
52 76 24
52 77 38
52 80 44
52 81 16
52 86 33
52 87 53
52 91 54
52 92 38
52 95 24
52 96 46
52 97 58
52 99 34
52 101 45
52 102 48
52 103 51
52 106 37
52 107 23
52 111 57
52 112 22
52 116 18
52 118 56
52 119 35
52 120 26
52 123 36
53 1 55
53 2 58
53 4 21
53 6 43
53 9 57
53 11 40
53 12 55
53 15 36
53 17 20
53 23 21
53 25 43
53 27 52
53 28 32
53 29 54
53 32 46
53 34 31
53 36 56
53 38 53
53 39 49
53 40 57
53 41 32
53 44 23
53 45 19
53 47 16
53 49 57
53 50 29
53 52 29
53 54 43
53 56 39
53 57 45
53 58 46
53 60 50
53 63 19
53 71 46
53 72 25
53 73 51
53 76 27
53 77 30
53 78 38
53 79 39
53 80 48
53 81 41
53 86 50
53 87 34
53 90 22
53 91 20
53 94 39
53 98 29
53 99 25
53 100 39
53 101 17
53 102 38
53 104 52
53 105 34
53 107 30
53 109 23
53 110 46
53 111 41
53 112 34
53 113 52
53 115 58
53 116 42
53 117 54
53 118 34
53 120 28
53 121 47
53 124 41
53 t 46
54 1 36
54 4 33
54 10 56
54 11 27
54 13 40
54 14 43
54 15 29
54 16 31
54 18 25
54 20 47
54 22 30
54 24 20
54 25 39
54 26 16
54 27 50
54 28 36
54 29 50
54 30 31
54 31 53
54 32 41
54 33 53
54 34 27
54 35 46
54 37 36
54 38 33
54 39 58
54 40 37
54 41 26
54 43 55
54 45 30
54 47 35
54 48 50
54 51 40
54 53 43
54 60 37
54 61 20
54 65 16
54 70 55
54 71 38
54 72 21
54 73 34
54 74 38
54 75 34
54 76 35
54 77 46
54 80 36
54 82 54
54 86 52
54 87 17
54 89 46
54 90 51
54 92 44
54 96 31
54 97 49
54 101 56
54 103 16
54 104 18
54 105 23
54 107 42
54 112 33
54 113 27
54 114 31
54 116 46
54 119 26
54 121 24
54 123 52
55 1 47
55 3 44
55 4 58
55 5 31
55 13 34
55 14 19
55 16 30
55 17 58
55 18 32
55 23 48
55 24 49
55 25 35
55 26 58
55 27 20
55 28 55
55 29 43
55 30 37
55 31 49
55 34 39
55 35 49
55 40 19
55 43 16
55 48 46
55 50 21
55 51 42
55 59 16
55 60 29
55 62 34
55 63 38
55 66 51
55 71 18
55 72 47
55 74 39
55 75 17
55 77 30
55 78 29
55 80 52
55 82 24
55 87 47
55 95 28
55 96 39
55 98 57
55 99 37
55 101 40
55 102 16
55 106 27
55 108 46
55 109 42
55 111 26
55 112 52
55 113 31
55 114 19
55 115 44
55 116 23
55 117 38
55 118 58
55 119 54
55 120 50
55 121 35
55 122 47
55 124 34
56 2 49
56 5 51
56 7 26
56 8 41
56 10 48
56 12 29
56 14 38
56 15 18
56 16 52
56 17 46
56 18 50
56 20 26
56 21 34
56 24 36
56 25 53
56 26 56
56 27 18
56 28 19
56 29 28
56 30 16
56 37 40
56 41 38
56 42 32
56 44 58
56 46 47
56 47 57
56 48 25
56 49 38
56 50 58
56 53 39
56 57 19
56 58 18
56 61 25
56 62 49
56 64 36
56 66 21
56 67 44
56 68 33
56 71 40
56 72 47
56 73 56
56 74 39
56 76 32
56 81 26
56 85 45
56 86 51
56 87 17
56 92 53
56 93 45
56 94 40
56 95 26
56 97 31
56 98 43
56 99 50
56 100 45
56 102 55
56 105 56
56 110 54
56 114 53
56 116 31
56 117 57
56 119 36
56 120 32
56 121 54
56 122 23
56 123 38
57 3 31
57 4 58
57 5 23
57 6 24
57 9 19
57 10 21
57 11 22
57 12 54
57 21 37
57 22 55
57 23 26
57 24 49
57 25 18
57 31 42
57 32 53
57 34 45
57 36 27
57 38 38
57 40 47
57 43 48
57 44 35
57 45 32
57 47 47
57 48 35
57 49 19
57 50 20
57 51 28
57 52 32
57 53 45
57 56 19
57 59 35
57 60 24
57 61 53
57 62 20
57 63 22
57 66 41
57 67 31
57 69 54
57 71 47
57 72 47
57 73 51
57 74 28
57 75 48
57 76 44
57 78 18
57 81 16
57 82 54
57 83 40
57 87 17
57 89 31
57 92 27
57 93 34
57 95 32
57 96 56
57 99 16
57 101 55
57 102 54
57 103 57
57 104 43
57 108 23
57 109 31
57 110 50
57 112 27
57 113 54
57 119 30
57 121 41
57 123 40
57 t 35
58 1 39
58 2 35
58 3 36
58 4 28
58 8 19
58 9 54
58 10 16
58 11 41
58 12 49
58 14 34
58 16 38
58 17 34
58 20 30
58 21 28
58 25 18
58 29 37
58 35 37
58 36 53
58 37 39
58 40 56
58 41 20
58 42 40
58 46 27
58 48 17
58 49 38
58 53 46
58 56 18
58 61 51
58 63 32
58 68 30
58 69 39
58 70 19
58 71 30
58 77 24
58 81 52
58 82 53
58 83 49
58 84 23
58 87 33
58 88 52
58 89 51
58 91 50
58 93 46
58 95 26
58 96 17
58 100 20
58 102 53
58 104 37
58 105 29
58 108 54
58 111 25
58 112 30
58 113 26
58 114 24
58 115 22
58 117 52
58 121 33
58 122 22
58 t 45
59 2 38
59 3 16
59 8 39
59 9 31
59 13 23
59 14 31
59 16 53
59 17 47
59 20 26
59 21 31
59 22 21
59 24 32
59 29 43
59 31 19
59 32 26
59 36 49
59 38 38
59 40 36
59 42 52
59 43 21
59 48 36
59 50 47
59 51 56
59 52 45
59 55 16
59 57 35
59 61 21
59 68 53
59 69 22
59 71 31
59 76 26
59 78 34
59 79 21
59 82 47
59 86 31
59 87 33
59 89 49
59 95 25
59 97 19
59 98 20
59 99 46
59 100 39
59 102 26
59 105 23
59 109 36
59 111 37
59 112 41
59 113 31
59 114 17
59 118 31
59 119 28
59 120 29
59 121 56
59 t 30
60 2 46
60 6 16
60 7 26
60 11 26
60 17 25
60 19 51
60 20 35
60 22 45
60 24 49
60 25 51
60 26 55
60 29 57
60 35 23
60 38 29
60 39 58
60 41 53
60 42 51
60 47 47
60 49 32
60 50 36
60 53 50
60 54 37
60 55 29
60 57 24
60 61 24
60 64 56
60 65 37
60 72 24
60 73 26
60 75 17
60 76 55
60 77 29
60 78 24
60 80 24
60 81 22
60 82 41
60 83 54
60 84 24
60 85 53
60 86 24
60 88 42
60 92 36
60 95 45
60 96 23
60 97 41
60 98 33
60 102 34
60 103 33
60 105 48
60 106 25
60 109 54
60 110 46
60 112 23
60 113 19
60 115 21
60 117 29
60 118 53
60 119 20
60 121 43
60 122 49
60 123 55
60 124 51
60 t 44
61 2 39
61 4 56
61 5 29
61 6 35
61 7 37
61 9 41
61 10 23
61 15 38
61 16 54
61 17 38
61 18 20
61 19 41
61 22 55
61 25 27
61 28 41
61 31 55
61 34 40
61 38 49
61 39 55
61 40 31
61 45 19
61 46 40
61 49 42
61 52 34
61 54 20
61 56 25
61 57 53
61 58 51
61 59 21
61 60 24
61 63 16
61 65 56
61 67 28
61 71 40
61 72 23
61 73 55
61 74 41
61 77 16
61 79 48
61 83 42
61 84 50
61 90 34
61 91 35
61 93 37
61 95 28
61 98 45
61 99 47
61 101 26
61 105 29
61 107 57
61 108 31
61 109 32
61 113 47
61 115 43
61 117 51
61 119 35
61 120 22
61 121 35
61 123 49
61 124 27
62 8 54
62 9 34
62 10 30
62 11 49
62 16 25
62 18 47
62 19 16
62 21 51
62 22 56
62 28 35
62 29 37
62 32 32
62 33 30
62 36 52
62 38 58
62 39 19
62 41 23
62 42 39
62 45 43
62 48 58
62 49 56
62 50 33
62 52 28
62 55 34
62 56 49
62 57 20
62 68 43
62 71 34
62 72 35
62 74 46
62 81 18
62 82 38
62 83 57
62 85 50
62 88 16
62 92 30
62 93 22
62 94 51
62 95 55
62 98 17
62 99 33
62 100 49
62 102 58
62 109 51
62 111 37
62 113 24
62 115 39
62 116 46
62 118 33
62 120 47
62 121 44
62 122 26
62 124 47
63 1 54
63 2 49
63 3 44
63 5 47
63 6 23
63 7 46
63 8 30
63 13 22
63 14 37
63 17 54
63 19 23
63 20 33
63 22 18
63 24 32
63 25 20
63 26 23
63 27 26
63 31 53
63 33 20
63 34 27
63 36 32
63 37 24
63 38 49
63 39 41
63 41 49
63 44 40
63 46 36
63 48 30
63 49 16
63 52 32
63 53 19
63 55 38
63 57 22
63 58 32
63 61 16
63 64 46
63 66 19
63 69 30
63 70 22
63 71 49
63 73 48
63 74 52
63 75 23
63 76 57
63 77 54
63 79 49
63 80 24
63 85 29
63 89 55
63 91 36
63 92 24
63 94 19
63 97 49
63 99 19
63 102 26
63 105 42
63 106 20
63 108 25
63 109 47
63 110 55
63 113 55
63 114 54
63 115 28
63 116 22
63 118 39
63 121 32
63 123 50
64 1 32
64 2 42
64 4 40
64 5 27
64 7 26
64 8 31
64 9 16
64 10 56
64 13 53
64 15 47
64 16 54
64 19 50
64 21 38
64 22 50
64 24 25
64 25 55
64 27 57
64 29 16
64 32 38
64 33 30
64 34 26
64 38 25
64 40 21
64 41 40
64 43 45
64 45 42
64 47 55
64 50 52
64 51 33
64 52 18
64 56 36
64 60 56
64 63 46
64 65 34
64 68 28
64 69 36
64 71 19
64 72 38
64 75 37
64 76 26
64 78 26
64 80 29
64 83 45
64 84 41
64 85 37
64 87 16
64 88 23
64 89 31
64 96 51
64 97 34
64 99 41
64 100 23
64 102 19
64 103 29
64 105 23
64 106 28
64 108 50
64 110 48
64 111 20
64 112 20
64 113 57
64 118 42
64 121 29
64 122 40
64 t 29
65 1 36
65 2 56
65 5 23
65 10 44
65 11 39
65 15 55
65 16 21
65 17 23
65 18 50
65 19 28
65 20 17
65 21 25
65 23 18
65 24 34
65 26 50
65 27 56
65 28 40
65 29 23
65 30 32
65 31 45
65 33 18
65 34 54
65 37 16
65 38 47
65 39 49
65 42 27
65 44 36
65 45 32
65 48 32
65 49 47
65 50 23
65 51 33
65 52 26
65 54 16
65 60 37
65 61 56
65 64 34
65 67 42
65 68 40
65 69 47
65 70 41
65 73 29
65 74 33
65 79 28
65 80 24
65 81 42
65 83 39
65 84 39
65 85 39
65 87 21
65 91 31
65 94 50
65 96 26
65 97 40
65 100 37
65 102 21
65 103 41
65 108 49
65 112 49
65 114 43
65 115 28
65 119 51
65 120 54
65 122 21
65 123 16
65 124 42
66 1 39
66 4 40
66 5 19
66 8 45
66 10 25
66 11 16
66 14 18
66 15 43
66 16 25
66 17 58
66 19 22
66 21 34
66 22 53
66 25 57
66 26 26
66 27 23
66 31 44
66 32 51
66 33 24
66 34 55
66 35 25
66 36 45
66 38 23
66 39 24
66 41 29
66 43 26
66 48 52
66 52 51
66 55 51
66 56 21
66 57 41
66 63 19
66 70 52
66 72 17
66 73 42
66 75 22
66 76 25
66 79 37
66 82 28
66 84 56
66 85 52
66 88 52
66 89 44
66 90 17
66 91 26
66 94 42
66 95 39
66 96 36
66 97 49
66 98 56
66 99 23
66 100 17
66 104 24
66 105 16
66 106 57
66 107 34
66 110 23
66 111 25
66 112 50
66 113 40
66 114 33
66 117 23
66 118 21
66 119 54
66 121 16
66 124 57
67 2 33
67 3 47
67 5 48
67 9 48
67 11 57
67 12 50
67 13 32
67 14 36
67 15 49
67 16 52
67 18 51
67 21 27
67 25 42
67 26 38
67 30 49
67 32 23
67 33 20
67 34 26
67 35 41
67 37 17
67 38 50
67 40 35
67 44 27
67 46 30
67 50 18
67 56 44
67 57 31
67 61 28
67 65 42
67 68 36
67 69 56
67 71 57
67 72 32
67 75 53
67 78 48
67 79 25
67 80 48
67 81 36
67 82 51
67 83 46
67 86 49
67 87 21
67 88 41
67 89 19
67 91 51
67 92 43
67 98 23
67 99 43
67 100 46
67 101 31
67 103 39
67 104 50
67 107 21
67 109 57
67 112 45
67 113 55
67 116 30
67 118 33
67 120 19
67 121 42
67 122 42
68 1 50
68 2 31
68 4 30
68 5 29
68 7 47
68 10 29
68 12 44
68 13 17
68 14 47
68 15 45
68 16 42
68 17 22
68 19 19
68 20 28
68 22 50
68 24 47
68 26 25
68 28 32
68 29 36
68 31 42
68 33 58
68 35 24
68 36 52
68 39 27
68 41 53
68 43 30
68 45 29
68 46 27
68 50 40
68 51 20
68 52 18
68 56 33
68 58 30
68 59 53
68 62 43
68 64 28
68 65 40
68 67 36
68 70 36
68 72 29
68 73 40
68 77 22
68 79 32
68 83 55
68 84 34
68 89 54
68 90 16
68 92 48
68 96 48
68 98 52
68 100 16
68 102 44
68 105 54
68 107 38
68 108 39
68 109 35
68 110 58
68 111 18
68 112 55
68 113 18
68 114 40
68 115 20
68 116 31
68 t 45
69 1 33
69 3 23
69 4 21
69 6 51
69 9 18
69 10 18
69 13 17
69 17 30
69 18 18
69 19 29
69 23 42
69 30 28
69 33 47
69 34 43
69 39 21
69 44 20
69 45 58
69 46 38
69 52 19
69 57 54
69 58 39
69 59 22
69 63 30
69 64 36
69 65 47
69 67 56
69 73 35
69 74 40
69 75 56
69 77 23
69 79 53
69 80 23
69 82 18
69 83 49
69 85 20
69 87 17
69 88 38
69 90 38
69 91 22
69 93 24
69 95 27
69 96 43
69 97 34
69 98 45
69 99 31
69 101 20
69 102 25
69 105 28
69 106 54
69 107 28
69 110 17
69 111 31
69 113 57
69 115 55
69 116 56
69 118 47
69 119 47
69 120 36
69 121 54
69 124 16
69 t 24
70 4 22
70 5 49
70 7 20
70 8 51
70 11 48
70 15 37
70 16 31
70 19 47
70 24 18
70 26 46
70 28 45
70 32 43
70 33 24
70 34 57
70 35 32
70 37 16
70 39 19
70 40 45
70 43 41
70 49 17
70 51 56
70 52 48
70 54 55
70 58 19
70 63 22
70 65 41
70 66 52
70 68 36
70 71 58
70 74 16
70 80 37
70 81 35
70 85 41
70 86 19
70 88 19
70 89 38
70 92 48
70 94 25
70 95 51
70 97 18
70 99 50
70 101 25
70 103 49
70 104 22
70 106 53
70 110 33
70 111 16
70 112 57
70 113 28
70 115 47
70 117 39
70 120 55
71 1 21
71 3 32
71 4 52
71 6 27
71 8 44
71 9 45
71 10 16
71 11 36
71 12 29
71 13 23
71 14 53
71 17 44
71 22 40
71 23 21
71 24 23
71 25 19
71 29 31
71 30 35
71 32 47
71 34 52
71 35 48
71 36 26
71 37 20
71 38 23
71 41 31
71 45 48
71 46 35
71 47 30
71 49 27
71 53 46
71 54 38
71 55 18
71 56 40
71 57 47
71 58 30
71 59 31
71 61 40
71 62 34
71 63 49
71 64 19
71 67 57
71 70 58
71 73 47
71 75 57
71 78 17
71 81 35
71 83 43
71 86 48
71 87 22
71 88 45
71 89 51
71 91 39
71 94 35
71 95 43
71 96 58
71 99 24
71 100 49
71 101 27
71 102 56
71 103 58
71 105 26
71 106 28
71 111 33
71 112 43
71 113 21
71 116 19
71 119 45
71 120 29
71 121 29
71 123 40
71 t 56
72 1 34
72 3 46
72 4 49
72 7 33
72 9 47
72 12 33
72 14 20
72 21 54
72 23 56
72 24 25
72 25 56
72 26 37
72 29 37
72 30 20
72 31 56
72 34 31
72 35 32
72 37 57
72 39 36
72 41 41
72 42 38
72 43 46
72 44 57
72 45 58
72 47 46
72 49 42
72 50 21
72 51 36
72 52 57
72 53 25
72 54 21
72 55 47
72 56 47
72 57 47
72 60 24
72 61 23
72 62 35
72 64 38
72 66 17
72 67 32
72 68 29
72 73 33
72 74 41
72 75 57
72 77 41
72 79 17
72 82 36
72 83 55
72 85 55
72 88 25
72 91 54
72 96 23
72 97 20
72 103 18
72 104 47
72 106 30
72 107 19
72 108 43
72 110 52
72 111 51
72 112 22
72 113 51
72 114 19
72 117 29
72 118 33
72 122 31
72 t 32
73 1 49
73 2 20
73 3 45
73 4 18
73 6 46
73 7 57
73 9 33
73 10 21
73 11 17
73 13 46
73 14 27
73 15 57
73 20 53
73 21 58
73 22 35
73 23 19
73 25 50
73 27 34
73 30 44
73 32 55
73 35 35
73 39 23
73 42 41
73 43 54
73 49 55
73 50 42
73 51 39
73 52 36
73 53 51
73 54 34
73 56 56
73 57 51
73 60 26
73 61 55
73 63 48
73 65 29
73 66 42
73 68 40
73 69 35
73 71 47
73 72 33
73 75 22
73 76 27
73 79 31
73 81 24
73 82 32
73 84 23
73 85 32
73 86 43
73 88 38
73 89 42
73 90 19
73 91 33
73 93 20
73 95 24
73 96 16
73 99 40
73 100 20
73 101 24
73 102 16
73 104 26
73 107 19
73 110 18
73 111 33
73 112 58
73 116 47
73 117 53
73 118 24
73 119 33
73 122 25
73 t 47
74 2 34
74 5 49
74 7 43
74 17 57
74 19 47
74 22 18
74 23 56
74 28 22
74 30 27
74 33 24
74 34 46
74 36 49
74 37 37
74 38 49
74 39 50
74 41 18
74 43 35
74 47 37
74 48 53
74 52 18
74 54 38
74 55 39
74 56 39
74 57 28
74 61 41
74 62 46
74 63 52
74 65 33
74 69 40
74 70 16
74 72 41
74 75 50
74 79 35
74 80 57
74 81 22
74 83 37
74 84 49
74 94 28
74 96 26
74 98 20
74 99 50
74 103 38
74 104 36
74 105 44
74 106 21
74 114 44
74 116 16
74 117 58
74 119 32
74 124 46
74 t 58
75 6 40
75 8 54
75 10 50
75 13 26
75 17 32
75 19 58
75 20 17
75 23 54
75 24 26
75 27 17
75 29 51
75 30 32
75 31 56
75 32 45
75 33 56
75 37 18
75 42 50
75 45 55
75 46 36
75 48 55
75 50 36
75 51 21
75 54 34
75 55 17
75 57 48
75 60 17
75 63 23
75 64 37
75 66 22
75 67 53
75 69 56
75 71 57
75 72 57
75 73 22
75 74 50
75 77 17
75 78 49
75 80 35
75 81 25
75 82 42
75 83 23
75 86 55
75 91 24
75 92 23
75 94 32
75 95 50
75 96 43
75 101 42
75 103 33
75 106 25
75 107 39
75 109 52
75 110 25
75 111 54
75 112 53
75 114 51
75 119 58
75 121 42
75 123 51
75 t 47
76 1 34
76 2 51
76 3 42
76 4 18
76 5 29
76 7 53
76 8 19
76 11 43
76 12 53
76 15 17
76 16 41
76 17 55
76 20 44
76 24 43
76 25 23
76 26 46
76 32 31
76 33 21
76 39 26
76 41 40
76 43 32
76 46 57
76 48 18
76 49 49
76 50 18
76 52 24
76 53 27
76 54 35
76 56 32
76 57 44
76 59 26
76 60 55
76 63 57
76 64 26
76 66 25
76 73 27
76 77 39
76 80 30
76 81 33
76 82 19
76 83 26
76 84 17
76 86 19
76 87 41
76 90 17
76 91 45
76 92 28
76 93 50
76 94 46
76 95 38
76 98 38
76 101 37
76 104 45
76 106 48
76 110 51
76 112 17
76 113 39
76 115 48
76 117 55
76 118 56
76 119 49
76 122 46
77 1 31
77 2 58
77 3 44
77 5 26
77 6 53
77 7 19
77 9 39
77 12 56
77 13 45
77 15 22
77 16 28
77 17 28
77 18 34
77 19 47
77 20 41
77 22 49
77 23 27
77 25 23
77 28 27
77 31 48
77 33 42
77 35 30
77 37 16
77 38 21
77 40 50
77 41 47
77 42 36
77 46 55
77 47 35
77 48 49
77 49 37
77 50 19
77 51 42
77 52 38
77 53 30
77 54 46
77 55 30
77 58 24
77 60 29
77 61 16
77 63 54
77 68 22
77 69 23
77 72 41
77 75 17
77 76 39
77 79 21
77 80 42
77 84 54
77 85 48
77 87 43
77 88 23
77 89 49
77 91 25
77 93 43
77 94 26
77 95 18
77 98 30
77 101 51
77 103 51
77 104 44
77 105 18
77 106 26
77 108 57
77 109 50
77 110 25
77 113 52
77 114 40
77 115 36
77 116 19
77 118 22
77 120 53
77 121 30
77 123 41
77 124 18
77 t 41
78 1 50
78 2 45
78 5 38
78 6 44
78 7 52
78 8 39
78 11 48
78 12 17
78 13 17
78 15 55
78 17 34
78 18 42
78 19 58
78 20 51
78 25 38
78 26 42
78 28 52
78 31 24
78 33 22
78 36 43
78 40 53
78 44 53
78 45 44
78 46 17
78 53 38
78 55 29
78 57 18
78 59 34
78 60 24
78 64 26
78 67 48
78 71 17
78 75 49
78 81 46
78 85 43
78 86 50
78 88 29
78 89 46
78 90 44
78 91 35
78 100 56
78 101 48
78 102 43
78 106 37
78 108 20
78 110 27
78 111 58
78 113 28
78 117 46
78 119 50
78 120 23
78 121 40
78 122 38
78 124 18
78 t 35
79 1 24
79 2 52
79 4 27
79 6 38
79 7 24
79 18 25
79 19 21
79 20 30
79 21 41
79 22 56
79 27 18
79 28 35
79 29 25
79 31 42
79 33 25
79 37 26
79 38 50
79 41 51
79 42 37
79 43 35
79 47 52
79 48 52
79 49 45
79 50 33
79 53 39
79 59 21
79 61 48
79 63 49
79 65 28
79 66 37
79 67 25
79 68 32
79 69 53
79 72 17
79 73 31
79 74 35
79 77 21
79 81 52
79 82 18
79 83 30
79 84 46
79 86 29
79 87 34
79 90 50
79 95 41
79 97 33
79 98 25
79 103 24
79 105 32
79 106 27
79 110 34
79 113 47
79 114 22
79 115 44
79 116 31
79 118 41
79 122 34
80 1 21
80 2 51
80 3 48
80 4 43
80 5 28
80 7 34
80 11 54
80 14 50
80 16 56
80 23 42
80 26 48
80 27 41
80 29 51
80 31 31
80 32 27
80 33 52
80 34 37
80 41 31
80 42 34
80 44 30
80 46 36
80 49 43
80 50 42
80 51 43
80 52 44
80 53 48
80 54 36
80 55 52
80 60 24
80 63 24
80 64 29
80 65 24
80 67 48
80 69 23
80 70 37
80 74 57
80 75 35
80 76 30
80 77 42
80 81 18
80 82 21
80 85 25
80 90 28
80 92 36
80 96 25
80 98 43
80 99 54
80 103 37
80 104 31
80 105 43
80 108 39
80 110 38
80 111 43
80 113 50
80 114 40
80 115 18
80 119 38
80 122 22
80 124 40
80 t 51
81 1 32
81 2 34
81 3 31
81 7 20
81 8 17
81 9 40
81 11 23
81 19 45
81 22 30
81 25 58
81 29 50
81 30 34
81 33 37
81 35 19
81 36 57
81 38 52
81 42 38
81 44 30
81 45 44
81 46 53
81 50 16
81 51 22
81 52 16
81 53 41
81 56 26
81 57 16
81 58 52
81 60 22
81 62 18
81 65 42
81 67 36
81 70 35
81 71 35
81 73 24
81 74 22
81 75 25
81 76 33
81 78 46
81 79 52
81 80 18
81 82 30
81 84 58
81 85 24
81 86 26
81 87 28
81 90 17
81 93 33
81 95 53
81 97 17
81 98 46
81 102 17
81 103 58
81 105 42
81 109 44
81 110 26
81 111 28
81 114 39
81 116 20
81 121 20
81 123 25
81 124 19
82 1 53
82 2 26
82 5 26
82 6 44
82 9 26
82 14 42
82 16 30
82 17 46
82 18 40
82 19 45
82 21 45
82 22 28
82 23 47
82 24 57
82 26 45
82 29 51
82 30 34
82 31 26
82 33 40
82 34 49
82 35 36
82 37 20
82 38 35
82 39 41
82 40 24
82 42 33
82 43 19
82 44 16
82 45 39
82 46 25
82 47 43
82 50 48
82 54 54
82 55 24
82 57 54
82 58 53
82 59 47
82 60 41
82 62 38
82 66 28
82 67 51
82 69 18
82 72 36
82 73 32
82 75 42
82 76 19
82 79 18
82 80 21
82 81 30
82 84 38
82 87 16
82 91 31
82 93 18
82 101 53
82 105 24
82 106 35
82 107 56
82 108 37
82 112 21
82 115 49
82 117 49
82 120 48
82 121 31
82 122 50
82 123 24
82 124 56
83 1 28
83 6 19
83 7 50
83 8 29
83 9 34
83 10 31
83 12 16
83 14 35
83 16 30
83 17 56
83 18 32
83 19 56
83 20 31
83 21 23
83 23 36
83 25 50
83 27 34
83 28 34
83 29 39
83 31 50
83 32 23
83 33 30
83 34 32
83 36 39
83 37 24
83 39 36
83 45 38
83 46 42
83 48 58
83 49 19
83 50 33
83 51 32
83 57 40
83 58 49
83 60 54
83 61 42
83 62 57
83 64 45
83 65 39
83 67 46
83 68 55
83 69 49
83 71 43
83 72 55
83 74 37
83 75 23
83 76 26
83 79 30
83 85 52
83 87 21
83 89 47
83 90 28
83 91 24
83 93 40
83 95 16
83 99 54
83 100 20
83 101 24
83 104 57
83 109 56
83 110 32
83 112 42
83 114 18
83 115 55
83 116 32
83 117 43
83 120 47
83 121 52
83 122 18
83 124 36
83 t 40
84 3 42
84 4 35
84 5 42
84 7 37
84 8 31
84 10 21
84 11 17
84 12 38
84 14 54
84 15 38
84 20 52
84 21 28
84 23 39
84 25 33
84 29 19
84 30 39
84 31 24
84 34 40
84 35 43
84 36 52
84 40 17
84 45 38
84 46 37
84 47 55
84 48 54
84 50 27
84 58 23
84 60 24
84 61 50
84 64 41
84 65 39
84 66 56
84 68 34
84 73 23
84 74 49
84 76 17
84 77 54
84 79 46
84 81 58
84 82 38
84 88 22
84 89 49
84 91 54
84 94 45
84 96 30
84 101 38
84 102 20
84 103 27
84 106 24
84 107 50
84 108 26
84 109 37
84 110 55
84 112 47
84 114 17
84 115 39
84 116 29
84 117 34
84 118 39
84 119 57
84 120 27
84 121 36
84 123 43
84 t 22
85 2 30
85 4 49
85 5 49
85 8 52
85 9 50
85 10 21
85 11 38
85 12 38
85 14 39
85 16 24
85 18 28
85 19 34
85 20 38
85 25 20
85 27 49
85 29 38
85 34 35
85 37 44
85 39 52
85 40 35
85 42 38
85 45 49
85 51 23
85 56 45
85 60 53
85 62 50
85 63 29
85 64 37
85 65 39
85 66 52
85 69 20
85 70 41
85 72 55
85 73 32
85 77 48
85 78 43
85 80 25
85 81 24
85 83 52
85 86 33
85 87 17
85 89 56
85 90 31
85 91 39
85 93 48
85 94 17
85 95 39
85 97 55
85 100 26
85 101 26
85 103 52
85 104 29
85 105 53
85 106 23
85 110 55
85 111 51
85 113 57
85 115 36
85 116 24
85 117 24
85 118 20
85 119 23
85 120 40
85 122 46
85 123 18
86 4 41
86 5 31
86 6 24
86 8 33
86 10 44
86 16 45
86 18 58
86 19 29
86 21 18
86 23 30
86 25 17
86 26 38
86 28 57
86 29 31
86 30 28
86 33 39
86 35 58
86 37 53
86 38 43
86 40 32
86 43 20
86 45 26
86 48 54
86 52 33
86 53 50
86 54 52
86 56 51
86 59 31
86 60 24
86 67 49
86 70 19
86 71 48
86 73 43
86 75 55
86 76 19
86 78 50
86 79 29
86 81 26
86 85 33
86 88 54
86 93 20
86 95 58
86 96 52
86 97 29
86 98 37
86 101 18
86 102 44
86 103 55
86 105 49
86 107 56
86 110 27
86 115 37
86 117 50
86 t 55
87 2 50
87 4 37
87 5 36
87 9 16
87 10 46
87 14 32
87 15 29
87 20 49
87 21 57
87 25 53
87 26 46
87 28 30
87 29 44
87 30 25
87 32 54
87 33 43
87 34 17
87 37 32
87 38 57
87 45 20
87 48 28
87 50 35
87 51 38
87 52 53
87 53 34
87 54 17
87 55 47
87 56 17
87 57 17
87 58 33
87 59 33
87 64 16
87 65 21
87 67 21
87 69 17
87 71 22
87 76 41
87 77 43
87 79 34
87 81 28
87 82 16
87 83 21
87 85 17
87 91 45
87 94 49
87 95 27
87 101 29
87 103 16
87 105 54
87 106 43
87 107 36
87 108 54
87 112 46
87 113 27
87 114 23
87 117 54
87 118 39
87 119 53
87 121 39
87 124 55
88 3 42
88 6 35
88 7 37
88 8 51
88 16 46
88 17 40
88 20 34
88 24 57
88 25 52
88 26 37
88 27 22
88 28 48
88 29 46
88 30 50
88 33 58
88 35 37
88 37 16
88 39 16
88 40 52
88 41 44
88 42 57
88 44 33
88 46 50
88 48 28
88 49 52
88 51 28
88 58 52
88 60 42
88 62 16
88 64 23
88 66 52
88 67 41
88 69 38
88 70 19
88 71 45
88 72 25
88 73 38
88 77 23
88 78 29
88 84 22
88 86 54
88 89 24
88 90 55
88 91 17
88 98 45
88 99 39
88 100 41
88 102 48
88 103 37
88 105 34
88 108 16
88 109 17
88 110 48
88 113 52
88 116 24
88 118 39
88 119 43
88 120 44
88 121 55
88 124 51
89 1 54
89 2 31
89 4 55
89 6 57
89 8 47
89 9 22
89 11 58
89 12 30
89 18 16
89 19 49
89 20 52
89 21 21
89 22 40
89 24 51
89 25 54
89 26 31
89 27 16
89 28 58
89 30 32
89 31 31
89 33 54
89 36 54
89 41 51
89 42 38
89 44 55
89 48 52
89 51 36
89 54 46
89 57 31
89 58 51
89 59 49
89 63 55
89 64 31
89 66 44
89 67 19
89 68 54
89 70 38
89 71 51
89 73 42
89 77 49
89 78 46
89 83 47
89 84 49
89 85 56
89 88 24
89 90 37
89 91 21
89 93 29
89 94 48
89 95 48
89 97 45
89 99 42
89 100 31
89 102 58
89 108 43
89 110 52
89 114 51
89 118 16
89 120 42
89 121 53
89 124 49
89 t 48
90 5 25
90 7 46
90 10 39
90 11 43
90 13 41
90 17 36
90 18 57
90 21 39
90 22 36
90 23 30
90 24 49
90 25 50
90 29 31
90 32 46
90 37 50
90 39 21
90 40 45
90 41 27
90 42 40
90 43 53
90 44 17
90 45 25
90 48 43
90 49 27
90 50 18
90 53 22
90 54 51
90 61 34
90 66 17
90 68 16
90 69 38
90 73 19
90 76 17
90 78 44
90 79 50
90 80 28
90 81 17
90 83 28
90 85 31
90 88 55
90 89 37
90 92 33
90 93 50
90 95 42
90 96 28
90 99 29
90 101 19
90 102 23
90 104 33
90 105 46
90 106 38
90 109 46
90 110 39
90 111 26
90 117 28
90 118 52
90 122 23
90 123 51
90 t 33
91 1 52
91 2 38
91 5 27
91 6 47
91 7 44
91 8 29
91 9 57
91 11 22
91 12 41
91 13 27
91 14 56
91 15 24
91 19 36
91 20 34
91 21 48
91 23 52
91 24 50
91 28 57
91 29 36
91 32 40
91 34 35
91 35 26
91 38 38
91 40 49
91 41 17
91 42 47
91 43 51
91 51 50
91 52 54
91 53 20
91 58 50
91 61 35
91 63 36
91 65 31
91 66 26
91 67 51
91 69 22
91 71 39
91 72 54
91 73 33
91 75 24
91 76 45
91 77 25
91 78 35
91 82 31
91 83 24
91 84 54
91 85 39
91 87 45
91 88 17
91 89 21
91 92 24
91 93 21
91 95 33
91 98 32
91 101 40
91 102 23
91 103 33
91 104 30
91 105 35
91 107 17
91 108 16
91 109 54
91 110 39
91 111 35
91 119 51
91 122 21
91 123 50
91 124 49
92 2 30
92 3 17
92 4 18
92 5 49
92 6 18
92 8 17
92 9 53
92 10 56
92 11 26
92 12 40
92 14 52
92 15 28
92 17 54
92 18 28
92 20 54
92 23 23
92 26 40
92 27 42
92 29 30
92 32 41
92 35 58
92 36 53
92 38 22
92 39 45
92 40 48
92 41 34
92 43 54
92 44 28
92 45 20
92 47 16
92 49 42
92 52 38
92 54 44
92 56 53
92 57 27
92 60 36
92 62 30
92 63 24
92 67 43
92 68 48
92 70 48
92 75 23
92 76 28
92 80 36
92 90 33
92 91 24
92 93 41
92 99 46
92 100 18
92 101 35
92 103 52
92 104 54
92 108 46
92 110 30
92 112 56
92 113 51
92 114 40
92 115 57
92 118 49
92 119 39
92 120 48
92 122 29
92 123 41
92 t 37
93 3 30
93 5 35
93 6 45
93 8 58
93 11 16
93 13 57
93 14 22
93 17 26
93 18 23
93 20 35
93 22 48
93 24 53
93 25 58
93 29 17
93 30 50
93 31 52
93 32 20
93 33 35
93 34 43
93 35 37
93 37 56
93 38 42
93 39 44
93 41 48
93 42 45
93 43 56
93 44 34
93 45 19
93 50 57
93 56 45
93 57 34
93 58 46
93 61 37
93 62 22
93 69 24
93 73 20
93 76 50
93 77 43
93 81 33
93 82 18
93 83 40
93 85 48
93 86 20
93 89 29
93 90 50
93 91 21
93 92 41
93 94 16
93 95 16
93 98 51
93 101 42
93 103 48
93 104 48
93 108 18
93 110 47
93 111 47
93 112 40
93 113 21
93 115 55
93 117 32
93 118 28
93 121 34
93 t 28
94 1 18
94 3 53
94 5 33
94 8 30
94 9 20
94 10 33
94 13 42
94 14 53
94 15 18
94 16 23
94 17 28
94 19 48
94 23 55
94 26 42
94 28 25
94 30 39
94 32 50
94 35 26
94 36 40
94 38 57
94 41 23
94 43 54
94 47 43
94 48 35
94 53 39
94 56 40
94 62 51
94 63 19
94 65 50
94 66 42
94 70 25
94 71 35
94 74 28
94 75 32
94 76 46
94 77 26
94 84 45
94 85 17
94 87 49
94 89 48
94 93 16
94 95 21
94 97 36
94 99 30
94 106 23
94 108 18
94 115 25
94 116 50
94 123 44
94 t 50
95 2 43
95 7 27
95 10 17
95 11 28
95 12 25
95 13 21
95 15 18
95 16 31
95 18 56
95 19 18
95 20 21
95 21 20
95 22 37
95 25 21
95 26 53
95 29 28
95 32 38
95 33 29
95 41 56
95 42 16
95 43 22
95 45 26
95 46 52
95 52 24
95 55 28
95 56 26
95 57 32
95 58 26
95 59 25
95 60 45
95 61 28
95 62 55
95 66 39
95 69 27
95 70 51
95 71 43
95 73 24
95 75 50
95 76 38
95 77 18
95 79 41
95 81 53
95 83 16
95 85 39
95 86 58
95 87 27
95 89 48
95 90 42
95 91 33
95 93 16
95 94 21
95 101 45
95 102 44
95 104 18
95 107 31
95 109 30
95 110 26
95 113 36
95 115 36
95 119 57
95 122 34
95 124 29
96 1 36
96 2 45
96 4 28
96 6 47
96 9 20
96 10 38
96 12 43
96 13 34
96 14 49
96 17 27
96 19 25
96 20 35
96 23 44
96 28 21
96 29 21
96 32 29
96 33 28
96 39 54
96 40 44
96 41 54
96 42 56
96 45 54
96 47 45
96 48 39
96 49 35
96 52 46
96 54 31
96 55 39
96 57 56
96 58 17
96 60 23
96 64 51
96 65 26
96 66 36
96 68 48
96 69 43
96 71 58
96 72 23
96 73 16
96 74 26
96 75 43
96 80 25
96 84 30
96 86 52
96 90 28
96 97 44
96 98 38
96 99 35
96 100 56
96 104 31
96 105 38
96 106 25
96 107 26
96 109 31
96 110 27
96 113 31
96 114 34
96 115 50
96 118 16
96 121 30
96 123 17
96 t 34
97 2 39
97 3 29
97 6 25
97 8 44
97 12 56
97 13 39
97 15 30
97 18 51
97 21 30
97 23 34
97 24 32
97 30 57
97 32 52
97 38 36
97 41 35
97 42 26
97 44 46
97 46 30
97 50 58
97 51 41
97 52 58
97 54 49
97 56 31
97 59 19
97 60 41
97 63 49
97 64 34
97 65 40
97 66 49
97 69 34
97 70 18
97 72 20
97 79 33
97 81 17
97 85 55
97 86 29
97 89 45
97 94 36
97 96 44
97 99 50
97 103 29
97 104 17
97 106 26
97 109 29
97 110 42
97 113 20
97 114 18
97 118 31
97 121 30
97 t 35
98 1 28
98 2 39
98 3 46
98 5 19
98 6 24
98 7 35
98 10 43
98 11 35
98 13 44
98 14 37
98 22 30
98 24 18
98 25 35
98 26 39
98 30 18
98 33 58
98 34 54
98 36 41
98 37 55
98 39 36
98 40 29
98 41 55
98 42 44
98 45 40
98 49 28
98 51 32
98 53 29
98 55 57
98 56 43
98 59 20
98 60 33
98 61 45
98 62 17
98 66 56
98 67 23
98 68 52
98 69 45
98 74 20
98 76 38
98 77 30
98 79 25
98 80 43
98 81 46
98 86 37
98 88 45
98 91 32
98 93 51
98 96 38
98 99 45
98 100 21
98 101 58
98 103 35
98 104 17
98 105 45
98 107 20
98 109 18
98 112 17
98 115 41
98 118 29
98 119 25
98 120 43
98 124 48
98 t 46
99 2 47
99 3 50
99 6 50
99 11 16
99 13 23
99 18 25
99 19 22
99 20 28
99 21 49
99 23 44
99 24 57
99 25 16
99 26 49
99 27 36
99 32 37
99 33 53
99 34 53
99 36 29
99 38 18
99 43 57
99 45 21
99 46 51
99 48 45
99 49 52
99 50 21
99 51 58
99 52 34
99 53 25
99 55 37
99 56 50
99 57 16
99 59 46
99 61 47
99 62 33
99 63 19
99 64 41
99 66 23
99 67 43
99 69 31
99 70 50
99 71 24
99 73 40
99 74 50
99 80 54
99 83 54
99 88 39
99 89 42
99 90 29
99 92 46
99 94 30
99 96 35
99 97 50
99 98 45
99 100 38
99 101 19
99 102 43
99 104 45
99 105 46
99 106 26
99 107 21
99 108 39
99 109 56
99 110 56
99 111 18
99 115 51
99 118 35
99 119 48
99 120 21
99 121 58
99 122 18
99 124 29
100 1 45
100 3 47
100 5 54
100 6 40
100 7 44
100 8 30
100 10 52
100 12 30
100 13 29
100 14 22
100 15 44
100 17 42
100 19 58
100 24 30
100 25 26
100 26 55
100 27 23
100 28 27
100 32 18
100 38 52
100 39 21
100 40 24
100 41 18
100 43 39
100 46 40
100 47 54
100 49 53
100 51 24
100 53 39
100 56 45
100 58 20
100 59 39
100 62 49
100 64 23
100 65 37
100 66 17
100 67 46
100 68 16
100 71 49
100 73 20
100 78 56
100 83 20
100 85 26
100 88 41
100 89 31
100 92 18
100 96 56
100 98 21
100 99 38
100 102 18
100 107 19
100 108 48
100 111 52
100 113 28
100 118 45
100 119 46
100 120 31
100 122 35
100 123 48
100 124 45
101 1 49
101 4 28
101 5 55
101 7 17
101 9 40
101 10 47
101 13 54
101 14 24
101 16 25
101 18 46
101 19 29
101 20 42
101 21 49
101 22 23
101 23 39
101 24 40
101 25 36
101 31 56
101 38 25
101 40 16
101 41 26
101 42 23
101 44 57
101 45 50
101 46 24
101 48 22
101 50 49
101 52 45
101 53 17
101 54 56
101 55 40
101 57 55
101 61 26
101 67 31
101 69 20
101 70 25
101 71 27
101 73 24
101 75 42
101 76 37
101 77 51
101 78 48
101 82 53
101 83 24
101 84 38
101 85 26
101 86 18
101 87 29
101 90 19
101 91 40
101 92 35
101 93 42
101 95 45
101 98 58
101 99 19
101 104 36
101 105 29
101 106 30
101 110 32
101 114 47
101 116 42
101 118 44
101 119 22
101 120 58
101 124 21
102 2 30
102 4 33
102 5 54
102 6 41
102 7 55
102 8 43
102 11 50
102 12 32
102 18 45
102 19 49
102 20 22
102 21 44
102 22 39
102 24 29
102 28 21
102 30 23
102 31 54
102 32 20
102 35 42
102 37 50
102 41 30
102 42 35
102 45 57
102 46 43
102 49 37
102 50 39
102 51 21
102 52 48
102 53 38
102 55 16
102 56 55
102 57 54
102 58 53
102 59 26
102 60 34
102 62 58
102 63 26
102 64 19
102 65 21
102 68 44
102 69 25
102 71 56
102 73 16
102 78 43
102 81 17
102 84 20
102 86 44
102 88 48
102 89 58
102 90 23
102 91 23
102 95 44
102 99 43
102 100 18
102 103 50
102 104 21
102 105 21
102 106 34
102 108 45
102 109 38
102 112 56
102 114 38
102 120 42
102 122 42
102 124 54
103 4 45
103 8 44
103 10 37
103 11 37
103 15 54
103 16 20
103 18 58
103 19 43
103 21 34
103 22 48
103 24 47
103 25 48
103 29 16
103 32 26
103 33 28
103 34 29
103 35 46
103 36 24
103 37 55
103 42 46
103 43 43
103 44 32
103 45 20
103 46 58
103 47 36
103 48 45
103 50 38
103 52 51
103 54 16
103 57 57
103 60 33
103 64 29
103 65 41
103 67 39
103 70 49
103 71 58
103 72 18
103 74 38
103 75 33
103 77 51
103 79 24
103 80 37
103 81 58
103 84 27
103 85 52
103 86 55
103 87 16
103 88 37
103 91 33
103 92 52
103 93 48
103 97 29
103 98 35
103 102 50
103 106 16
103 108 36
103 110 46
103 111 23
103 112 56
103 113 51
103 114 47
103 115 31
103 116 34
103 117 40
103 119 43
103 121 22
103 124 35
103 t 32
104 5 43
104 8 28
104 9 40
104 11 45
104 12 47
104 14 31
104 15 30
104 16 37
104 19 34
104 20 50
104 21 25
104 22 58
104 28 49
104 29 16
104 32 54
104 33 38
104 36 51
104 37 50
104 39 23
104 41 34
104 44 47
104 50 55
104 51 16
104 53 52
104 54 18
104 57 43
104 58 37
104 66 24
104 67 50
104 70 22
104 72 47
104 73 26
104 74 36
104 76 45
104 77 44
104 80 31
104 83 57
104 85 29
104 90 33
104 91 30
104 92 54
104 93 48
104 95 18
104 96 31
104 97 17
104 98 17
104 99 45
104 101 36
104 102 21
104 106 52
104 107 18
104 112 57
104 114 31
104 118 51
104 122 57
104 123 29
104 124 51
104 t 51
105 1 34
105 8 57
105 11 23
105 12 52
105 14 46
105 15 34
105 17 52
105 18 41
105 19 39
105 21 23
105 27 45
105 28 49
105 31 40
105 34 37
105 35 28
105 37 48
105 39 31
105 40 34
105 42 32
105 44 27
105 45 16
105 47 41
105 48 50
105 49 26
105 51 29
105 53 34
105 54 23
105 56 56
105 58 29
105 59 23
105 60 48
105 61 29
105 63 42
105 64 23
105 66 16
105 68 54
105 69 28
105 71 26
105 74 44
105 77 18
105 79 32
105 80 43
105 81 42
105 82 24
105 85 53
105 86 49
105 87 54
105 88 34
105 90 46
105 91 35
105 96 38
105 98 45
105 99 46
105 101 29
105 102 21
105 106 34
105 108 38
105 110 42
105 112 42
105 113 52
105 114 55
105 115 27
105 116 42
105 118 29
105 122 22
105 123 35
105 124 20
105 t 18
106 2 49
106 3 57
106 4 57
106 8 36
106 9 43
106 11 32
106 15 51
106 16 43
106 19 56
106 23 28
106 25 19
106 27 19
106 28 41
106 30 40
106 31 42
106 32 47
106 34 36
106 38 51
106 39 50
106 40 57
106 42 36
106 44 37
106 45 28
106 48 19
106 51 35
106 52 37
106 55 27
106 60 25
106 63 20
106 64 28
106 66 57
106 69 54
106 70 53
106 71 28
106 72 30
106 74 21
106 75 25
106 76 48
106 77 26
106 78 37
106 79 27
106 82 35
106 84 24
106 85 23
106 87 43
106 90 38
106 94 23
106 96 25
106 97 26
106 99 26
106 101 30
106 102 34
106 103 16
106 104 52
106 105 34
106 113 48
106 114 45
106 116 29
106 122 29
106 t 54
107 4 24
107 5 29
107 6 45
107 8 57
107 9 25
107 10 38
107 13 57
107 14 49
107 15 54
107 16 39
107 18 34
107 19 21
107 21 36
107 22 46
107 23 23
107 24 42
107 26 31
107 34 26
107 38 42
107 43 35
107 45 44
107 47 32
107 48 57
107 49 42
107 50 39
107 52 23
107 53 30
107 54 42
107 61 57
107 66 34
107 67 21
107 68 38
107 69 28
107 72 19
107 73 19
107 75 39
107 82 56
107 84 50
107 86 56
107 87 36
107 91 17
107 95 31
107 96 26
107 98 20
107 99 21
107 100 19
107 104 18
107 109 51
107 111 17
107 114 32
107 115 22
107 118 42
107 124 50
108 1 31
108 5 36
108 7 54
108 8 36
108 14 55
108 16 46
108 17 44
108 18 26
108 19 40
108 21 32
108 22 42
108 23 37
108 24 41
108 25 57
108 30 36
108 31 50
108 33 20
108 35 19
108 37 37
108 39 30
108 40 49
108 41 49
108 44 54
108 46 45
108 47 55
108 51 35
108 55 46
108 57 23
108 58 54
108 61 31
108 63 25
108 64 50
108 65 49
108 68 39
108 72 43
108 77 57
108 78 20
108 80 39
108 82 37
108 84 26
108 87 54
108 88 16
108 89 43
108 91 16
108 92 46
108 93 18
108 94 18
108 99 39
108 100 48
108 102 45
108 103 36
108 105 38
108 110 36
108 113 28
108 114 34
108 115 48
108 117 45
108 123 25
108 124 18
109 2 55
109 4 24
109 6 32
109 7 44
109 14 17
109 19 53
109 20 33
109 24 22
109 25 33
109 27 34
109 28 38
109 29 58
109 30 27
109 32 37
109 39 36
109 41 50
109 45 50
109 46 22
109 49 41
109 50 38
109 51 27
109 53 23
109 55 42
109 57 31
109 59 36
109 60 54
109 61 32
109 62 51
109 63 47
109 67 57
109 68 35
109 75 52
109 77 50
109 81 44
109 83 56
109 84 37
109 88 17
109 90 46
109 91 54
109 95 30
109 96 31
109 97 29
109 98 18
109 99 56
109 102 38
109 107 51
109 111 37
109 112 19
109 114 42
109 117 44
109 118 52
109 122 45
109 123 37
110 1 42
110 2 16
110 3 17
110 6 23
110 7 37
110 8 31
110 10 46
110 11 17
110 12 40
110 14 22
110 16 37
110 17 40
110 18 41
110 21 23
110 23 36
110 24 17
110 25 38
110 26 54
110 28 48
110 30 39
110 32 41
110 36 36
110 37 46
110 38 48
110 39 47
110 40 52
110 42 55
110 43 22
110 46 25
110 47 33
110 51 57
110 53 46
110 56 54
110 57 50
110 60 46
110 63 55
110 64 48
110 66 23
110 68 58
110 69 17
110 70 33
110 72 52
110 73 18
110 75 25
110 76 51
110 77 25
110 78 27
110 79 34
110 80 38
110 81 26
110 83 32
110 84 55
110 85 55
110 86 27
110 88 48
110 89 52
110 90 39
110 91 39
110 92 30
110 93 47
110 95 26
110 96 27
110 97 42
110 99 56
110 101 32
110 103 46
110 105 42
110 108 36
110 113 26
110 114 58
110 115 58
110 116 36
110 120 31
110 122 22
111 1 58
111 3 25
111 4 37
111 7 45
111 9 47
111 10 24
111 13 52
111 17 47
111 18 51
111 20 19
111 24 26
111 29 21
111 30 43
111 31 33
111 32 38
111 33 44
111 34 47
111 35 24
111 36 38
111 37 20
111 38 57
111 39 30
111 40 41
111 43 49
111 44 17
111 45 23
111 50 43
111 52 57
111 53 41
111 55 26
111 58 25
111 59 37
111 62 37
111 64 20
111 66 25
111 68 18
111 69 31
111 70 16
111 71 33
111 72 51
111 73 33
111 75 54
111 78 58
111 80 43
111 81 28
111 85 51
111 90 26
111 91 35
111 93 47
111 99 18
111 100 52
111 103 23
111 107 17
111 109 37
111 114 48
111 118 52
111 119 30
111 123 48
111 124 58
112 1 17
112 5 41
112 7 24
112 8 56
112 9 50
112 14 23
112 18 46
112 19 45
112 21 53
112 26 49
112 27 30
112 29 16
112 30 28
112 32 16
112 33 36
112 36 30
112 40 54
112 42 53
112 44 43
112 45 29
112 49 30
112 52 22
112 53 34
112 54 33
112 55 52
112 57 27
112 58 30
112 59 41
112 60 23
112 64 20
112 65 49
112 66 50
112 67 45
112 68 55
112 70 57
112 71 43
112 72 22
112 73 58
112 75 53
112 76 17
112 82 21
112 83 42
112 84 47
112 87 46
112 92 56
112 93 40
112 98 17
112 102 56
112 103 56
112 104 57
112 105 42
112 109 19
112 115 53
112 116 47
112 117 24
112 122 42
112 123 26
113 1 45
113 3 31
113 4 39
113 5 21
113 6 29
113 9 47
113 12 48
113 17 33
113 18 41
113 21 53
113 22 20
113 24 38
113 27 27
113 31 34
113 32 35
113 33 55
113 34 48
113 37 23
113 38 49
113 39 30
113 40 49
113 41 43
113 43 58
113 44 22
113 47 37
113 53 52
113 54 27
113 55 31
113 57 54
113 58 26
113 59 31
113 60 19
113 61 47
113 62 24
113 63 55
113 64 57
113 66 40
113 67 55
113 68 18
113 69 57
113 70 28
113 71 21
113 72 51
113 76 39
113 77 52
113 78 28
113 79 47
113 80 50
113 85 57
113 87 27
113 88 52
113 92 51
113 93 21
113 95 36
113 96 31
113 97 20
113 100 28
113 103 51
113 105 52
113 106 48
113 108 28
113 110 26
113 116 51
113 118 28
113 119 40
113 120 44
113 124 39
113 t 28
114 1 57
114 4 20
114 5 28
114 7 58
114 8 28
114 10 19
114 12 36
114 14 37
114 15 19
114 16 34
114 18 44
114 19 44
114 21 36
114 22 23
114 24 23
114 25 29
114 28 29
114 29 26
114 30 19
114 32 30
114 34 18
114 37 26
114 38 41
114 39 39
114 40 24
114 41 37
114 42 23
114 45 41
114 46 53
114 49 54
114 54 31
114 55 19
114 56 53
114 58 24
114 59 17
114 63 54
114 65 43
114 66 33
114 68 40
114 72 19
114 74 44
114 75 51
114 77 40
114 79 22
114 80 40
114 81 39
114 83 18
114 84 17
114 87 23
114 89 51
114 92 40
114 96 34
114 97 18
114 101 47
114 102 38
114 103 47
114 104 31
114 105 55
114 106 45
114 107 32
114 108 34
114 109 42
114 110 58
114 111 48
114 115 37
114 122 40
114 123 33
114 124 47
114 t 24
115 4 46
115 10 24
115 12 20
115 13 50
115 16 30
115 17 58
115 19 49
115 20 16
115 21 29
115 23 32
115 24 30
115 25 28
115 29 36
115 30 39
115 31 40
115 32 45
115 38 26
115 43 55
115 44 35
115 45 19
115 46 43
115 51 35
115 53 58
115 55 44
115 58 22
115 60 21
115 61 43
115 62 39
115 63 28
115 65 28
115 68 20
115 69 55
115 70 47
115 76 48
115 77 36
115 79 44
115 80 18
115 82 49
115 83 55
115 84 39
115 85 36
115 86 37
115 92 57
115 93 55
115 94 25
115 95 36
115 96 50
115 98 41
115 99 51
115 103 31
115 105 27
115 107 22
115 108 48
115 110 58
115 112 53
115 114 37
115 118 48
115 121 47
115 122 45
115 123 18
115 124 53
116 1 46
116 3 54
116 4 28
116 5 51
116 9 34
116 12 57
116 16 26
116 17 18
116 18 42
116 19 54
116 23 16
116 24 21
116 25 37
116 28 41
116 31 40
116 32 35
116 34 50
116 35 58
116 36 48
116 37 35
116 39 48
116 40 47
116 42 18
116 43 53
116 45 50
116 47 40
116 51 26
116 52 18
116 53 42
116 54 46
116 55 23
116 56 31
116 62 46
116 63 22
116 67 30
116 68 31
116 69 56
116 71 19
116 73 47
116 74 16
116 77 19
116 79 31
116 81 20
116 83 32
116 84 29
116 85 24
116 88 24
116 94 50
116 101 42
116 103 34
116 105 42
116 106 29
116 110 36
116 112 47
116 113 51
116 121 27
116 123 32
116 124 47
117 2 23
117 5 24
117 6 39
117 7 22
117 8 29
117 10 52
117 12 51
117 13 28
117 18 29
117 19 31
117 22 22
117 23 56
117 25 42
117 28 27
117 30 24
117 32 45
117 33 53
117 34 58
117 35 51
117 36 43
117 37 49
117 40 51
117 41 46
117 45 34
117 46 34
117 47 17
117 50 24
117 53 54
117 55 38
117 56 57
117 58 52
117 60 29
117 61 51
117 66 23
117 70 39
117 72 29
117 73 53
117 74 58
117 76 55
117 78 46
117 82 49
117 83 43
117 84 34
117 85 24
117 86 50
117 87 54
117 90 28
117 93 32
117 103 40
117 108 45
117 109 44
117 112 24
117 121 18
117 122 52
117 123 34
117 t 52
118 1 48
118 3 57
118 7 44
118 8 31
118 15 16
118 16 47
118 17 49
118 20 21
118 21 20
118 26 27
118 27 22
118 29 27
118 30 37
118 33 29
118 38 20
118 39 51
118 43 40
118 44 56
118 46 21
118 52 56
118 53 34
118 55 58
118 59 31
118 60 53
118 62 33
118 63 39
118 64 42
118 66 21
118 67 33
118 69 47
118 72 33
118 73 24
118 76 56
118 77 22
118 79 41
118 84 39
118 85 20
118 87 39
118 88 39
118 89 16
118 90 52
118 92 49
118 93 28
118 96 16
118 97 31
118 98 29
118 99 35
118 100 45
118 101 44
118 104 51
118 105 29
118 107 42
118 109 52
118 111 52
118 113 28
118 115 48
118 119 46
118 122 39
118 123 54
118 124 47
119 2 27
119 3 17
119 5 21
119 10 37
119 12 46
119 13 55
119 16 57
119 19 52
119 20 48
119 21 44
119 24 20
119 25 28
119 27 28
119 28 43
119 29 16
119 30 56
119 31 24
119 32 24
119 33 27
119 34 43
119 35 48
119 37 56
119 38 46
119 39 46
119 41 34
119 43 44
119 51 28
119 52 35
119 54 26
119 55 54
119 56 36
119 57 30
119 59 28
119 60 20
119 61 35
119 65 51
119 66 54
119 69 47
119 71 45
119 73 33
119 74 32
119 75 58
119 76 49
119 78 50
119 80 38
119 84 57
119 85 23
119 87 53
119 88 43
119 91 51
119 92 39
119 95 57
119 98 25
119 99 48
119 100 46
119 101 22
119 103 43
119 111 30
119 113 40
119 118 46
119 120 41
119 123 57
119 124 35
119 t 47
120 1 18
120 3 19
120 4 20
120 6 48
120 8 21
120 9 36
120 12 43
120 14 50
120 16 58
120 20 30
120 21 36
120 22 41
120 25 23
120 28 20
120 30 32
120 32 18
120 34 32
120 35 23
120 37 42
120 38 33
120 39 41
120 40 21
120 42 23
120 44 47
120 45 53
120 46 38
120 48 44
120 49 17
120 52 26
120 53 28
120 55 50
120 56 32
120 59 29
120 61 22
120 62 47
120 65 54
120 67 19
120 69 36
120 70 55
120 71 29
120 77 53
120 78 23
120 82 48
120 83 47
120 84 27
120 85 40
120 88 44
120 89 42
120 92 48
120 98 43
120 99 21
120 100 31
120 101 58
120 102 42
120 110 31
120 113 44
120 119 41
120 121 18
120 123 35
120 124 57
120 t 44
121 1 46
121 4 49
121 8 23
121 9 30
121 11 18
121 13 45
121 17 31
121 20 50
121 21 34
121 22 50
121 26 47
121 28 47
121 29 38
121 32 29
121 37 50
121 38 53
121 39 27
121 40 31
121 41 20
121 42 27
121 43 45
121 45 30
121 46 24
121 47 54
121 51 28
121 53 47
121 54 24
121 55 35
121 56 54
121 57 41
121 58 33
121 59 56
121 60 43
121 61 35
121 62 44
121 63 32
121 64 29
121 66 16
121 67 42
121 69 54
121 71 29
121 75 42
121 77 30
121 78 40
121 81 20
121 82 31
121 83 52
121 84 36
121 87 39
121 88 55
121 89 53
121 93 34
121 96 30
121 97 30
121 99 58
121 103 22
121 115 47
121 116 27
121 117 18
121 120 18
121 123 54
121 124 26
122 2 30
122 3 43
122 8 39
122 9 48
122 10 23
122 11 34
122 12 20
122 13 54
122 15 39
122 17 38
122 19 52
122 20 29
122 21 40
122 24 22
122 26 40
122 27 20
122 28 39
122 30 39
122 31 22
122 32 24
122 33 30
122 34 35
122 36 34
122 39 30
122 40 48
122 41 16
122 42 23
122 43 57
122 45 32
122 46 50
122 48 18
122 49 47
122 51 55
122 55 47
122 56 23
122 58 22
122 60 49
122 62 26
122 64 40
122 65 21
122 67 42
122 72 31
122 73 25
122 76 46
122 78 38
122 79 34
122 80 22
122 82 50
122 83 18
122 85 46
122 90 23
122 91 21
122 92 29
122 95 34
122 99 18
122 100 35
122 102 42
122 104 57
122 105 22
122 106 29
122 109 45
122 110 22
122 112 42
122 114 40
122 115 45
122 117 52
122 118 39
122 123 22
122 124 50
123 2 32
123 3 19
123 5 45
123 6 29
123 7 57
123 8 32
123 10 33
123 12 56
123 13 53
123 14 23
123 17 28
123 22 16
123 25 53
123 26 40
123 28 33
123 29 45
123 31 30
123 32 49
123 35 22
123 36 18
123 37 48
123 38 32
123 39 48
123 40 38
123 45 27
123 46 54
123 47 44
123 50 47
123 52 36
123 54 52
123 56 38
123 57 40
123 60 55
123 61 49
123 63 50
123 65 16
123 71 40
123 75 51
123 77 41
123 81 25
123 82 24
123 84 43
123 85 18
123 90 51
123 91 50
123 92 41
123 94 44
123 96 17
123 100 48
123 104 29
123 105 35
123 108 25
123 109 37
123 111 48
123 112 26
123 114 33
123 115 18
123 116 32
123 117 34
123 118 54
123 119 57
123 120 35
123 121 54
123 122 22
124 2 48
124 3 45
124 7 20
124 9 28
124 10 52
124 13 35
124 14 36
124 18 44
124 19 27
124 20 37
124 21 42
124 22 48
124 24 29
124 25 53
124 27 29
124 32 38
124 33 58
124 35 16
124 37 24
124 40 19
124 42 25
124 43 33
124 46 18
124 51 57
124 53 41
124 55 34
124 60 51
124 61 27
124 62 47
124 65 42
124 66 57
124 69 16
124 74 46
124 77 18
124 78 18
124 80 40
124 81 19
124 82 56
124 83 36
124 87 55
124 88 51
124 89 49
124 91 49
124 95 29
124 98 48
124 99 29
124 100 45
124 101 21
124 102 54
124 103 35
124 104 51
124 105 20
124 107 50
124 108 18
124 111 58
124 113 39
124 114 47
124 115 53
124 116 47
124 118 47
124 119 35
124 120 57
124 121 26
124 122 50
124 t 56
