s 4 100
s 5 98
s 6 123
s 7 94
s 8 87
s 10 149
s 11 20
s 14 149
s 15 17
s 16 84
s 19 125
s 21 17
s 22 126
s 23 116
s 26 25
s 28 75
s 29 109
s 30 125
s 31 96
s 32 65
s 34 104
s 35 145
s 41 21
s 45 106
s 46 19
s 47 139
s 48 103
s 49 40
s 51 18
s 53 86
s 54 16
s 55 20
s 56 84
s 57 130
s 58 58
s 63 17
s 64 57
1 2 34
1 4 71
1 6 105
1 7 118
1 9 143
1 11 135
1 12 120
1 15 111
1 18 82
1 19 102
1 20 74
1 23 17
1 24 109
1 25 89
1 26 151
1 27 46
1 31 61
1 32 105
1 35 43
1 36 38
1 38 21
1 40 79
1 42 140
1 44 55
1 47 77
1 48 19
1 49 27
1 52 75
1 61 74
1 63 17
1 t 123
2 1 34
2 4 50
2 7 110
2 12 118
2 17 34
2 22 39
2 25 145
2 26 36
2 28 55
2 30 49
2 32 95
2 34 24
2 38 113
2 40 114
2 42 100
2 44 60
2 45 54
2 46 147
2 47 113
2 48 71
2 49 105
2 51 138
2 52 120
2 53 63
2 57 64
3 6 99
3 8 70
3 9 47
3 10 68
3 11 65
3 15 67
3 19 115
3 20 73
3 22 82
3 27 137
3 33 69
3 35 78
3 37 98
3 39 101
3 40 34
3 41 121
3 43 148
3 48 108
3 49 72
3 50 110
3 54 89
3 57 17
3 58 97
3 61 46
3 64 80
4 1 71
4 2 50
4 6 57
4 12 66
4 14 33
4 16 54
4 17 145
4 19 111
4 24 131
4 27 69
4 29 48
4 33 135
4 34 27
4 35 95
4 38 116
4 39 27
4 41 31
4 42 120
4 44 112
4 48 103
4 49 74
4 50 137
4 51 133
4 52 93
4 56 115
4 57 78
4 58 114
4 62 103
4 64 27
5 7 45
5 8 47
5 9 82
5 10 138
5 11 40
5 14 32
5 17 89
5 19 72
5 20 131
5 22 107
5 23 82
5 25 72
5 26 51
5 27 149
5 28 85
5 29 42
5 33 114
5 34 141
5 36 56
5 39 113
5 40 115
5 41 73
5 42 128
5 44 69
5 45 78
5 49 33
5 50 89
5 51 113
5 56 48
5 58 136
5 60 90
6 1 105
6 3 99
6 4 57
6 10 21
6 11 62
6 12 54
6 14 113
6 17 77
6 18 144
6 20 129
6 22 111
6 24 61
6 26 132
6 29 48
6 33 21
6 35 17
6 36 31
6 39 119
6 41 54
6 42 133
6 50 93
6 52 27
6 59 23
6 61 23
6 62 78
6 64 58
7 1 118
7 2 110
7 5 45
7 13 22
7 14 81
7 16 142
7 17 77
7 19 53
7 20 31
7 21 116
7 23 82
7 24 108
7 25 149
7 29 121
7 30 78
7 31 76
7 32 128
7 33 75
7 34 113
7 35 39
7 37 114
7 39 90
7 41 107
7 43 73
7 47 150
7 48 102
7 53 151
7 54 79
7 56 74
7 58 50
7 61 105
7 64 79
8 3 70
8 5 47
8 9 97
8 11 101
8 12 149
8 15 136
8 16 109
8 17 55
8 19 122
8 21 63
8 22 138
8 23 71
8 24 133
8 26 28
8 33 78
8 34 81
8 39 128
8 41 108
8 42 142
8 43 125
8 45 66
8 46 112
8 54 34
8 55 107
8 57 50
8 58 66
8 63 136
8 t 137
9 1 143
9 3 47
9 5 82
9 8 97
9 15 60
9 17 38
9 18 40
9 23 104
9 26 130
9 27 141
9 28 132
9 29 144
9 30 54
9 32 120
9 35 138
9 37 97
9 38 43
9 39 97
9 40 126
9 43 115
9 48 90
9 49 33
9 50 143
9 52 128
9 56 83
9 57 46
9 59 105
9 60 137
9 61 79
10 3 68
10 5 138
10 6 21
10 14 29
10 15 42
10 19 53
10 23 22
10 24 119
10 26 127
10 32 25
10 35 92
10 38 83
10 39 16
10 40 39
10 41 66
10 42 30
10 43 53
10 47 145
10 50 46
10 51 106
10 52 71
10 58 137
10 59 132
10 60 138
10 64 126
11 1 135
11 3 65
11 5 40
11 6 62
11 8 101
11 17 149
11 18 93
11 20 114
11 21 135
11 22 48
11 25 41
11 32 28
11 35 111
11 36 122
11 38 52
11 41 26
11 46 57
11 47 53
11 48 126
11 51 34
11 52 72
11 57 101
11 63 149
11 64 143
12 1 120
12 2 118
12 4 66
12 6 54
12 8 149
12 19 139
12 21 92
12 23 123
12 24 34
12 27 107
12 30 139
12 35 146
12 36 42
12 39 16
12 41 22
12 44 105
12 45 101
12 47 114
12 50 39
12 54 49
12 64 21
13 7 22
13 17 94
13 21 142
13 22 68
13 23 99
13 24 72
13 25 132
13 28 101
13 33 139
13 38 103
13 42 29
13 44 32
13 47 100
13 52 88
13 53 107
13 61 130
13 62 17
13 t 25
14 4 33
14 5 32
14 6 113
14 7 81
14 10 29
14 17 78
14 19 130
14 20 89
14 21 23
14 27 106
14 31 29
14 34 31
14 37 73
14 38 63
14 41 88
14 44 120
14 46 137
14 47 114
14 48 88
14 49 117
14 51 127
14 52 147
14 54 149
14 55 86
14 57 46
14 62 34
14 63 116
15 1 111
15 3 67
15 8 136
15 9 60
15 10 42
15 16 112
15 18 106
15 22 111
15 31 107
15 33 30
15 36 79
15 37 49
15 38 130
15 40 94
15 50 95
15 51 57
15 52 64
15 53 75
15 61 69
15 62 27
15 63 53
15 64 17
16 4 54
16 7 142
16 8 109
16 15 112
16 18 80
16 19 74
16 20 59
16 25 58
16 26 30
16 27 55
16 34 106
16 35 137
16 37 125
16 41 44
16 43 135
16 52 72
16 58 143
16 60 97
16 62 83
16 63 71
17 2 34
17 4 145
17 5 89
17 6 77
17 7 77
17 8 55
17 9 38
17 11 149
17 13 94
17 14 78
17 18 47
17 19 63
17 22 96
17 25 22
17 26 145
17 30 123
17 33 71
17 34 121
17 39 77
17 42 122
17 43 89
17 44 143
17 46 113
17 47 94
17 48 30
17 50 135
17 54 95
17 55 126
17 57 83
17 59 109
17 60 131
17 62 36
17 63 129
17 64 36
18 1 82
18 6 144
18 9 40
18 11 93
18 15 106
18 16 80
18 17 47
18 19 62
18 20 21
18 24 78
18 25 145
18 26 46
18 29 143
18 32 121
18 33 21
18 34 100
18 36 24
18 37 83
18 38 115
18 41 80
18 42 97
18 45 136
18 46 36
18 49 132
18 58 47
18 61 137
18 63 110
18 t 32
19 1 102
19 3 115
19 4 111
19 5 72
19 7 53
19 8 122
19 10 53
19 12 139
19 14 130
19 16 74
19 17 63
19 18 62
19 21 58
19 23 65
19 24 78
19 25 114
19 27 119
19 28 121
19 29 27
19 33 39
19 37 75
19 40 48
19 43 60
19 47 19
19 49 92
19 51 130
19 52 129
19 53 114
19 54 39
19 55 38
19 56 74
19 57 70
19 60 102
20 1 74
20 3 73
20 5 131
20 6 129
20 7 31
20 11 114
20 14 89
20 16 59
20 18 21
20 21 47
20 23 77
20 24 104
20 26 138
20 30 114
20 35 117
20 40 91
20 44 26
20 51 126
20 53 96
20 57 113
20 58 69
20 61 49
20 62 147
20 t 86
21 7 116
21 8 63
21 11 135
21 12 92
21 13 142
21 14 23
21 19 58
21 20 47
21 23 38
21 24 126
21 25 118
21 27 124
21 28 115
21 29 24
21 32 132
21 33 111
21 34 72
21 36 58
21 37 53
21 41 126
21 42 120
21 44 31
21 46 16
21 47 63
21 49 105
21 51 136
21 61 77
21 62 46
21 t 132
22 2 39
22 3 82
22 5 107
22 6 111
22 8 138
22 11 48
22 13 68
22 15 111
22 17 96
22 23 33
22 26 26
22 27 42
22 28 42
22 29 66
22 30 85
22 32 108
22 36 119
22 38 54
22 39 127
22 40 72
22 42 145
22 45 118
22 49 47
22 52 97
22 54 134
22 55 146
22 57 111
22 59 75
22 60 95
22 63 83
22 64 62
22 t 64
23 1 17
23 5 82
23 7 82
23 8 71
23 9 104
23 10 22
23 12 123
23 13 99
23 19 65
23 20 77
23 21 38
23 22 33
23 26 151
23 29 17
23 31 147
23 34 69
23 39 123
23 40 52
23 41 16
23 42 79
23 44 98
23 45 53
23 52 29
23 54 87
23 57 126
23 58 49
24 1 109
24 4 131
24 6 61
24 7 108
24 8 133
24 10 119
24 12 34
24 13 72
24 18 78
24 19 78
24 20 104
24 21 126
24 25 104
24 27 88
24 28 55
24 30 36
24 32 74
24 34 102
24 35 150
24 36 135
24 37 41
24 40 121
24 41 78
24 43 40
24 46 110
24 48 106
24 49 98
24 52 110
24 54 31
24 56 21
24 58 74
24 59 72
24 61 25
24 62 54
24 t 53
25 1 89
25 2 145
25 5 72
25 7 149
25 11 41
25 13 132
25 16 58
25 17 22
25 18 145
25 19 114
25 21 118
25 24 104
25 26 112
25 31 71
25 32 115
25 34 134
25 35 124
25 37 86
25 38 48
25 47 18
25 49 123
25 54 16
25 56 123
25 59 51
25 60 131
25 62 131
25 t 72
26 1 151
26 2 36
26 5 51
26 6 132
26 8 28
26 9 130
26 10 127
26 16 30
26 17 145
26 18 46
26 20 138
26 22 26
26 23 151
26 25 112
26 28 113
26 31 23
26 32 145
26 37 147
26 38 132
26 39 146
26 41 148
26 42 45
26 43 45
26 44 118
26 52 17
26 53 90
26 55 90
26 56 35
26 58 17
26 59 101
26 60 17
26 62 143
26 63 146
26 t 118
27 1 46
27 3 137
27 4 69
27 5 149
27 9 141
27 12 107
27 14 106
27 16 55
27 19 119
27 21 124
27 22 42
27 24 88
27 29 19
27 30 126
27 33 150
27 35 45
27 36 146
27 39 34
27 41 101
27 44 133
27 46 69
27 48 34
27 49 107
27 51 62
27 54 147
27 57 55
27 59 98
28 2 55
28 5 85
28 9 132
28 13 101
28 19 121
28 21 115
28 22 42
28 24 55
28 26 113
28 31 17
28 32 127
28 40 24
28 43 129
28 44 92
28 45 145
28 49 44
28 50 129
28 51 70
28 55 144
28 58 26
28 61 69
28 62 116
29 4 48
29 5 42
29 6 48
29 7 121
29 9 144
29 18 143
29 19 27
29 21 24
29 22 66
29 23 17
29 27 19
29 30 118
29 32 94
29 33 134
29 34 116
29 35 124
29 36 148
29 38 100
29 39 109
29 44 141
29 45 82
29 50 45
29 51 124
29 52 107
29 53 123
29 56 144
29 61 131
29 62 32
29 63 93
29 t 79
30 2 49
30 7 78
30 9 54
30 12 139
30 17 123
30 20 114
30 22 85
30 24 36
30 27 126
30 29 118
30 32 75
30 39 130
30 40 28
30 42 87
30 46 26
30 49 74
30 50 105
30 52 52
30 53 35
30 60 75
30 62 55
30 63 106
31 1 61
31 7 76
31 14 29
31 15 107
31 23 147
31 25 71
31 26 23
31 28 17
31 34 57
31 35 117
31 36 47
31 37 21
31 38 56
31 39 110
31 40 16
31 41 107
31 42 73
31 45 69
31 46 27
31 48 121
31 49 58
31 50 98
31 54 45
31 57 132
31 59 44
31 61 84
32 1 105
32 2 95
32 7 128
32 9 120
32 10 25
32 11 28
32 18 121
32 21 132
32 22 108
32 24 74
32 25 115
32 26 145
32 28 127
32 29 94
32 30 75
32 33 37
32 35 123
32 40 17
32 45 68
32 46 127
32 47 147
32 48 130
32 54 144
32 57 90
32 58 114
32 59 104
32 61 116
32 t 63
33 3 69
33 4 135
33 5 114
33 6 21
33 7 75
33 8 78
33 13 139
33 15 30
33 17 71
33 18 21
33 19 39
33 21 111
33 27 150
33 29 134
33 32 37
33 34 101
33 35 133
33 36 121
33 38 77
33 40 65
33 41 34
33 42 104
33 47 145
33 51 34
33 53 30
33 54 20
33 55 93
33 58 36
33 61 44
33 t 108
34 2 24
34 4 27
34 5 141
34 7 113
34 8 81
34 14 31
34 16 106
34 17 121
34 18 100
34 21 72
34 23 69
34 24 102
34 25 134
34 29 116
34 31 57
34 33 101
34 36 127
34 45 120
34 46 104
34 47 25
34 51 137
34 54 62
34 58 53
34 60 56
34 61 24
34 62 136
35 1 43
35 3 78
35 4 95
35 6 17
35 7 39
35 9 138
35 10 92
35 11 111
35 12 146
35 16 137
35 20 117
35 24 150
35 25 124
35 27 45
35 29 124
35 31 117
35 32 123
35 33 133
35 37 34
35 39 122
35 41 118
35 42 100
35 43 106
35 44 124
35 45 52
35 47 77
35 49 139
35 50 113
35 52 140
35 53 70
35 55 62
35 58 149
35 59 114
35 61 135
35 62 112
35 64 129
36 1 38
36 5 56
36 6 31
36 11 122
36 12 42
36 15 79
36 18 24
36 21 58
36 22 119
36 24 135
36 27 146
36 29 148
36 31 47
36 33 121
36 34 127
36 37 104
36 39 78
36 40 69
36 41 104
36 42 30
36 43 24
36 44 65
36 45 43
36 46 69
36 47 141
36 48 139
36 49 40
36 50 123
36 52 18
36 54 130
36 55 106
36 59 130
36 61 120
37 3 98
37 7 114
37 9 97
37 14 73
37 15 49
37 16 125
37 18 83
37 19 75
37 21 53
37 24 41
37 25 86
37 26 147
37 31 21
37 35 34
37 36 104
37 38 25
37 39 129
37 42 137
37 44 111
37 45 88
37 48 141
37 54 150
37 57 143
37 59 88
37 60 20
37 61 127
37 t 47
38 1 21
38 2 113
38 4 116
38 9 43
38 10 83
38 11 52
38 13 103
38 14 63
38 15 130
38 18 115
38 22 54
38 25 48
38 26 132
38 29 100
38 31 56
38 33 77
38 37 25
38 40 124
38 43 106
38 47 27
38 48 53
38 49 20
38 51 122
38 52 23
38 53 41
38 54 85
38 56 34
38 60 150
38 64 41
38 t 121
39 3 101
39 4 27
39 5 113
39 6 119
39 7 90
39 8 128
39 9 97
39 10 16
39 12 16
39 17 77
39 22 127
39 23 123
39 26 146
39 27 34
39 29 109
39 30 130
39 31 110
39 35 122
39 36 78
39 37 129
39 41 90
39 43 22
39 44 149
39 46 111
39 47 122
39 59 112
39 61 124
39 64 76
40 1 79
40 2 114
40 3 34
40 5 115
40 9 126
40 10 39
40 15 94
40 19 48
40 20 91
40 22 72
40 23 52
40 24 121
40 28 24
40 30 28
40 31 16
40 32 17
40 33 65
40 36 69
40 38 124
40 41 43
40 44 38
40 46 31
40 48 35
40 52 82
40 54 83
40 55 31
40 56 88
40 60 29
40 62 82
40 63 101
41 3 121
41 4 31
41 5 73
41 6 54
41 7 107
41 8 108
41 10 66
41 11 26
41 12 22
41 14 88
41 16 44
41 18 80
41 21 126
41 23 16
41 24 78
41 26 148
41 27 101
41 31 107
41 33 34
41 35 118
41 36 104
41 39 90
41 40 43
41 47 120
41 51 150
41 53 104
41 55 54
41 57 127
41 58 31
41 59 39
41 60 37
41 64 130
42 1 140
42 2 100
42 4 120
42 5 128
42 6 133
42 8 142
42 10 30
42 13 29
42 17 122
42 18 97
42 21 120
42 22 145
42 23 79
42 26 45
42 30 87
42 31 73
42 33 104
42 35 100
42 36 30
42 37 137
42 43 109
42 45 92
42 48 56
42 49 49
42 50 113
42 51 61
42 52 145
42 53 62
42 54 60
42 56 114
42 62 89
42 63 45
43 3 148
43 7 73
43 8 125
43 9 115
43 10 53
43 16 135
43 17 89
43 19 60
43 24 40
43 26 45
43 28 129
43 35 106
43 36 24
43 38 106
43 39 22
43 42 109
43 44 111
43 45 62
43 46 77
43 47 107
43 52 67
43 54 50
43 57 57
43 58 46
43 59 44
44 1 55
44 2 60
44 4 112
44 5 69
44 12 105
44 13 32
44 14 120
44 17 143
44 20 26
44 21 31
44 23 98
44 26 118
44 27 133
44 28 92
44 29 141
44 35 124
44 36 65
44 37 111
44 39 149
44 40 38
44 43 111
44 46 59
44 48 151
44 50 121
44 51 147
44 52 64
44 54 100
44 59 142
44 60 117
45 2 54
45 5 78
45 8 66
45 12 101
45 18 136
45 22 118
45 23 53
45 28 145
45 29 82
45 31 69
45 32 68
45 34 120
45 35 52
45 36 43
45 37 88
45 42 92
45 43 62
45 46 54
45 47 23
45 54 138
45 56 47
45 58 115
45 60 130
45 61 75
45 64 66
45 t 76
46 2 147
46 8 112
46 11 57
46 14 137
46 17 113
46 18 36
46 21 16
46 24 110
46 27 69
46 30 26
46 31 27
46 32 127
46 34 104
46 36 69
46 39 111
46 40 31
46 43 77
46 44 59
46 45 54
46 47 106
46 48 18
46 49 34
46 50 141
46 52 65
46 54 129
46 56 45
46 59 128
47 1 77
47 2 113
47 7 150
47 10 145
47 11 53
47 12 114
47 13 100
47 14 114
47 17 94
47 19 19
47 21 63
47 25 18
47 32 147
47 33 145
47 34 25
47 35 77
47 36 141
47 38 27
47 39 122
47 41 120
47 43 107
47 45 23
47 46 106
47 50 99
47 53 27
47 56 109
47 57 117
47 58 129
47 60 60
47 62 21
48 1 19
48 2 71
48 3 108
48 4 103
48 7 102
48 9 90
48 11 126
48 14 88
48 17 30
48 24 106
48 27 34
48 31 121
48 32 130
48 36 139
48 37 141
48 38 53
48 40 35
48 42 56
48 44 151
48 46 18
48 50 146
48 54 21
48 55 76
48 60 19
48 64 125
48 t 92
49 1 27
49 2 105
49 3 72
49 4 74
49 5 33
49 9 33
49 14 117
49 18 132
49 19 92
49 21 105
49 22 47
49 24 98
49 25 123
49 27 107
49 28 44
49 30 74
49 31 58
49 35 139
49 36 40
49 38 20
49 42 49
49 46 34
49 57 86
49 61 103
49 62 58
50 3 110
50 4 137
50 5 89
50 6 93
50 9 143
50 10 46
50 12 39
50 15 95
50 17 135
50 28 129
50 29 45
50 30 105
50 31 98
50 35 113
50 36 123
50 42 113
50 44 121
50 46 141
50 47 99
50 48 146
50 51 132
50 52 86
50 54 34
50 57 147
50 62 71
50 63 107
50 64 142
51 2 138
51 4 133
51 5 113
51 10 106
51 11 34
51 14 127
51 15 57
51 19 130
51 20 126
51 21 136
51 27 62
51 28 70
51 29 124
51 33 34
51 34 137
51 38 122
51 41 150
51 42 61
51 44 147
51 50 132
51 58 72
51 60 39
51 63 87
52 1 75
52 2 120
52 4 93
52 6 27
52 9 128
52 10 71
52 11 72
52 13 88
52 14 147
52 15 64
52 16 72
52 19 129
52 22 97
52 23 29
52 24 110
52 26 17
52 29 107
52 30 52
52 35 140
52 36 18
52 38 23
52 40 82
52 42 145
52 43 67
52 44 64
52 46 65
52 50 86
52 53 147
52 54 128
52 55 142
52 59 139
52 63 22
53 2 63
53 7 151
53 13 107
53 15 75
53 19 114
53 20 96
53 26 90
53 29 123
53 30 35
53 33 30
53 35 70
53 38 41
53 41 104
53 42 62
53 47 27
53 52 147
53 54 128
53 56 129
53 57 63
53 62 49
54 3 89
54 7 79
54 8 34
54 12 49
54 14 149
54 17 95
54 19 39
54 22 134
54 23 87
54 24 31
54 25 16
54 27 147
54 31 45
54 32 144
54 33 20
54 34 62
54 36 130
54 37 150
54 38 85
54 40 83
54 42 60
54 43 50
54 44 100
54 45 138
54 46 129
54 48 21
54 50 34
54 52 128
54 53 128
54 55 21
54 58 90
54 62 109
54 64 91
54 t 114
55 8 107
55 14 86
55 17 126
55 19 38
55 22 146
55 26 90
55 28 144
55 33 93
55 35 62
55 36 106
55 40 31
55 41 54
55 48 76
55 52 142
55 54 21
55 56 28
55 58 87
55 60 22
55 64 150
55 t 20
56 4 115
56 5 48
56 7 74
56 9 83
56 19 74
56 24 21
56 25 123
56 26 35
56 29 144
56 38 34
56 40 88
56 42 114
56 45 47
56 46 45
56 47 109
56 53 129
56 55 28
56 61 20
56 62 29
56 63 91
56 64 98
57 2 64
57 3 17
57 4 78
57 8 50
57 9 46
57 11 101
57 14 46
57 17 83
57 19 70
57 20 113
57 22 111
57 23 126
57 27 55
57 31 132
57 32 90
57 37 143
57 41 127
57 43 57
57 47 117
57 49 86
57 50 147
57 53 63
57 63 62
57 64 132
58 3 97
58 4 114
58 5 136
58 7 50
58 8 66
58 10 137
58 16 143
58 18 47
58 20 69
58 23 49
58 24 74
58 26 17
58 28 26
58 32 114
58 33 36
58 34 53
58 35 149
58 41 31
58 43 46
58 45 115
58 47 129
58 51 72
58 54 90
58 55 87
58 59 122
58 t 54
59 6 23
59 9 105
59 10 132
59 17 109
59 22 75
59 24 72
59 25 51
59 26 101
59 27 98
59 31 44
59 32 104
59 35 114
59 36 130
59 37 88
59 39 112
59 41 39
59 43 44
59 44 142
59 46 128
59 52 139
59 58 122
59 60 149
60 5 90
60 9 137
60 10 138
60 16 97
60 17 131
60 19 102
60 22 95
60 25 131
60 26 17
60 30 75
60 34 56
60 37 20
60 38 150
60 40 29
60 41 37
60 44 117
60 45 130
60 47 60
60 48 19
60 51 39
60 55 22
60 59 149
60 61 137
60 62 103
60 63 24
60 64 117
60 t 37
61 1 74
61 3 46
61 6 23
61 7 105
61 9 79
61 13 130
61 15 69
61 18 137
61 20 49
61 21 77
61 24 25
61 28 69
61 29 131
61 31 84
61 32 116
61 33 44
61 34 24
61 35 135
61 36 120
61 37 127
61 39 124
61 45 75
61 49 103
61 56 20
61 60 137
61 63 62
62 4 103
62 6 78
62 13 17
62 14 34
62 15 27
62 16 83
62 17 36
62 20 147
62 21 46
62 24 54
62 25 131
62 26 143
62 28 116
62 29 32
62 30 55
62 34 136
62 35 112
62 40 82
62 42 89
62 47 21
62 49 58
62 50 71
62 53 49
62 54 109
62 56 29
62 60 103
62 63 115
62 64 122
62 t 119
63 1 17
63 8 136
63 11 149
63 14 116
63 15 53
63 16 71
63 17 129
63 18 110
63 22 83
63 26 146
63 29 93
63 30 106
63 40 101
63 42 45
63 50 107
63 51 87
63 52 22
63 56 91
63 57 62
63 60 24
63 61 62
63 62 115
63 t 42
64 3 80
64 4 27
64 6 58
64 7 79
64 10 126
64 11 143
64 12 21
64 15 17
64 17 36
64 22 62
64 35 129
64 38 41
64 39 76
64 41 130
64 45 66
64 48 125
64 50 142
64 54 91
64 55 150
64 56 98
64 57 132
64 60 117
64 62 122
64 t 32
