s 6 10
s 7 101
s 8 82
s 10 28
s 13 9
s 15 48
s 16 54
s 18 76
s 22 82
s 30 9
s 33 67
s 34 34
s 35 33
s 37 39
s 42 20
s 47 88
s 52 31
s 53 12
s 54 47
s 59 79
s 61 95
s 62 56
s t 93
1 3 70
1 7 45
1 10 73
1 11 66
1 12 82
1 15 77
1 16 90
1 18 48
1 19 91
1 24 71
1 26 18
1 29 58
1 34 25
1 36 24
1 37 50
1 45 79
1 52 84
1 54 20
1 55 26
1 57 29
1 58 41
1 59 77
1 61 44
2 4 81
2 5 14
2 6 78
2 7 65
2 9 40
2 12 30
2 13 33
2 14 40
2 17 88
2 18 77
2 21 71
2 24 66
2 31 33
2 33 103
2 34 103
2 35 82
2 37 51
2 38 58
2 39 54
2 46 81
2 47 12
2 48 75
2 59 16
2 60 38
2 61 22
2 t 50
3 1 70
3 4 83
3 6 23
3 8 66
3 9 78
3 10 80
3 14 63
3 15 87
3 19 92
3 23 44
3 26 42
3 27 97
3 29 78
3 30 64
3 34 19
3 36 37
3 38 83
3 41 47
3 44 90
3 49 25
3 50 68
3 54 103
4 2 81
4 3 83
4 10 76
4 14 83
4 15 33
4 16 85
4 17 37
4 18 40
4 20 57
4 25 53
4 29 37
4 32 73
4 34 66
4 36 74
4 40 38
4 42 89
4 45 78
4 49 15
4 58 98
4 59 11
4 63 73
4 t 68
5 2 14
5 8 61
5 10 11
5 12 63
5 15 62
5 18 21
5 21 42
5 22 89
5 24 72
5 28 89
5 32 13
5 35 61
5 37 75
5 40 11
5 43 80
5 45 53
5 46 58
5 53 20
5 56 37
5 57 17
5 59 80
6 2 78
6 3 23
6 10 46
6 14 35
6 16 24
6 18 10
6 22 61
6 25 50
6 33 78
6 35 85
6 36 8
6 39 47
6 40 90
6 43 51
6 45 84
6 53 23
6 63 44
7 1 45
7 2 65
7 10 47
7 14 75
7 16 44
7 21 54
7 23 11
7 24 32
7 28 36
7 29 44
7 30 58
7 35 22
7 37 20
7 38 28
7 47 43
7 56 103
7 58 42
7 t 8
8 3 66
8 5 61
8 9 57
8 12 90
8 13 17
8 16 101
8 20 38
8 21 97
8 22 52
8 23 45
8 25 28
8 31 14
8 32 56
8 33 58
8 36 24
8 40 94
8 41 82
8 50 91
8 51 84
8 55 64
8 56 30
8 59 27
8 60 84
8 62 29
8 63 29
8 t 85
9 2 40
9 3 78
9 8 57
9 11 67
9 13 67
9 14 45
9 16 48
9 17 68
9 23 90
9 24 54
9 25 95
9 26 51
9 32 49
9 37 93
9 38 89
9 41 9
9 42 94
9 43 52
9 44 99
9 45 25
9 46 61
9 47 100
9 49 53
9 50 16
9 52 86
9 55 52
9 56 50
9 60 44
10 1 73
10 3 80
10 4 76
10 5 11
10 6 46
10 7 47
10 13 79
10 14 101
10 18 42
10 20 59
10 21 82
10 32 32
10 33 28
10 41 63
10 45 85
10 47 40
10 48 97
10 49 58
10 51 39
10 57 70
10 59 81
10 62 62
10 t 100
11 1 66
11 9 67
11 12 81
11 13 28
11 14 43
11 17 74
11 28 14
11 30 9
11 35 85
11 38 39
11 41 71
11 42 34
11 48 64
11 49 32
11 51 63
11 55 20
11 57 69
11 58 62
11 61 59
12 1 82
12 2 30
12 5 63
12 8 90
12 11 81
12 16 73
12 17 44
12 21 44
12 22 56
12 32 28
12 33 43
12 36 55
12 40 58
12 42 100
12 47 92
12 48 17
12 55 45
12 56 53
12 57 40
12 58 31
12 60 78
13 2 33
13 8 17
13 9 67
13 10 79
13 11 28
13 14 41
13 15 79
13 18 25
13 23 46
13 25 65
13 27 85
13 30 46
13 33 80
13 34 80
13 35 57
13 36 50
13 40 30
13 43 61
13 44 25
13 45 19
13 46 94
13 48 76
13 51 99
13 54 23
13 58 67
13 63 61
13 t 13
14 2 40
14 3 63
14 4 83
14 6 35
14 7 75
14 9 45
14 10 101
14 11 43
14 13 41
14 16 22
14 22 96
14 25 91
14 27 98
14 32 94
14 33 51
14 34 22
14 38 52
14 40 67
14 41 85
14 42 49
14 44 71
14 46 31
14 48 68
14 50 14
14 52 54
14 53 24
14 55 57
14 60 77
15 1 77
15 3 87
15 4 33
15 5 62
15 13 79
15 17 45
15 20 37
15 24 51
15 25 38
15 28 55
15 30 73
15 33 79
15 35 64
15 37 75
15 38 72
15 45 14
15 47 97
15 51 97
15 56 100
15 59 58
15 60 54
15 61 81
15 62 59
15 63 97
15 t 55
16 1 90
16 4 85
16 6 24
16 7 44
16 8 101
16 9 48
16 12 73
16 14 22
16 19 46
16 20 47
16 22 45
16 25 59
16 27 58
16 28 72
16 30 60
16 32 73
16 33 28
16 36 87
16 37 76
16 38 36
16 40 85
16 42 36
16 46 64
16 48 24
16 51 67
16 54 60
16 55 89
16 56 66
16 57 65
16 62 67
16 t 41
17 2 88
17 4 37
17 9 68
17 11 74
17 12 44
17 15 45
17 20 79
17 21 32
17 22 103
17 24 94
17 25 74
17 26 39
17 28 55
17 32 101
17 33 24
17 35 24
17 36 100
17 42 22
17 43 76
17 46 103
17 47 84
17 48 61
17 53 68
17 54 72
17 57 102
17 58 55
17 59 78
17 60 46
18 1 48
18 2 77
18 4 40
18 5 21
18 6 10
18 10 42
18 13 25
18 21 62
18 22 102
18 29 78
18 31 82
18 32 8
18 33 63
18 36 64
18 37 44
18 39 82
18 40 72
18 42 81
18 45 31
18 47 71
18 49 90
18 56 27
18 58 12
18 t 95
19 1 91
19 3 92
19 16 46
19 24 60
19 28 28
19 33 59
19 35 48
19 37 47
19 38 24
19 43 54
19 58 40
19 60 86
19 t 59
20 4 57
20 8 38
20 10 59
20 15 37
20 16 47
20 17 79
20 23 31
20 24 74
20 26 85
20 27 14
20 29 44
20 30 100
20 32 94
20 33 101
20 34 78
20 38 80
20 39 47
20 41 22
20 42 36
20 43 97
20 44 65
20 48 99
20 49 84
20 51 12
20 53 15
20 55 34
20 61 98
20 62 27
20 t 17
21 2 71
21 5 42
21 7 54
21 8 97
21 10 82
21 12 44
21 17 32
21 18 62
21 24 70
21 27 103
21 30 96
21 32 50
21 35 41
21 36 23
21 38 83
21 42 47
21 45 26
21 48 76
21 49 85
21 50 93
21 52 91
21 53 46
22 5 89
22 6 61
22 8 52
22 12 56
22 14 96
22 16 45
22 17 103
22 18 102
22 24 38
22 26 17
22 31 42
22 33 23
22 34 23
22 41 38
22 44 73
22 46 29
22 54 89
22 56 55
22 59 23
23 3 44
23 7 11
23 8 45
23 9 90
23 13 46
23 20 31
23 26 19
23 27 47
23 29 63
23 30 77
23 31 27
23 32 49
23 35 61
23 36 15
23 39 38
23 41 48
23 46 15
23 47 30
23 48 70
23 49 99
23 53 56
24 1 71
24 2 66
24 5 72
24 7 32
24 9 54
24 15 51
24 17 94
24 19 60
24 20 74
24 21 70
24 22 38
24 31 92
24 32 93
24 36 88
24 38 57
24 39 67
24 41 32
24 42 68
24 44 72
24 46 45
24 49 42
24 50 69
24 51 96
24 54 79
24 55 47
24 60 97
24 61 60
24 62 59
25 4 53
25 6 50
25 8 28
25 9 95
25 13 65
25 14 91
25 15 38
25 16 59
25 17 74
25 26 26
25 27 10
25 28 24
25 31 81
25 32 91
25 35 52
25 36 29
25 41 8
25 43 18
25 45 22
25 46 74
25 t 34
26 1 18
26 3 42
26 9 51
26 17 39
26 20 85
26 22 17
26 23 19
26 25 26
26 27 27
26 30 97
26 34 36
26 35 30
26 37 70
26 42 40
26 45 25
26 46 103
26 47 40
26 52 78
26 55 65
27 3 97
27 13 85
27 14 98
27 16 58
27 20 14
27 21 103
27 23 47
27 25 10
27 26 27
27 28 50
27 38 8
27 39 60
27 44 92
27 45 61
27 47 35
27 51 22
27 54 92
27 55 50
27 57 46
27 59 22
27 60 52
27 63 9
28 5 89
28 7 36
28 11 14
28 15 55
28 16 72
28 17 55
28 19 28
28 25 24
28 27 50
28 29 12
28 31 28
28 32 12
28 35 72
28 38 26
28 39 51
28 43 28
28 45 54
28 47 58
28 51 50
28 52 103
28 55 21
28 56 84
28 57 48
28 58 22
28 62 33
28 t 28
29 1 58
29 3 78
29 4 37
29 7 44
29 18 78
29 20 44
29 23 63
29 28 12
29 35 40
29 40 15
29 41 35
29 50 15
29 51 24
29 53 74
29 55 33
29 60 29
30 3 64
30 7 58
30 11 9
30 13 46
30 15 73
30 16 60
30 20 100
30 21 96
30 23 77
30 26 97
30 31 29
30 32 94
30 44 52
30 47 53
30 50 68
30 53 57
30 55 10
30 56 11
30 57 95
30 58 86
30 63 99
30 t 92
31 2 33
31 8 14
31 18 82
31 22 42
31 23 27
31 24 92
31 25 81
31 28 28
31 30 29
31 37 94
31 38 84
31 41 97
31 48 9
31 50 77
31 51 82
31 52 9
31 53 79
31 58 96
31 59 99
31 63 71
31 t 62
32 4 73
32 5 13
32 8 56
32 9 49
32 10 32
32 12 28
32 14 94
32 16 73
32 17 101
32 18 8
32 20 94
32 21 50
32 23 49
32 24 93
32 25 91
32 28 12
32 30 94
32 33 19
32 36 103
32 43 99
32 44 56
32 49 74
32 50 17
32 53 15
32 54 28
32 55 25
32 56 11
32 62 76
33 2 103
33 6 78
33 8 58
33 10 28
33 12 43
33 13 80
33 14 51
33 15 79
33 16 28
33 17 24
33 18 63
33 19 59
33 20 101
33 22 23
33 32 19
33 34 32
33 38 62
33 39 45
33 41 15
33 44 31
33 47 91
33 48 48
33 50 10
33 55 17
33 56 46
33 58 97
33 59 45
33 61 67
34 1 25
34 2 103
34 3 19
34 4 66
34 13 80
34 14 22
34 20 78
34 22 23
34 26 36
34 33 32
34 35 26
34 36 89
34 40 15
34 45 25
34 46 42
34 48 14
34 50 67
34 52 57
34 53 28
34 56 34
34 59 53
34 60 83
34 61 65
35 2 82
35 5 61
35 6 85
35 7 22
35 11 85
35 13 57
35 15 64
35 17 24
35 19 48
35 21 41
35 23 61
35 25 52
35 26 30
35 28 72
35 29 40
35 34 26
35 39 93
35 40 101
35 43 59
35 45 95
35 48 17
35 50 20
35 53 55
35 54 72
35 55 85
35 58 16
35 60 73
35 62 41
35 t 46
36 1 24
36 3 37
36 4 74
36 6 8
36 8 24
36 12 55
36 13 50
36 16 87
36 17 100
36 18 64
36 21 23
36 23 15
36 24 88
36 25 29
36 32 103
36 34 89
36 37 10
36 39 31
36 40 99
36 41 75
36 43 29
36 46 42
36 47 58
36 50 80
36 55 10
36 59 95
37 1 50
37 2 51
37 5 75
37 7 20
37 9 93
37 15 75
37 16 76
37 18 44
37 19 47
37 26 70
37 31 94
37 36 10
37 42 23
37 44 9
37 47 21
37 48 83
37 52 102
37 53 84
37 54 37
37 56 64
37 57 29
37 59 51
37 60 27
37 62 74
37 63 25
38 2 58
38 3 83
38 7 28
38 9 89
38 11 39
38 14 52
38 15 72
38 16 36
38 19 24
38 20 80
38 21 83
38 24 57
38 27 8
38 28 26
38 31 84
38 33 62
38 44 91
38 46 49
38 50 73
38 52 44
38 55 98
38 56 103
38 58 86
38 61 70
39 2 54
39 6 47
39 18 82
39 20 47
39 23 38
39 24 67
39 27 60
39 28 51
39 33 45
39 35 93
39 36 31
39 44 95
39 47 77
39 53 27
39 54 61
39 62 15
39 t 23
40 4 38
40 5 11
40 6 90
40 8 94
40 12 58
40 13 30
40 14 67
40 16 85
40 18 72
40 29 15
40 34 15
40 35 101
40 36 99
40 44 57
40 52 74
40 60 32
40 61 81
40 t 70
41 3 47
41 8 82
41 9 9
41 10 63
41 11 71
41 14 85
41 20 22
41 22 38
41 23 48
41 24 32
41 25 8
41 29 35
41 31 97
41 33 15
41 36 75
41 49 65
41 50 53
41 60 48
41 61 70
41 62 57
41 63 23
41 t 54
42 4 89
42 9 94
42 11 34
42 12 100
42 14 49
42 16 36
42 17 22
42 18 81
42 20 36
42 21 47
42 24 68
42 26 40
42 37 23
42 45 97
42 46 89
42 54 77
42 58 36
43 5 80
43 6 51
43 9 52
43 13 61
43 17 76
43 19 54
43 20 97
43 25 18
43 28 28
43 32 99
43 35 59
43 36 29
43 44 54
43 45 32
43 47 81
43 49 16
43 51 13
43 54 53
43 55 78
43 57 13
43 58 86
43 62 60
44 3 90
44 9 99
44 13 25
44 14 71
44 20 65
44 22 73
44 24 72
44 27 92
44 30 52
44 32 56
44 33 31
44 37 9
44 38 91
44 39 95
44 40 57
44 43 54
44 45 47
44 49 79
44 50 74
44 61 61
44 t 25
45 1 79
45 4 78
45 5 53
45 6 84
45 9 25
45 10 85
45 13 19
45 15 14
45 18 31
45 21 26
45 25 22
45 26 25
45 27 61
45 28 54
45 34 25
45 35 95
45 42 97
45 43 32
45 44 47
45 46 60
45 47 54
45 50 78
45 51 61
45 55 99
45 59 76
46 2 81
46 5 58
46 9 61
46 13 94
46 14 31
46 16 64
46 17 103
46 22 29
46 23 15
46 24 45
46 25 74
46 26 103
46 34 42
46 36 42
46 38 49
46 42 89
46 45 60
46 50 49
46 51 88
46 53 44
46 57 33
46 59 8
47 2 12
47 7 43
47 9 100
47 10 40
47 12 92
47 15 97
47 17 84
47 18 71
47 23 30
47 26 40
47 27 35
47 28 58
47 30 53
47 33 91
47 36 58
47 37 21
47 39 77
47 43 81
47 45 54
47 48 31
47 50 45
47 52 93
47 54 18
47 56 96
48 2 75
48 10 97
48 11 64
48 12 17
48 13 76
48 14 68
48 16 24
48 17 61
48 20 99
48 21 76
48 23 70
48 31 9
48 33 48
48 34 14
48 35 17
48 37 83
48 47 31
48 50 10
48 56 43
48 60 26
48 62 25
48 63 85
48 t 87
49 3 25
49 4 15
49 9 53
49 10 58
49 11 32
49 18 90
49 20 84
49 21 85
49 23 99
49 24 42
49 32 74
49 41 65
49 43 16
49 44 79
49 50 62
49 51 42
49 60 27
49 62 88
49 63 38
50 3 68
50 8 91
50 9 16
50 14 14
50 21 93
50 24 69
50 29 15
50 30 68
50 31 77
50 32 17
50 33 10
50 34 67
50 35 20
50 36 80
50 38 73
50 41 53
50 44 74
50 45 78
50 46 49
50 47 45
50 48 10
50 49 62
50 55 59
50 60 62
50 62 11
51 8 84
51 10 39
51 11 63
51 13 99
51 15 97
51 16 67
51 20 12
51 24 96
51 27 22
51 28 50
51 29 24
51 31 82
51 43 13
51 45 61
51 46 88
51 49 42
51 53 22
51 55 10
51 56 64
51 62 100
51 t 73
52 1 84
52 9 86
52 14 54
52 21 91
52 26 78
52 28 103
52 31 9
52 34 57
52 37 102
52 38 44
52 40 74
52 47 93
52 57 17
52 58 62
52 59 39
52 60 23
52 62 45
52 t 48
53 5 20
53 6 23
53 14 24
53 17 68
53 20 15
53 21 46
53 23 56
53 29 74
53 30 57
53 31 79
53 32 15
53 34 28
53 35 55
53 37 84
53 39 27
53 46 44
53 51 22
53 55 94
53 58 33
53 59 71
53 63 79
54 1 20
54 3 103
54 13 23
54 16 60
54 17 72
54 22 89
54 24 79
54 27 92
54 32 28
54 35 72
54 37 37
54 39 61
54 42 77
54 43 53
54 47 18
54 55 61
54 58 89
54 61 78
54 63 27
55 1 26
55 8 64
55 9 52
55 11 20
55 12 45
55 14 57
55 16 89
55 20 34
55 24 47
55 26 65
55 27 50
55 28 21
55 29 33
55 30 10
55 32 25
55 33 17
55 35 85
55 36 10
55 38 98
55 43 78
55 45 99
55 50 59
55 51 10
55 53 94
55 54 61
55 56 54
55 58 46
55 61 47
55 63 24
56 5 37
56 7 103
56 8 30
56 9 50
56 12 53
56 15 100
56 16 66
56 18 27
56 22 55
56 28 84
56 30 11
56 32 11
56 33 46
56 34 34
56 37 64
56 38 103
56 47 96
56 48 43
56 51 64
56 55 54
56 57 70
56 59 90
56 61 73
56 62 73
56 63 96
56 t 85
57 1 29
57 5 17
57 10 70
57 11 69
57 12 40
57 16 65
57 17 102
57 27 46
57 28 48
57 30 95
57 37 29
57 43 13
57 46 33
57 52 17
57 56 70
57 61 94
57 t 56
58 1 41
58 4 98
58 7 42
58 11 62
58 12 31
58 13 67
58 17 55
58 18 12
58 19 40
58 28 22
58 30 86
58 31 96
58 33 97
58 35 16
58 38 86
58 42 36
58 43 86
58 52 62
58 53 33
58 54 89
58 55 46
58 60 98
58 61 61
58 62 39
58 t 43
59 1 77
59 2 16
59 4 11
59 5 80
59 8 27
59 10 81
59 15 58
59 17 78
59 22 23
59 27 22
59 31 99
59 33 45
59 34 53
59 36 95
59 37 51
59 45 76
59 46 8
59 52 39
59 53 71
59 56 90
59 61 27
59 t 35
60 2 38
60 8 84
60 9 44
60 12 78
60 14 77
60 15 54
60 17 46
60 19 86
60 24 97
60 27 52
60 29 29
60 34 83
60 35 73
60 37 27
60 40 32
60 41 48
60 48 26
60 49 27
60 50 62
60 52 23
60 58 98
60 61 71
60 63 91
60 t 29
61 1 44
61 2 22
61 11 59
61 15 81
61 20 98
61 24 60
61 33 67
61 34 65
61 38 70
61 40 81
61 41 70
61 44 61
61 54 78
61 55 47
61 56 73
61 57 94
61 58 61
61 59 27
61 60 71
61 63 37
62 8 29
62 10 62
62 15 59
62 16 67
62 20 27
62 24 59
62 28 33
62 32 76
62 35 41
62 37 74
62 39 15
62 41 57
62 43 60
62 48 25
62 49 88
62 50 11
62 51 100
62 52 45
62 56 73
62 58 39
63 4 73
63 6 44
63 8 29
63 13 61
63 15 97
63 27 9
63 30 99
63 31 71
63 37 25
63 41 23
63 48 85
63 49 38
63 53 79
63 54 27
63 55 24
63 56 96
63 60 91
63 61 37
