s 1 123
s 2 116
s 3 122
s 4 67
s 5 42
s 7 61
s 10 140
s 12 52
s 14 89
s 15 131
s 17 44
s 20 115
s 23 49
s 24 77
s 26 24
s 27 142
s 28 116
s 29 65
s 32 54
s 33 21
s 35 53
s 36 153
s 37 65
s 45 21
s 46 101
s 47 116
s 49 119
s 50 28
s 51 56
s t 115
1 2 128
1 3 155
1 5 144
1 7 40
1 8 128
1 9 106
1 10 126
1 11 32
1 14 58
1 17 42
1 18 49
1 20 135
1 21 85
1 22 17
1 24 85
1 25 49
1 28 43
1 29 135
1 31 59
1 32 141
1 34 53
1 35 133
1 37 91
1 38 19
1 39 90
1 40 103
1 43 18
1 44 45
1 45 155
1 46 137
1 47 19
1 48 136
1 50 155
1 51 144
1 t 55
2 1 128
2 4 123
2 8 39
2 9 99
2 12 120
2 13 103
2 14 19
2 15 144
2 16 30
2 17 57
2 18 145
2 19 143
2 20 63
2 21 42
2 22 68
2 23 75
2 24 73
2 25 111
2 26 138
2 27 76
2 30 147
2 31 50
2 32 79
2 33 103
2 34 100
2 35 54
2 36 46
2 37 115
2 38 156
2 39 30
2 40 127
2 43 17
2 45 17
2 47 46
2 48 116
2 49 142
2 50 102
2 t 95
3 1 155
3 4 61
3 6 123
3 7 140
3 8 69
3 9 30
3 12 51
3 13 51
3 15 38
3 16 151
3 17 19
3 18 48
3 19 138
3 20 145
3 21 158
3 22 30
3 23 154
3 24 90
3 25 120
3 29 86
3 33 86
3 34 126
3 35 137
3 36 93
3 38 101
3 39 146
3 44 128
3 45 112
3 46 29
3 48 146
3 49 36
3 50 65
3 51 48
3 t 52
4 2 123
4 3 61
4 5 52
4 7 136
4 9 143
4 10 151
4 11 145
4 12 47
4 13 122
4 14 40
4 16 60
4 17 51
4 18 108
4 19 127
4 20 143
4 23 149
4 24 76
4 28 128
4 30 25
4 31 39
4 32 76
4 35 131
4 36 88
4 37 52
4 41 111
4 44 85
4 45 26
4 46 60
4 47 131
4 50 37
4 51 132
5 1 144
5 4 52
5 6 159
5 7 132
5 8 90
5 9 44
5 10 75
5 11 61
5 14 32
5 15 111
5 17 26
5 19 52
5 20 128
5 23 30
5 24 94
5 25 131
5 26 148
5 28 105
5 29 125
5 32 46
5 35 104
5 36 119
5 37 61
5 38 52
5 40 19
5 41 133
5 43 118
5 44 85
5 45 130
5 46 18
5 49 113
5 50 145
5 51 97
5 t 32
6 3 123
6 5 159
6 7 54
6 8 135
6 9 33
6 11 65
6 12 96
6 13 116
6 14 145
6 15 139
6 16 99
6 17 63
6 19 52
6 20 147
6 23 135
6 24 94
6 26 142
6 27 157
6 29 108
6 30 84
6 31 86
6 32 17
6 33 95
6 34 47
6 35 47
6 38 117
6 39 32
6 40 141
6 41 129
6 42 104
6 43 98
6 44 135
6 47 56
6 49 37
6 50 17
6 51 67
7 1 40
7 3 140
7 4 136
7 5 132
7 6 54
7 9 53
7 10 67
7 11 144
7 15 94
7 17 76
7 18 19
7 20 57
7 21 60
7 22 155
7 23 152
7 24 103
7 26 115
7 27 122
7 28 100
7 29 37
7 31 148
7 33 66
7 34 19
7 37 94
7 38 44
7 39 111
7 40 149
7 42 71
7 43 117
7 44 94
7 46 55
7 49 59
7 50 153
7 51 108
8 1 128
8 2 39
8 3 69
8 5 90
8 6 135
8 9 103
8 10 123
8 11 50
8 12 108
8 16 48
8 18 141
8 19 139
8 23 29
8 24 123
8 25 106
8 26 157
8 29 139
8 30 108
8 31 140
8 32 156
8 34 139
8 35 89
8 36 62
8 37 32
8 39 122
8 40 108
8 41 67
8 42 36
8 45 23
8 46 40
8 48 42
8 49 150
8 50 127
8 t 93
9 1 106
9 2 99
9 3 30
9 4 143
9 5 44
9 6 33
9 7 53
9 8 103
9 10 103
9 11 99
9 14 81
9 15 56
9 16 81
9 17 25
9 18 111
9 19 116
9 20 24
9 21 52
9 22 151
9 24 154
9 26 18
9 27 117
9 29 118
9 31 151
9 32 124
9 33 76
9 34 29
9 35 121
9 36 128
9 39 108
9 40 90
9 42 116
9 44 101
9 46 104
9 47 94
9 48 86
9 49 32
9 50 32
9 51 21
9 t 78
10 1 126
10 4 151
10 5 75
10 7 67
10 8 123
10 9 103
10 11 106
10 12 59
10 13 22
10 14 115
10 15 109
10 16 55
10 17 106
10 18 20
10 19 38
10 21 76
10 22 153
10 23 145
10 25 121
10 26 87
10 27 111
10 28 150
10 31 103
10 33 157
10 34 93
10 36 82
10 37 129
10 38 24
10 40 73
10 41 113
10 42 112
10 43 32
10 44 39
10 47 21
10 51 92
11 1 32
11 4 145
11 5 61
11 6 65
11 7 144
11 8 50
11 9 99
11 10 106
11 14 51
11 17 104
11 18 94
11 19 58
11 20 123
11 21 110
11 22 80
11 24 30
11 28 47
11 30 80
11 33 101
11 34 42
11 35 64
11 36 159
11 39 38
11 40 41
11 41 96
11 42 148
11 43 120
11 44 145
11 46 38
11 47 134
11 48 64
11 50 62
11 51 59
11 t 61
12 2 120
12 3 51
12 4 47
12 6 96
12 8 108
12 10 59
12 14 147
12 15 71
12 16 50
12 18 148
12 21 104
12 22 68
12 23 26
12 24 63
12 25 43
12 26 35
12 27 147
12 28 79
12 29 124
12 30 158
12 33 35
12 34 22
12 35 117
12 37 138
12 39 99
12 40 35
12 41 88
12 42 64
12 43 78
12 44 25
12 45 26
12 46 145
12 48 73
12 t 81
13 2 103
13 3 51
13 4 122
13 6 116
13 10 22
13 15 75
13 16 21
13 18 48
13 19 49
13 20 67
13 21 139
13 22 94
13 23 142
13 24 61
13 26 117
13 27 56
13 28 34
13 30 77
13 33 144
13 36 32
13 38 24
13 39 20
13 40 35
13 41 99
13 42 105
13 43 114
13 45 32
13 48 45
13 50 152
13 51 115
14 1 58
14 2 19
14 4 40
14 5 32
14 6 145
14 9 81
14 10 115
14 11 51
14 12 147
14 15 155
14 16 30
14 18 40
14 20 98
14 21 62
14 22 148
14 23 118
14 24 112
14 27 59
14 28 92
14 29 33
14 31 149
14 32 88
14 34 136
14 35 37
14 37 98
14 40 23
14 43 34
14 46 120
14 47 54
14 48 123
14 49 148
14 50 127
14 51 148
14 t 155
15 2 144
15 3 38
15 5 111
15 6 139
15 7 94
15 9 56
15 10 109
15 12 71
15 13 75
15 14 155
15 16 67
15 18 152
15 20 65
15 21 98
15 23 138
15 24 146
15 26 112
15 28 106
15 29 24
15 30 141
15 31 76
15 33 130
15 35 128
15 37 152
15 39 100
15 42 113
15 43 57
15 44 121
15 45 71
15 46 65
15 47 133
15 48 18
15 50 71
15 51 125
16 2 30
16 3 151
16 4 60
16 6 99
16 8 48
16 9 81
16 10 55
16 12 50
16 13 21
16 14 30
16 15 67
16 18 151
16 20 140
16 22 95
16 23 117
16 25 65
16 26 81
16 27 27
16 28 43
16 29 99
16 32 118
16 33 100
16 34 150
16 35 97
16 36 71
16 37 122
16 40 132
16 41 145
16 42 109
16 44 127
16 46 93
16 47 147
16 48 36
16 49 85
16 51 87
16 t 152
17 1 42
17 2 57
17 3 19
17 4 51
17 5 26
17 6 63
17 7 76
17 9 25
17 10 106
17 11 104
17 18 63
17 19 123
17 20 52
17 21 110
17 22 41
17 24 80
17 25 62
17 26 18
17 27 93
17 28 153
17 29 37
17 30 146
17 33 53
17 34 72
17 35 52
17 36 36
17 37 18
17 39 154
17 41 138
17 42 35
17 43 137
17 45 110
17 46 47
17 47 17
17 49 130
17 50 17
17 t 126
18 1 49
18 2 145
18 3 48
18 4 108
18 7 19
18 8 141
18 9 111
18 10 20
18 11 94
18 12 148
18 13 48
18 14 40
18 15 152
18 16 151
18 17 63
18 19 89
18 20 72
18 21 95
18 22 43
18 23 134
18 24 85
18 25 119
18 28 53
18 29 95
18 30 49
18 32 81
18 33 131
18 34 28
18 37 24
18 38 49
18 40 109
18 41 120
18 42 130
18 43 46
18 44 74
18 45 102
18 46 134
18 48 83
18 51 124
18 t 93
19 2 143
19 3 138
19 4 127
19 5 52
19 6 52
19 8 139
19 9 116
19 10 38
19 11 58
19 13 49
19 17 123
19 18 89
19 20 58
19 21 88
19 22 114
19 23 37
19 26 100
19 28 71
19 29 55
19 30 70
19 31 119
19 32 107
19 34 37
19 35 31
19 36 34
19 37 17
19 40 98
19 41 106
19 43 84
19 44 78
19 45 86
19 46 137
19 48 33
19 50 141
19 51 158
19 t 48
20 1 135
20 2 63
20 3 145
20 4 143
20 5 128
20 6 147
20 7 57
20 9 24
20 11 123
20 13 67
20 14 98
20 15 65
20 16 140
20 17 52
20 18 72
20 19 58
20 22 61
20 23 152
20 25 96
20 27 89
20 29 58
20 30 19
20 31 113
20 33 130
20 34 82
20 35 21
20 36 42
20 38 67
20 39 18
20 40 27
20 41 133
20 42 34
20 43 92
20 44 134
20 46 67
20 47 72
20 48 98
20 49 29
20 51 94
20 t 122
21 1 85
21 2 42
21 3 158
21 7 60
21 9 52
21 10 76
21 11 110
21 12 104
21 13 139
21 14 62
21 15 98
21 17 110
21 18 95
21 19 88
21 22 104
21 24 66
21 27 67
21 28 119
21 30 37
21 31 105
21 32 133
21 33 94
21 35 110
21 36 103
21 37 115
21 39 22
21 40 25
21 41 147
21 42 156
21 43 156
21 44 152
21 45 58
21 47 87
21 49 66
21 51 58
21 t 158
22 1 17
22 2 68
22 3 30
22 7 155
22 9 151
22 10 153
22 11 80
22 12 68
22 13 94
22 14 148
22 16 95
22 17 41
22 18 43
22 19 114
22 20 61
22 21 104
22 23 149
22 24 137
22 25 118
22 27 70
22 29 47
22 30 130
22 31 37
22 32 53
22 34 157
22 35 129
22 36 124
22 38 111
22 39 113
22 41 54
22 43 133
22 44 33
22 50 107
22 t 106
23 2 75
23 3 154
23 4 149
23 5 30
23 6 135
23 7 152
23 8 29
23 10 145
23 12 26
23 13 142
23 14 118
23 15 138
23 16 117
23 18 134
23 19 37
23 20 152
23 22 149
23 24 159
23 26 55
23 28 149
23 31 17
23 34 97
23 36 120
23 37 79
23 38 101
23 40 18
23 41 31
23 42 132
23 43 131
23 44 94
23 45 38
23 46 77
23 47 131
23 48 139
23 49 132
23 51 57
23 t 96
24 1 85
24 2 73
24 3 90
24 4 76
24 5 94
24 6 94
24 7 103
24 8 123
24 9 154
24 11 30
24 12 63
24 13 61
24 14 112
24 15 146
24 17 80
24 18 85
24 21 66
24 22 137
24 23 159
24 25 150
24 26 88
24 27 122
24 29 50
24 30 22
24 31 154
24 32 125
24 33 78
24 35 152
24 36 91
24 37 112
24 38 51
24 40 121
24 41 83
24 45 90
24 47 140
24 50 95
24 51 103
25 1 49
25 2 111
25 3 120
25 5 131
25 8 106
25 10 121
25 12 43
25 16 65
25 17 62
25 18 119
25 20 96
25 22 118
25 24 150
25 26 42
25 28 46
25 29 111
25 30 156
25 31 32
25 33 122
25 34 82
25 36 106
25 37 107
25 38 24
25 39 82
25 40 80
25 43 129
25 47 116
25 48 84
25 50 75
25 51 104
26 2 138
26 5 148
26 6 142
26 7 115
26 8 157
26 9 18
26 10 87
26 12 35
26 13 117
26 15 112
26 16 81
26 17 18
26 19 100
26 23 55
26 24 88
26 25 42
26 27 47
26 28 128
26 29 36
26 30 78
26 31 66
26 32 114
26 33 110
26 35 85
26 37 71
26 38 72
26 39 82
26 40 154
26 41 137
26 44 107
26 46 100
26 47 92
26 48 154
26 49 131
26 50 41
27 2 76
27 6 157
27 7 122
27 9 117
27 10 111
27 12 147
27 13 56
27 14 59
27 16 27
27 17 93
27 20 89
27 21 67
27 22 70
27 24 122
27 26 47
27 28 39
27 29 118
27 31 134
27 32 75
27 33 74
27 34 123
27 35 32
27 36 89
27 39 111
27 42 94
27 44 25
27 47 153
27 51 45
27 t 63
28 1 43
28 4 128
28 5 105
28 7 100
28 10 150
28 11 47
28 12 79
28 13 34
28 14 92
28 15 106
28 16 43
28 17 153
28 18 53
28 19 71
28 21 119
28 23 149
28 25 46
28 26 128
28 27 39
28 30 117
28 31 27
28 32 102
28 33 67
28 34 47
28 35 123
28 36 144
28 37 92
28 38 57
28 39 101
28 41 79
28 42 53
28 44 64
28 45 138
28 47 146
28 48 145
28 50 21
28 t 17
29 1 135
29 3 86
29 5 125
29 6 108
29 7 37
29 8 139
29 9 118
29 12 124
29 14 33
29 15 24
29 16 99
29 17 37
29 18 95
29 19 55
29 20 58
29 22 47
29 24 50
29 25 111
29 26 36
29 27 118
29 32 122
29 33 95
29 34 104
29 35 109
29 36 104
29 38 129
29 40 89
29 41 49
29 43 136
29 44 44
29 45 136
29 47 154
29 48 69
29 49 97
29 51 61
30 2 147
30 4 25
30 6 84
30 8 108
30 11 80
30 12 158
30 13 77
30 15 141
30 17 146
30 18 49
30 19 70
30 20 19
30 21 37
30 22 130
30 24 22
30 25 156
30 26 78
30 28 117
30 31 27
30 33 109
30 34 100
30 35 101
30 37 18
30 38 129
30 39 29
30 40 54
30 41 136
30 43 158
30 47 31
30 50 47
30 t 61
31 1 59
31 2 50
31 4 39
31 6 86
31 7 148
31 8 140
31 9 151
31 10 103
31 14 149
31 15 76
31 19 119
31 20 113
31 21 105
31 22 37
31 23 17
31 24 154
31 25 32
31 26 66
31 27 134
31 28 27
31 30 27
31 32 42
31 34 81
31 35 67
31 36 116
31 37 99
31 38 136
31 42 19
31 45 47
31 46 142
31 47 44
31 49 69
31 50 118
31 t 20
32 1 141
32 2 79
32 4 76
32 5 46
32 6 17
32 8 156
32 9 124
32 14 88
32 16 118
32 18 81
32 19 107
32 21 133
32 22 53
32 24 125
32 26 114
32 27 75
32 28 102
32 29 122
32 31 42
32 34 20
32 35 90
32 39 65
32 40 86
32 44 64
32 47 145
32 48 21
32 t 154
33 2 103
33 3 86
33 6 95
33 7 66
33 9 76
33 10 157
33 11 101
33 12 35
33 13 144
33 15 130
33 16 100
33 17 53
33 18 131
33 20 130
33 21 94
33 24 78
33 25 122
33 26 110
33 27 74
33 28 67
33 29 95
33 30 109
33 34 76
33 37 43
33 38 80
33 39 19
33 40 57
33 41 30
33 44 52
33 46 126
33 48 85
33 49 67
33 50 125
33 51 23
34 1 53
34 2 100
34 3 126
34 6 47
34 7 19
34 8 139
34 9 29
34 10 93
34 11 42
34 12 22
34 14 136
34 16 150
34 17 72
34 18 28
34 19 37
34 20 82
34 22 157
34 23 97
34 25 82
34 27 123
34 28 47
34 29 104
34 30 100
34 31 81
34 32 20
34 33 76
34 37 87
34 41 97
34 44 108
34 45 20
34 49 136
34 50 52
34 51 23
34 t 147
35 1 133
35 2 54
35 3 137
35 4 131
35 5 104
35 6 47
35 8 89
35 9 121
35 11 64
35 12 117
35 14 37
35 15 128
35 16 97
35 17 52
35 19 31
35 20 21
35 21 110
35 22 129
35 24 152
35 26 85
35 27 32
35 28 123
35 29 109
35 30 101
35 31 67
35 32 90
35 37 113
35 38 154
35 42 93
35 44 80
35 46 34
35 49 34
35 t 67
36 2 46
36 3 93
36 4 88
36 5 119
36 8 62
36 9 128
36 10 82
36 11 159
36 13 32
36 16 71
36 17 36
36 19 34
36 20 42
36 21 103
36 22 124
36 23 120
36 24 91
36 25 106
36 27 89
36 28 144
36 29 104
36 31 116
36 37 17
36 40 38
36 41 147
36 42 95
36 44 135
36 45 107
36 46 106
36 47 156
36 48 72
36 49 48
36 51 121
36 t 67
37 1 91
37 2 115
37 4 52
37 5 61
37 7 94
37 8 32
37 10 129
37 12 138
37 14 98
37 15 152
37 16 122
37 17 18
37 18 24
37 19 17
37 21 115
37 23 79
37 24 112
37 25 107
37 26 71
37 28 92
37 30 18
37 31 99
37 33 43
37 34 87
37 35 113
37 36 17
37 38 56
37 39 105
37 40 135
37 42 43
37 43 111
37 44 75
37 45 103
37 46 109
37 49 139
37 50 49
37 t 127
38 1 19
38 2 156
38 3 101
38 5 52
38 6 117
38 7 44
38 10 24
38 13 24
38 18 49
38 20 67
38 22 111
38 23 101
38 24 51
38 25 24
38 26 72
38 28 57
38 29 129
38 30 129
38 31 136
38 33 80
38 35 154
38 37 56
38 40 33
38 42 19
38 46 117
38 47 62
38 50 49
39 1 90
39 2 30
39 3 146
39 6 32
39 7 111
39 8 122
39 9 108
39 11 38
39 12 99
39 13 20
39 15 100
39 17 154
39 20 18
39 21 22
39 22 113
39 25 82
39 26 82
39 27 111
39 28 101
39 30 29
39 32 65
39 33 19
39 37 105
39 40 125
39 41 112
39 43 132
39 44 63
39 45 129
39 46 39
39 48 17
39 50 112
39 51 67
40 1 103
40 2 127
40 5 19
40 6 141
40 7 149
40 8 108
40 9 90
40 10 73
40 11 41
40 12 35
40 13 35
40 14 23
40 16 132
40 18 109
40 19 98
40 20 27
40 21 25
40 23 18
40 24 121
40 25 80
40 26 154
40 29 89
40 30 54
40 32 86
40 33 57
40 36 38
40 37 135
40 38 33
40 39 125
40 41 71
40 43 156
40 45 72
40 46 71
40 47 159
40 49 96
40 50 20
40 51 139
40 t 30
41 4 111
41 5 133
41 6 129
41 8 67
41 10 113
41 11 96
41 12 88
41 13 99
41 16 145
41 17 138
41 18 120
41 19 106
41 20 133
41 21 147
41 22 54
41 23 31
41 24 83
41 26 137
41 28 79
41 29 49
41 30 136
41 33 30
41 34 97
41 36 147
41 39 112
41 40 71
41 42 98
41 43 48
41 44 131
41 45 21
41 46 126
41 48 123
41 49 61
41 50 94
41 51 98
41 t 43
42 6 104
42 7 71
42 8 36
42 9 116
42 10 112
42 11 148
42 12 64
42 13 105
42 15 113
42 16 109
42 17 35
42 18 130
42 20 34
42 21 156
42 23 132
42 27 94
42 28 53
42 31 19
42 35 93
42 36 95
42 37 43
42 38 19
42 41 98
42 43 84
42 44 47
42 45 25
42 46 149
42 47 71
42 49 33
42 50 30
42 t 26
43 1 18
43 2 17
43 5 118
43 6 98
43 7 117
43 10 32
43 11 120
43 12 78
43 13 114
43 14 34
43 15 57
43 17 137
43 18 46
43 19 84
43 20 92
43 21 156
43 22 133
43 23 131
43 25 129
43 29 136
43 30 158
43 37 111
43 39 132
43 40 156
43 41 48
43 42 84
43 44 55
43 45 124
43 46 23
43 47 78
43 48 107
43 49 150
43 50 40
43 t 147
44 1 45
44 3 128
44 4 85
44 5 85
44 6 135
44 7 94
44 9 101
44 10 39
44 11 145
44 12 25
44 15 121
44 16 127
44 18 74
44 19 78
44 20 134
44 21 152
44 22 33
44 23 94
44 26 107
44 27 25
44 28 64
44 29 44
44 32 64
44 33 52
44 34 108
44 35 80
44 36 135
44 37 75
44 39 63
44 41 131
44 42 47
44 43 55
44 46 134
44 48 157
44 49 18
44 50 120
44 51 81
45 1 155
45 2 17
45 3 112
45 4 26
45 5 130
45 8 23
45 12 26
45 13 32
45 15 71
45 17 110
45 18 102
45 19 86
45 21 58
45 23 38
45 24 90
45 28 138
45 29 136
45 31 47
45 34 20
45 36 107
45 37 103
45 39 129
45 40 72
45 41 21
45 42 25
45 43 124
45 47 53
45 50 60
45 t 52
46 1 137
46 3 29
46 4 60
46 5 18
46 7 55
46 8 40
46 9 104
46 11 38
46 12 145
46 14 120
46 15 65
46 16 93
46 17 47
46 18 134
46 19 137
46 20 67
46 23 77
46 26 100
46 31 142
46 33 126
46 35 34
46 36 106
46 37 109
46 38 117
46 39 39
46 40 71
46 41 126
46 42 149
46 43 23
46 44 134
46 47 36
46 48 58
46 49 118
46 50 125
46 t 68
47 1 19
47 2 46
47 4 131
47 6 56
47 9 94
47 10 21
47 11 134
47 14 54
47 15 133
47 16 147
47 17 17
47 20 72
47 21 87
47 23 131
47 24 140
47 25 116
47 26 92
47 27 153
47 28 146
47 29 154
47 30 31
47 31 44
47 32 145
47 36 156
47 38 62
47 40 159
47 42 71
47 43 78
47 45 53
47 46 36
47 48 43
47 50 104
47 51 156
47 t 75
48 1 136
48 2 116
48 3 146
48 8 42
48 9 86
48 11 64
48 12 73
48 13 45
48 14 123
48 15 18
48 16 36
48 18 83
48 19 33
48 20 98
48 23 139
48 25 84
48 26 154
48 28 145
48 29 69
48 32 21
48 33 85
48 36 72
48 39 17
48 41 123
48 43 107
48 44 157
48 46 58
48 47 43
48 49 30
48 50 155
48 51 51
49 2 142
49 3 36
49 5 113
49 6 37
49 7 59
49 8 150
49 9 32
49 14 148
49 16 85
49 17 130
49 20 29
49 21 66
49 23 132
49 26 131
49 29 97
49 31 69
49 33 67
49 34 136
49 35 34
49 36 48
49 37 139
49 40 96
49 41 61
49 42 33
49 43 150
49 44 18
49 46 118
49 48 30
49 51 25
50 1 155
50 2 102
50 3 65
50 4 37
50 5 145
50 6 17
50 7 153
50 8 127
50 9 32
50 11 62
50 13 152
50 14 127
50 15 71
50 17 17
50 19 141
50 22 107
50 24 95
50 25 75
50 26 41
50 28 21
50 30 47
50 31 118
50 33 125
50 34 52
50 37 49
50 38 49
50 39 112
50 40 20
50 41 94
50 42 30
50 43 40
50 44 120
50 45 60
50 46 125
50 47 104
50 48 155
50 t 54
51 1 144
51 3 48
51 4 132
51 5 97
51 6 67
51 7 108
51 9 21
51 10 92
51 11 59
51 13 115
51 14 148
51 15 125
51 16 87
51 18 124
51 19 158
51 20 94
51 21 58
51 23 57
51 24 103
51 25 104
51 27 45
51 29 61
51 33 23
51 34 23
51 36 121
51 39 67
51 40 139
51 41 98
51 44 81
51 47 156
51 48 51
51 49 25
51 t 81
