s 2 18
s 3 15
s 6 11
s 7 11
s 8 13
s 10 20
s 11 10
s 12 14
s 16 15
s 19 21
s 22 14
s 23 20
s 25 17
s 27 22
s 30 11
s 31 9
1 2 12
1 3 8
1 4 15
1 6 20
1 9 17
1 10 15
1 11 16
1 13 8
1 15 19
1 16 11
1 17 12
1 19 13
1 21 21
1 23 22
1 25 9
1 26 18
1 30 21
2 1 12
2 3 18
2 7 17
2 8 10
2 9 14
2 12 9
2 14 9
2 15 8
2 17 19
2 18 10
2 20 19
2 22 12
2 23 8
2 28 22
3 1 8
3 2 18
3 4 9
3 7 17
3 8 15
3 9 15
3 11 11
3 13 13
3 15 20
3 16 12
3 17 15
3 18 13
3 19 22
3 20 10
3 21 8
3 22 9
3 24 15
3 27 14
3 29 21
3 30 20
3 31 19
4 1 15
4 3 9
4 5 20
4 6 22
4 7 8
4 8 16
4 9 13
4 11 15
4 15 10
4 19 19
4 20 16
4 23 19
4 25 21
4 27 20
4 29 11
4 31 9
5 4 20
5 6 16
5 7 22
5 8 13
5 9 16
5 12 13
5 14 9
5 16 21
5 18 22
5 19 11
5 20 18
5 21 20
5 23 20
5 24 12
5 27 18
5 28 20
5 t 13
6 1 20
6 4 22
6 5 16
6 8 9
6 9 8
6 10 9
6 11 14
6 12 20
6 18 12
6 19 10
6 20 18
6 21 19
6 24 18
6 25 18
6 26 20
6 29 18
6 30 10
7 2 17
7 3 17
7 4 8
7 5 22
7 8 12
7 9 9
7 12 13
7 13 21
7 14 9
7 15 22
7 16 20
7 17 22
7 21 9
7 22 11
7 23 17
7 24 19
7 28 21
7 29 21
8 2 10
8 3 15
8 4 16
8 5 13
8 6 9
8 7 12
8 9 9
8 11 12
8 12 17
8 13 21
8 15 18
8 18 11
8 19 13
8 20 18
8 25 15
8 28 13
8 29 21
8 31 18
9 1 17
9 2 14
9 3 15
9 4 13
9 5 16
9 6 8
9 7 9
9 8 9
9 10 21
9 11 19
9 16 13
9 17 21
9 18 18
9 20 17
9 21 13
9 22 14
9 23 16
9 25 15
9 28 20
9 30 17
9 31 20
9 t 16
10 1 15
10 6 9
10 9 21
10 11 13
10 13 13
10 15 9
10 16 13
10 18 18
10 22 12
10 25 13
10 26 19
10 28 15
10 30 8
10 31 19
11 1 16
11 3 11
11 4 15
11 6 14
11 8 12
11 9 19
11 10 13
11 12 12
11 14 22
11 16 10
11 17 17
11 19 15
11 20 15
11 21 21
11 23 9
11 24 11
11 25 20
11 26 17
11 27 22
11 29 10
11 30 11
11 31 21
11 t 15
12 2 9
12 5 13
12 6 20
12 7 13
12 8 17
12 11 12
12 13 11
12 18 16
12 19 9
12 20 17
12 25 9
12 26 17
12 27 22
12 28 10
12 30 21
12 31 13
12 t 22
13 1 8
13 3 13
13 7 21
13 8 21
13 10 13
13 12 11
13 14 13
13 15 17
13 18 20
13 20 20
13 22 18
13 23 21
13 24 16
13 26 12
13 27 9
13 29 12
13 31 11
14 2 9
14 5 9
14 7 9
14 11 22
14 13 13
14 15 17
14 17 14
14 18 14
14 19 22
14 20 18
14 22 14
14 25 15
14 27 14
14 28 10
14 29 10
14 30 12
15 1 19
15 2 8
15 3 20
15 4 10
15 7 22
15 8 18
15 10 9
15 13 17
15 14 17
15 16 19
15 18 17
15 19 17
15 21 9
15 22 12
15 24 13
15 25 15
15 26 22
15 28 13
15 29 12
15 30 11
16 1 11
16 3 12
16 5 21
16 7 20
16 9 13
16 10 13
16 11 10
16 15 19
16 17 12
16 18 21
16 19 9
16 20 19
16 26 21
16 27 17
16 30 14
16 t 11
17 1 12
17 2 19
17 3 15
17 7 22
17 9 21
17 11 17
17 14 14
17 16 12
17 18 21
17 19 11
17 21 13
17 22 16
17 23 11
17 30 9
17 t 10
18 2 10
18 3 13
18 5 22
18 6 12
18 8 11
18 9 18
18 10 18
18 12 16
18 13 20
18 14 14
18 15 17
18 16 21
18 17 21
18 21 18
18 24 13
18 26 16
18 28 10
18 29 21
18 30 10
19 1 13
19 3 22
19 4 19
19 5 11
19 6 10
19 8 13
19 11 15
19 12 9
19 14 22
19 15 17
19 16 9
19 17 11
19 21 12
19 22 17
19 25 15
19 26 14
19 27 13
19 29 10
19 31 9
20 2 19
20 3 10
20 4 16
20 5 18
20 6 18
20 8 18
20 9 17
20 11 15
20 12 17
20 13 20
20 14 18
20 16 19
20 22 13
20 25 9
20 26 14
20 31 10
21 1 21
21 3 8
21 5 20
21 6 19
21 7 9
21 9 13
21 11 21
21 15 9
21 17 13
21 18 18
21 19 12
21 23 16
21 25 20
21 27 21
21 28 17
21 29 9
21 30 14
22 2 12
22 3 9
22 7 11
22 9 14
22 10 12
22 13 18
22 14 14
22 15 12
22 17 16
22 19 17
22 20 13
22 24 18
22 29 9
22 30 10
22 t 18
23 1 22
23 2 8
23 4 19
23 5 20
23 7 17
23 9 16
23 11 9
23 13 21
23 17 11
23 21 16
23 24 11
23 27 21
23 29 12
23 t 15
24 3 15
24 5 12
24 6 18
24 7 19
24 11 11
24 13 16
24 15 13
24 18 13
24 22 18
24 23 11
24 26 14
24 29 18
25 1 9
25 4 21
25 6 18
25 8 15
25 9 15
25 10 13
25 11 20
25 12 9
25 14 15
25 15 15
25 19 15
25 20 9
25 21 20
25 27 18
25 29 21
25 30 8
26 1 18
26 6 20
26 10 19
26 11 17
26 12 17
26 13 12
26 15 22
26 16 21
26 18 16
26 19 14
26 20 14
26 24 14
26 28 18
26 30 8
27 3 14
27 4 20
27 5 18
27 11 22
27 12 22
27 13 9
27 14 14
27 16 17
27 19 13
27 21 21
27 23 21
27 25 18
27 28 13
27 30 11
27 t 20
28 2 22
28 5 20
28 7 21
28 8 13
28 9 20
28 10 15
28 12 10
28 14 10
28 15 13
28 18 10
28 21 17
28 26 18
28 27 13
28 29 22
28 30 16
29 3 21
29 4 11
29 6 18
29 7 21
29 8 21
29 11 10
29 13 12
29 14 10
29 15 12
29 18 21
29 19 10
29 21 9
29 22 9
29 23 12
29 24 18
29 25 21
29 28 22
30 1 21
30 3 20
30 6 10
30 9 17
30 10 8
30 11 11
30 12 21
30 14 12
30 15 11
30 16 14
30 17 9
30 18 10
30 21 14
30 22 10
30 25 8
30 26 8
30 27 11
30 28 16
30 t 21
31 3 19
31 4 9
31 8 18
31 9 20
31 10 19
31 11 21
31 12 13
31 13 11
31 19 9
31 20 10
31 t 8
