s 2 54
s 3 36
s 4 39
s 5 18
s 6 71
s 7 32
s 8 52
s 10 26
s 11 17
s 13 48
s 15 55
s 16 32
s 17 32
s 18 70
s 19 39
s 20 30
s 21 54
s 22 72
s 23 43
s 24 55
s 25 20
s 26 26
s 27 65
s 29 28
s 30 38
s 31 53
s 32 52
s 35 54
s 36 57
s 38 43
s 39 23
s 40 20
s 41 65
s 43 27
s 46 43
s 47 43
s 48 59
s 49 68
s 50 69
s 51 40
s 52 41
s 53 39
s 55 46
s 57 52
s 58 72
s 59 40
s 61 26
s 62 39
s 63 43
s 64 22
s 65 68
s 66 70
s 67 47
s 68 18
s 69 42
s 71 29
s 72 42
s 74 35
s 76 61
s 77 61
s 78 30
s 79 46
s 80 47
s 82 31
s 83 16
s 84 31
s 85 14
s 86 46
s 87 69
s 88 59
s 89 30
s 90 38
s 91 32
s 92 50
s 93 55
s t 28
1 2 45
1 3 62
1 4 64
1 5 42
1 6 69
1 8 34
1 9 30
1 11 26
1 12 55
1 13 54
1 14 60
1 20 57
1 21 68
1 22 44
1 23 64
1 24 71
1 26 47
1 27 52
1 28 63
1 30 45
1 31 48
1 33 48
1 34 70
1 35 32
1 37 26
1 38 31
1 39 72
1 40 53
1 41 64
1 44 51
1 45 49
1 47 59
1 48 23
1 49 62
1 50 51
1 51 50
1 52 58
1 53 69
1 54 66
1 55 14
1 56 61
1 58 28
1 60 47
1 61 55
1 62 35
1 63 43
1 64 44
1 65 21
1 66 54
1 67 72
1 68 32
1 69 30
1 70 55
1 71 59
1 72 30
1 73 69
1 74 30
1 77 50
1 78 45
1 79 41
1 80 33
1 81 55
1 82 54
1 83 65
1 84 65
1 85 56
1 86 16
1 88 30
1 89 55
1 91 59
1 92 62
1 93 44
2 1 45
2 6 34
2 7 32
2 9 60
2 11 23
2 13 53
2 14 18
2 15 14
2 16 50
2 17 33
2 19 38
2 20 70
2 21 19
2 23 66
2 24 59
2 25 34
2 26 73
2 27 34
2 29 34
2 30 29
2 31 30
2 33 36
2 34 54
2 35 65
2 36 55
2 38 41
2 39 38
2 40 48
2 41 51
2 42 24
2 43 34
2 44 26
2 45 63
2 46 53
2 47 64
2 49 51
2 50 52
2 51 22
2 53 23
2 54 24
2 55 46
2 57 71
2 58 52
2 60 54
2 61 19
2 62 40
2 63 31
2 64 14
2 65 72
2 67 30
2 68 39
2 69 29
2 70 44
2 71 23
2 72 37
2 73 20
2 74 36
2 76 50
2 77 19
2 78 51
2 79 71
2 80 57
2 81 43
2 82 16
2 83 47
2 84 51
2 85 34
2 86 66
2 87 24
2 88 54
2 90 30
2 92 14
2 93 58
2 t 60
3 1 62
3 4 15
3 5 49
3 6 58
3 7 61
3 8 41
3 10 21
3 11 50
3 13 59
3 14 48
3 15 60
3 18 65
3 20 50
3 23 59
3 24 40
3 25 27
3 26 72
3 29 63
3 30 57
3 31 25
3 33 64
3 36 17
3 38 45
3 39 17
3 40 19
3 41 71
3 42 25
3 44 27
3 45 33
3 46 72
3 47 22
3 49 57
3 50 47
3 53 14
3 54 31
3 55 24
3 56 32
3 57 27
3 58 73
3 59 37
3 60 36
3 61 44
3 62 44
3 65 17
3 66 58
3 68 67
3 69 69
3 70 33
3 71 18
3 72 20
3 73 20
3 74 23
3 75 58
3 76 38
3 77 42
3 78 41
3 79 21
3 80 27
3 81 51
3 82 50
3 84 52
3 86 34
3 87 25
3 88 62
3 89 64
3 90 14
3 91 47
3 93 17
3 t 32
4 1 64
4 3 15
4 5 72
4 8 67
4 9 43
4 10 44
4 12 70
4 13 55
4 14 20
4 17 22
4 18 53
4 19 17
4 21 53
4 22 40
4 23 72
4 24 62
4 25 61
4 26 72
4 27 49
4 28 68
4 29 53
4 30 39
4 33 49
4 35 61
4 36 18
4 37 48
4 38 27
4 39 58
4 40 49
4 41 42
4 42 45
4 44 73
4 45 15
4 46 15
4 49 23
4 52 18
4 53 37
4 54 24
4 55 58
4 56 68
4 57 41
4 58 45
4 61 17
4 62 21
4 64 19
4 65 73
4 67 60
4 68 35
4 69 27
4 70 16
4 71 16
4 72 51
4 73 44
4 75 29
4 76 60
4 77 24
4 78 46
4 79 35
4 80 55
4 82 19
4 83 49
4 84 47
4 85 40
4 86 18
4 88 64
4 89 15
4 90 70
4 91 63
4 t 36
5 1 42
5 3 49
5 4 72
5 6 30
5 7 41
5 8 73
5 9 44
5 10 67
5 11 71
5 12 26
5 13 25
5 14 41
5 15 63
5 16 25
5 18 16
5 19 22
5 20 44
5 21 20
5 22 26
5 23 60
5 24 67
5 25 52
5 26 64
5 27 42
5 28 70
5 29 52
5 30 27
5 31 31
5 32 37
5 33 34
5 34 53
5 35 49
5 37 51
5 39 15
5 40 64
5 41 46
5 42 19
5 43 63
5 44 46
5 45 45
5 46 60
5 47 23
5 48 70
5 49 22
5 50 48
5 51 67
5 57 69
5 58 64
5 60 72
5 61 53
5 62 64
5 64 66
5 65 31
5 66 37
5 70 52
5 71 55
5 72 54
5 73 15
5 75 18
5 76 31
5 77 47
5 78 63
5 79 30
5 80 73
5 81 42
5 82 36
5 83 48
5 84 42
5 85 17
5 87 64
5 88 24
5 89 51
5 90 15
5 91 67
5 93 35
5 t 62
6 1 69
6 2 34
6 3 58
6 5 30
6 8 40
6 9 57
6 10 34
6 11 24
6 12 36
6 16 58
6 17 22
6 18 70
6 19 69
6 20 21
6 22 57
6 23 30
6 24 53
6 25 20
6 27 44
6 28 54
6 30 29
6 31 14
6 32 57
6 33 60
6 34 49
6 36 14
6 37 61
6 38 33
6 39 22
6 40 54
6 41 21
6 42 65
6 43 69
6 44 17
6 45 40
6 47 68
6 48 54
6 49 23
6 50 58
6 53 63
6 54 51
6 55 46
6 56 28
6 58 38
6 59 15
6 61 47
6 62 16
6 63 48
6 65 32
6 66 56
6 69 66
6 70 64
6 71 25
6 72 73
6 73 36
6 74 24
6 76 21
6 77 39
6 78 71
6 80 41
6 81 53
6 82 16
6 85 35
6 86 69
6 87 52
6 88 71
6 89 54
6 90 69
6 92 72
6 t 36
7 2 32
7 3 61
7 5 41
7 8 26
7 10 72
7 11 66
7 12 21
7 13 23
7 14 64
7 17 64
7 18 50
7 20 56
7 21 70
7 22 72
7 23 49
7 24 44
7 26 25
7 27 38
7 28 57
7 30 39
7 31 66
7 32 43
7 34 40
7 35 16
7 36 38
7 37 60
7 38 25
7 39 52
7 41 32
7 42 16
7 43 29
7 44 70
7 48 44
7 50 33
7 51 29
7 52 61
7 53 33
7 54 48
7 55 21
7 56 15
7 57 67
7 58 34
7 59 63
7 60 25
7 61 20
7 62 22
7 63 37
7 66 48
7 67 49
7 68 64
7 69 69
7 70 28
7 71 52
7 74 29
7 75 64
7 76 64
7 77 42
7 78 73
7 80 35
7 81 63
7 83 27
7 84 36
7 85 33
7 86 57
7 87 43
7 89 17
7 92 41
7 93 68
7 t 49
8 1 34
8 3 41
8 4 67
8 5 73
8 6 40
8 7 26
8 9 67
8 11 16
8 13 68
8 14 63
8 15 36
8 17 38
8 18 34
8 19 35
8 21 63
8 22 34
8 25 60
8 26 40
8 27 29
8 29 50
8 30 62
8 31 47
8 32 33
8 38 53
8 39 70
8 40 45
8 41 24
8 43 16
8 44 51
8 45 44
8 46 55
8 47 30
8 48 26
8 49 18
8 51 16
8 53 27
8 56 54
8 57 35
8 58 61
8 60 59
8 61 58
8 62 34
8 63 27
8 64 69
8 66 72
8 67 24
8 68 72
8 69 19
8 73 33
8 74 45
8 75 52
8 76 67
8 77 42
8 78 55
8 79 14
8 81 69
8 82 32
8 83 48
8 85 58
8 86 16
8 87 34
8 88 71
8 89 54
8 90 70
8 91 15
8 92 21
8 93 55
8 t 30
9 1 30
9 2 60
9 4 43
9 5 44
9 6 57
9 8 67
9 10 51
9 11 41
9 12 16
9 15 21
9 17 19
9 18 36
9 20 43
9 21 65
9 22 61
9 24 26
9 25 38
9 27 35
9 28 67
9 29 20
9 30 49
9 31 56
9 32 30
9 33 23
9 36 73
9 37 57
9 38 20
9 39 61
9 40 37
9 41 29
9 42 19
9 43 21
9 46 36
9 47 66
9 48 64
9 50 53
9 52 20
9 53 66
9 54 31
9 55 19
9 57 33
9 59 59
9 61 57
9 62 37
9 63 36
9 64 31
9 66 47
9 67 49
9 69 35
9 72 16
9 73 40
9 75 18
9 76 55
9 77 42
9 78 28
9 80 15
9 81 55
9 82 30
9 83 46
9 85 71
9 86 58
9 87 62
9 89 53
9 90 43
9 91 17
9 92 22
9 93 39
10 3 21
10 4 44
10 5 67
10 6 34
10 7 72
10 9 51
10 12 60
10 13 65
10 19 42
10 24 34
10 25 17
10 26 70
10 27 56
10 30 33
10 33 21
10 34 34
10 35 32
10 38 62
10 39 71
10 40 39
10 41 64
10 42 56
10 43 47
10 45 70
10 47 28
10 49 65
10 50 58
10 51 64
10 52 39
10 53 41
10 54 41
10 58 52
10 59 73
10 61 64
10 62 43
10 63 31
10 65 37
10 68 41
10 69 16
10 70 20
10 71 72
10 72 58
10 73 67
10 76 65
10 77 73
10 81 20
10 82 70
10 83 30
10 84 60
10 86 20
10 87 70
10 88 23
10 90 41
10 92 70
10 t 27
11 1 26
11 2 23
11 3 50
11 5 71
11 6 24
11 7 66
11 8 16
11 9 41
11 14 20
11 15 44
11 16 65
11 19 64
11 20 35
11 21 34
11 24 46
11 25 44
11 27 59
11 28 50
11 32 18
11 33 64
11 34 67
11 35 49
11 36 49
11 37 17
11 39 72
11 41 36
11 42 57
11 43 65
11 45 50
11 47 60
11 48 14
11 49 72
11 50 32
11 51 69
11 52 47
11 53 21
11 54 21
11 55 59
11 57 54
11 59 39
11 60 57
11 61 49
11 62 73
11 63 49
11 64 17
11 65 72
11 68 59
11 70 55
11 72 51
11 73 61
11 74 18
11 75 53
11 76 73
11 77 19
11 78 40
11 79 47
11 80 23
11 81 26
11 82 26
11 85 66
11 86 59
11 88 68
11 92 38
11 93 52
11 t 32
12 1 55
12 4 70
12 5 26
12 6 36
12 7 21
12 9 16
12 10 60
12 14 67
12 16 67
12 17 21
12 18 58
12 19 35
12 21 64
12 22 35
12 24 30
12 25 53
12 26 39
12 27 18
12 28 30
12 29 26
12 30 53
12 31 35
12 32 48
12 33 52
12 34 70
12 35 20
12 36 33
12 37 49
12 39 51
12 40 46
12 41 20
12 43 72
12 46 42
12 48 65
12 49 72
12 50 44
12 51 64
12 52 48
12 53 44
12 54 37
12 55 65
12 56 62
12 58 27
12 59 19
12 60 32
12 62 18
12 63 38
12 64 47
12 65 15
12 66 58
12 67 43
12 68 21
12 70 51
12 71 60
12 72 32
12 74 37
12 75 50
12 76 51
12 77 49
12 78 21
12 79 65
12 81 66
12 82 59
12 83 22
12 84 53
12 85 46
12 86 69
12 87 52
12 89 32
12 91 41
12 92 72
12 93 56
12 t 56
13 1 54
13 2 53
13 3 59
13 4 55
13 5 25
13 7 23
13 8 68
13 10 65
13 14 20
13 15 28
13 16 64
13 17 45
13 19 24
13 20 71
13 21 71
13 22 62
13 23 52
13 24 18
13 26 24
13 27 33
13 30 50
13 31 27
13 32 50
13 33 61
13 35 62
13 37 29
13 38 68
13 39 40
13 40 25
13 41 56
13 42 24
13 43 25
13 44 31
13 45 42
13 46 25
13 47 26
13 48 39
13 50 71
13 51 28
13 53 59
13 54 50
13 55 14
13 56 36
13 57 56
13 58 38
13 59 46
13 60 51
13 61 69
13 64 56
13 65 61
13 66 35
13 68 54
13 69 29
13 71 62
13 72 70
13 73 44
13 76 59
13 78 68
13 80 20
13 81 51
13 82 56
13 83 23
13 85 17
13 87 36
13 88 69
13 89 18
13 90 59
13 91 49
13 92 57
14 1 60
14 2 18
14 3 48
14 4 20
14 5 41
14 7 64
14 8 63
14 11 20
14 12 67
14 13 20
14 15 48
14 16 66
14 19 50
14 21 56
14 24 68
14 25 71
14 26 50
14 27 61
14 30 34
14 32 70
14 33 22
14 35 30
14 36 58
14 37 48
14 44 71
14 45 43
14 47 22
14 49 69
14 50 38
14 51 62
14 52 37
14 53 27
14 55 44
14 56 34
14 58 59
14 60 40
14 61 66
14 62 30
14 64 59
14 65 33
14 66 57
14 67 36
14 68 38
14 69 23
14 70 48
14 71 48
14 73 59
14 75 20
14 76 57
14 77 73
14 78 48
14 80 14
14 81 18
14 82 48
14 83 44
14 85 66
14 88 32
14 91 21
14 93 66
14 t 34
15 2 14
15 3 60
15 5 63
15 8 36
15 9 21
15 11 44
15 13 28
15 14 48
15 17 70
15 18 58
15 19 34
15 21 73
15 22 15
15 23 31
15 25 40
15 26 32
15 28 16
15 29 38
15 30 54
15 31 20
15 32 70
15 33 48
15 34 15
15 36 30
15 38 48
15 39 15
15 40 20
15 41 34
15 42 58
15 43 56
15 44 40
15 45 52
15 46 52
15 47 21
15 48 41
15 49 65
15 51 54
15 52 60
15 54 65
15 57 23
15 58 50
15 59 24
15 61 39
15 62 25
15 63 36
15 65 56
15 66 71
15 69 24
15 71 25
15 72 50
15 74 27
15 75 24
15 76 43
15 77 72
15 78 33
15 79 50
15 80 21
15 82 15
15 84 69
15 85 22
15 86 69
15 87 34
15 89 58
15 90 23
15 91 37
15 92 14
15 93 51
15 t 30
16 2 50
16 5 25
16 6 58
16 11 65
16 12 67
16 13 64
16 14 66
16 17 73
16 19 41
16 21 52
16 22 46
16 23 16
16 25 61
16 26 22
16 28 52
16 30 60
16 31 37
16 32 44
16 33 62
16 34 31
16 35 52
16 37 34
16 38 14
16 39 37
16 40 38
16 41 71
16 44 20
16 45 69
16 46 46
16 47 48
16 48 66
16 49 20
16 52 22
16 53 33
16 54 56
16 55 68
16 56 61
16 57 14
16 58 24
16 60 56
16 61 66
16 62 58
16 63 68
16 64 62
16 66 22
16 67 59
16 68 59
16 69 50
16 71 58
16 72 57
16 73 60
16 74 53
16 75 68
16 76 61
16 77 45
16 78 40
16 79 28
16 80 57
16 81 53
16 82 34
16 84 15
16 87 46
16 90 41
16 92 36
16 93 17
17 2 33
17 4 22
17 6 22
17 7 64
17 8 38
17 9 19
17 12 21
17 13 45
17 15 70
17 16 73
17 18 53
17 20 47
17 21 45
17 22 40
17 23 32
17 25 52
17 27 38
17 28 27
17 29 25
17 30 48
17 31 40
17 32 68
17 33 39
17 35 15
17 36 68
17 37 52
17 38 73
17 39 19
17 40 69
17 41 39
17 42 72
17 43 49
17 44 62
17 45 72
17 46 23
17 49 73
17 50 33
17 51 72
17 52 71
17 55 62
17 58 47
17 60 67
17 61 64
17 62 60
17 64 68
17 65 19
17 66 41
17 67 70
17 68 63
17 69 17
17 71 46
17 72 49
17 74 21
17 75 70
17 77 28
17 78 54
17 79 28
17 80 47
17 81 59
17 82 51
17 84 56
17 85 26
17 86 24
17 87 63
17 88 39
17 89 27
17 90 61
17 91 30
17 93 68
17 t 68
18 3 65
18 4 53
18 5 16
18 6 70
18 7 50
18 8 34
18 9 36
18 12 58
18 15 58
18 17 53
18 19 46
18 20 54
18 21 44
18 23 58
18 24 58
18 25 18
18 26 44
18 27 17
18 28 56
18 29 27
18 30 37
18 31 38
18 32 38
18 33 38
18 34 32
18 37 71
18 38 58
18 39 65
18 40 35
18 41 72
18 42 34
18 44 22
18 46 57
18 50 66
18 51 46
18 52 18
18 53 23
18 54 54
18 57 58
18 58 52
18 59 60
18 60 68
18 62 14
18 64 24
18 66 37
18 67 16
18 69 71
18 71 24
18 72 44
18 73 45
18 75 51
18 76 16
18 77 20
18 78 70
18 80 29
18 82 34
18 83 42
18 84 59
18 85 55
18 86 72
18 87 50
18 88 66
18 89 55
18 91 41
18 t 66
19 2 38
19 4 17
19 5 22
19 6 69
19 8 35
19 10 42
19 11 64
19 12 35
19 13 24
19 14 50
19 15 34
19 16 41
19 18 46
19 20 24
19 21 35
19 22 17
19 23 62
19 24 18
19 25 36
19 27 31
19 28 42
19 30 27
19 32 51
19 33 40
19 34 45
19 36 56
19 37 64
19 39 48
19 40 33
19 41 23
19 42 66
19 43 53
19 44 61
19 45 43
19 47 40
19 48 19
19 49 32
19 50 37
19 52 52
19 53 45
19 54 37
19 55 38
19 56 64
19 57 53
19 58 21
19 59 67
19 60 20
19 63 55
19 64 66
19 65 56
19 66 32
19 68 41
19 69 34
19 70 24
19 71 61
19 72 53
19 75 63
19 76 31
19 79 21
19 80 66
19 81 58
19 82 20
19 83 43
19 84 40
19 85 34
19 86 46
19 88 35
19 89 54
19 90 36
19 91 32
19 92 37
19 t 67
20 1 57
20 2 70
20 3 50
20 5 44
20 6 21
20 7 56
20 9 43
20 11 35
20 13 71
20 17 47
20 18 54
20 19 24
20 21 50
20 24 16
20 25 24
20 28 50
20 29 59
20 30 43
20 32 15
20 33 49
20 34 59
20 35 24
20 36 19
20 40 67
20 42 15
20 45 26
20 46 15
20 48 66
20 49 52
20 50 44
20 52 28
20 53 55
20 55 57
20 56 69
20 58 27
20 59 59
20 61 41
20 62 58
20 63 49
20 64 41
20 66 62
20 69 46
20 70 27
20 71 45
20 72 62
20 73 22
20 74 28
20 75 40
20 76 54
20 77 46
20 78 55
20 79 14
20 80 18
20 81 72
20 82 62
20 83 71
20 84 65
20 85 61
20 86 53
20 88 68
20 89 58
20 90 33
20 91 39
20 92 49
20 t 51
21 1 68
21 2 19
21 4 53
21 5 20
21 7 70
21 8 63
21 9 65
21 11 34
21 12 64
21 13 71
21 14 56
21 15 73
21 16 52
21 17 45
21 18 44
21 19 35
21 20 50
21 22 61
21 23 14
21 24 66
21 25 32
21 26 19
21 30 14
21 32 15
21 34 41
21 36 67
21 37 16
21 38 67
21 41 67
21 42 64
21 44 36
21 45 58
21 46 23
21 48 30
21 49 70
21 50 26
21 53 55
21 54 62
21 58 18
21 59 60
21 61 14
21 63 25
21 64 39
21 66 21
21 67 48
21 69 35
21 70 25
21 71 50
21 74 24
21 76 22
21 77 65
21 79 35
21 81 32
21 83 72
21 84 53
21 85 58
21 86 50
21 87 56
21 88 14
21 89 25
21 91 33
21 92 24
21 93 31
21 t 58
22 1 44
22 4 40
22 5 26
22 6 57
22 7 72
22 8 34
22 9 61
22 12 35
22 13 62
22 15 15
22 16 46
22 17 40
22 19 17
22 21 61
22 24 47
22 25 70
22 26 63
22 27 65
22 28 53
22 30 62
22 31 43
22 32 48
22 33 31
22 34 18
22 35 61
22 37 46
22 42 28
22 43 31
22 44 28
22 45 58
22 46 14
22 47 67
22 48 32
22 55 37
22 59 60
22 60 68
22 62 47
22 63 37
22 64 32
22 65 69
22 66 65
22 67 39
22 68 67
22 69 64
22 70 38
22 71 65
22 72 18
22 73 41
22 74 70
22 75 52
22 76 28
22 77 72
22 79 54
22 80 21
22 81 50
22 82 39
22 83 24
22 84 31
22 85 63
22 86 48
22 88 43
22 89 70
22 91 72
22 92 62
22 93 24
23 1 64
23 2 66
23 3 59
23 4 72
23 5 60
23 6 30
23 7 49
23 13 52
23 15 31
23 16 16
23 17 32
23 18 58
23 19 62
23 21 14
23 25 38
23 27 73
23 28 27
23 31 49
23 33 52
23 35 17
23 36 68
23 37 27
23 38 31
23 39 65
23 41 52
23 42 31
23 43 31
23 45 49
23 49 17
23 50 58
23 52 47
23 53 63
23 54 39
23 55 16
23 56 55
23 57 50
23 60 23
23 61 30
23 64 44
23 66 49
23 67 39
23 68 24
23 69 40
23 70 19
23 72 28
23 74 40
23 75 36
23 76 28
23 78 28
23 80 42
23 81 43
23 82 27
23 83 25
23 84 42
23 85 57
23 87 69
23 89 35
23 90 17
23 91 31
23 92 64
23 93 53
24 1 71
24 2 59
24 3 40
24 4 62
24 5 67
24 6 53
24 7 44
24 9 26
24 10 34
24 11 46
24 12 30
24 13 18
24 14 68
24 18 58
24 19 18
24 20 16
24 21 66
24 22 47
24 25 23
24 26 40
24 27 25
24 28 59
24 31 68
24 35 46
24 37 62
24 38 68
24 40 17
24 41 14
24 42 62
24 43 60
24 46 63
24 47 56
24 48 44
24 49 52
24 50 57
24 52 40
24 53 24
24 55 35
24 56 59
24 57 16
24 58 37
24 59 40
24 60 31
24 67 54
24 68 14
24 70 33
24 71 47
24 72 17
24 74 19
24 75 38
24 76 60
24 77 37
24 78 22
24 80 32
24 81 62
24 82 39
24 83 49
24 84 44
24 85 69
24 86 68
24 87 56
24 89 29
24 90 52
24 92 70
24 93 21
24 t 17
25 2 34
25 3 27
25 4 61
25 5 52
25 6 20
25 8 60
25 9 38
25 10 17
25 11 44
25 12 53
25 14 71
25 15 40
25 16 61
25 17 52
25 18 18
25 19 36
25 20 24
25 21 32
25 22 70
25 23 38
25 24 23
25 26 67
25 27 52
25 28 18
25 29 48
25 30 60
25 32 45
25 33 66
25 36 51
25 38 35
25 39 51
25 40 18
25 41 23
25 42 25
25 45 47
25 46 73
25 47 58
25 48 24
25 50 48
25 51 44
25 53 19
25 54 34
25 56 14
25 57 32
25 59 26
25 60 47
25 61 46
25 62 35
25 65 59
25 66 72
25 68 57
25 69 33
25 70 73
25 71 31
25 72 60
25 73 40
25 74 52
25 77 43
25 78 17
25 80 72
25 81 19
25 82 64
25 83 49
25 84 62
25 85 47
25 86 37
25 87 67
25 88 72
25 89 40
25 91 58
25 93 54
25 t 37
26 1 47
26 2 73
26 3 72
26 4 72
26 5 64
26 7 25
26 8 40
26 10 70
26 12 39
26 13 24
26 14 50
26 15 32
26 16 22
26 18 44
26 21 19
26 22 63
26 24 40
26 25 67
26 27 58
26 28 51
26 29 28
26 30 17
26 31 59
26 32 19
26 35 70
26 36 40
26 37 18
26 38 46
26 39 27
26 40 53
26 41 31
26 42 42
26 44 52
26 46 53
26 47 55
26 48 70
26 49 61
26 50 39
26 51 47
26 52 37
26 53 30
26 54 44
26 55 35
26 56 61
26 57 48
26 58 68
26 59 57
26 60 59
26 61 58
26 63 56
26 65 19
26 66 21
26 67 63
26 69 70
26 70 18
26 72 39
26 73 64
26 74 49
26 75 14
26 76 22
26 77 53
26 78 19
26 80 44
26 81 41
26 82 53
26 83 69
26 84 20
26 85 40
26 87 70
26 88 47
26 89 17
26 90 14
26 91 25
26 92 36
26 93 66
26 t 63
27 1 52
27 2 34
27 4 49
27 5 42
27 6 44
27 7 38
27 8 29
27 9 35
27 10 56
27 11 59
27 12 18
27 13 33
27 14 61
27 17 38
27 18 17
27 19 31
27 22 65
27 23 73
27 24 25
27 25 52
27 26 58
27 29 55
27 30 70
27 31 32
27 32 73
27 33 15
27 35 37
27 36 47
27 38 28
27 39 73
27 42 31
27 44 55
27 45 43
27 46 43
27 47 58
27 51 20
27 52 73
27 54 68
27 56 56
27 57 50
27 58 25
27 60 28
27 61 31
27 62 21
27 63 21
27 64 24
27 65 46
27 66 65
27 67 48
27 68 58
27 70 42
27 71 52
27 73 42
27 75 51
27 77 62
27 79 20
27 80 37
27 81 71
27 82 52
27 83 21
27 84 16
27 85 33
27 86 24
27 87 29
27 88 63
27 89 17
27 90 55
27 91 33
27 92 19
27 93 36
27 t 35
28 1 63
28 4 68
28 5 70
28 6 54
28 7 57
28 9 67
28 11 50
28 12 30
28 15 16
28 16 52
28 17 27
28 18 56
28 19 42
28 20 50
28 22 53
28 23 27
28 24 59
28 25 18
28 26 51
28 30 45
28 31 65
28 32 28
28 34 22
28 36 60
28 37 25
28 38 25
28 39 57
28 40 57
28 42 52
28 43 20
28 44 20
28 45 35
28 46 46
28 47 20
28 48 23
28 49 54
28 51 63
28 52 70
28 53 31
28 55 70
28 56 52
28 58 36
28 59 20
28 60 52
28 61 44
28 62 33
28 63 60
28 64 66
28 66 16
28 67 14
28 70 53
28 72 30
28 73 60
28 74 31
28 75 60
28 76 59
28 77 28
28 78 43
28 80 35
28 83 42
28 84 32
28 87 57
28 88 64
28 92 24
28 93 26
28 t 30
29 2 34
29 3 63
29 4 53
29 5 52
29 8 50
29 9 20
29 12 26
29 15 38
29 17 25
29 18 27
29 20 59
29 25 48
29 26 28
29 27 55
29 30 40
29 32 59
29 33 39
29 35 57
29 36 59
29 39 24
29 40 71
29 41 38
29 42 17
29 45 17
29 46 18
29 47 71
29 48 18
29 49 21
29 50 22
29 51 71
29 53 36
29 55 49
29 57 20
29 58 72
29 59 69
29 60 38
29 61 73
29 62 42
29 65 46
29 66 14
29 67 59
29 68 73
29 70 27
29 71 73
29 72 17
29 73 39
29 74 16
29 75 17
29 76 69
29 77 32
29 78 33
29 80 66
29 81 50
29 82 55
29 84 62
29 85 18
29 86 32
29 87 71
29 88 23
29 89 36
29 90 27
29 91 16
30 1 45
30 2 29
30 3 57
30 4 39
30 5 27
30 6 29
30 7 39
30 8 62
30 9 49
30 10 33
30 12 53
30 13 50
30 14 34
30 15 54
30 16 60
30 17 48
30 18 37
30 19 27
30 20 43
30 21 14
30 22 62
30 25 60
30 26 17
30 27 70
30 28 45
30 29 40
30 31 16
30 32 68
30 33 68
30 34 30
30 35 70
30 36 46
30 38 48
30 39 61
30 40 73
30 41 27
30 42 27
30 43 61
30 44 43
30 45 71
30 46 21
30 47 45
30 49 21
30 50 30
30 51 71
30 52 20
30 53 45
30 55 65
30 56 42
30 57 66
30 59 63
30 60 64
30 61 21
30 62 45
30 66 54
30 68 35
30 71 67
30 72 18
30 73 46
30 74 20
30 75 61
30 76 64
30 77 30
30 78 31
30 79 42
30 80 54
30 82 29
30 84 53
30 85 22
30 87 22
30 88 73
30 90 27
30 91 30
30 92 23
30 93 41
31 1 48
31 2 30
31 3 25
31 5 31
31 6 14
31 7 66
31 8 47
31 9 56
31 12 35
31 13 27
31 15 20
31 16 37
31 17 40
31 18 38
31 22 43
31 23 49
31 24 68
31 26 59
31 27 32
31 28 65
31 30 16
31 33 18
31 34 66
31 35 16
31 36 63
31 38 61
31 39 39
31 40 24
31 41 20
31 42 40
31 44 19
31 45 51
31 46 30
31 47 27
31 48 20
31 51 41
31 52 53
31 53 25
31 54 28
31 55 64
31 56 40
31 59 60
31 61 25
31 62 41
31 63 54
31 64 37
31 65 51
31 66 42
31 69 42
31 70 28
31 71 39
31 72 43
31 74 33
31 75 42
31 77 30
31 78 47
31 79 30
31 80 52
31 81 24
31 82 25
31 83 66
31 84 47
31 85 62
31 88 24
31 89 28
31 91 32
31 93 66
31 t 23
32 5 37
32 6 57
32 7 43
32 8 33
32 9 30
32 11 18
32 12 48
32 13 50
32 14 70
32 15 70
32 16 44
32 17 68
32 18 38
32 19 51
32 20 15
32 21 15
32 22 48
32 25 45
32 26 19
32 27 73
32 28 28
32 29 59
32 30 68
32 33 64
32 34 36
32 35 57
32 37 67
32 38 50
32 39 55
32 40 18
32 41 24
32 42 26
32 43 62
32 44 51
32 45 62
32 46 71
32 47 29
32 48 70
32 50 44
32 51 50
32 52 66
32 53 59
32 54 65
32 55 18
32 56 62
32 57 57
32 60 42
32 61 55
32 62 31
32 63 43
32 65 31
32 68 15
32 70 64
32 71 31
32 72 16
32 73 32
32 74 24
32 76 49
32 77 69
32 78 48
32 79 29
32 80 19
32 82 55
32 84 45
32 86 60
32 87 19
32 88 19
32 90 27
32 91 31
32 92 57
32 t 50
33 1 48
33 2 36
33 3 64
33 4 49
33 5 34
33 6 60
33 9 23
33 10 21
33 11 64
33 12 52
33 13 61
33 14 22
33 15 48
33 16 62
33 17 39
33 18 38
33 19 40
33 20 49
33 22 31
33 23 52
33 25 66
33 27 15
33 29 39
33 30 68
33 31 18
33 32 64
33 35 29
33 38 52
33 39 69
33 41 55
33 42 37
33 44 31
33 45 58
33 46 19
33 47 41
33 48 44
33 49 31
33 51 34
33 53 37
33 54 71
33 55 58
33 56 34
33 57 45
33 58 55
33 59 14
33 61 23
33 64 62
33 65 26
33 67 37
33 68 29
33 72 17
33 73 56
33 74 65
33 76 17
33 77 47
33 79 15
33 81 32
33 82 20
33 84 70
33 85 33
33 88 14
33 89 37
33 90 67
33 91 30
33 92 58
33 t 53
34 1 70
34 2 54
34 5 53
34 6 49
34 7 40
34 10 34
34 11 67
34 12 70
34 15 15
34 16 31
34 18 32
34 19 45
34 20 59
34 21 41
34 22 18
34 28 22
34 30 30
34 31 66
34 32 36
34 36 58
34 37 39
34 38 44
34 39 16
34 41 23
34 43 58
34 45 24
34 46 39
34 48 64
34 49 38
34 50 32
34 51 14
34 52 41
34 54 71
34 55 51
34 56 20
34 57 27
34 58 37
34 61 22
34 62 33
34 63 58
34 64 17
34 65 50
34 66 61
34 67 69
34 68 55
34 69 60
34 70 19
34 71 70
34 72 30
34 73 27
34 74 51
34 75 59
34 79 65
34 80 72
34 81 45
34 83 47
34 84 25
34 86 17
34 88 38
34 90 51
34 91 38
34 92 34
34 t 69
35 1 32
35 2 65
35 4 61
35 5 49
35 7 16
35 10 32
35 11 49
35 12 20
35 13 62
35 14 30
35 16 52
35 17 15
35 20 24
35 22 61
35 23 17
35 24 46
35 26 70
35 27 37
35 29 57
35 30 70
35 31 16
35 32 57
35 33 29
35 36 67
35 37 16
35 39 68
35 40 39
35 41 29
35 42 49
35 43 44
35 44 51
35 45 69
35 46 73
35 47 36
35 48 49
35 51 51
35 52 72
35 53 37
35 56 28
35 57 16
35 58 14
35 59 36
35 61 25
35 62 24
35 63 22
35 64 17
35 67 46
35 69 48
35 70 63
35 71 51
35 72 37
35 73 55
35 74 19
35 76 30
35 78 55
35 81 49
35 82 70
35 83 37
35 85 36
35 86 70
35 87 57
35 89 64
35 90 34
35 92 52
35 93 69
35 t 45
36 2 55
36 3 17
36 4 18
36 6 14
36 7 38
36 9 73
36 11 49
36 12 33
36 14 58
36 15 30
36 17 68
36 19 56
36 20 19
36 21 67
36 23 68
36 25 51
36 26 40
36 27 47
36 28 60
36 29 59
36 30 46
36 31 63
36 34 58
36 35 67
36 37 72
36 40 41
36 41 36
36 43 21
36 44 39
36 45 21
36 46 20
36 47 52
36 48 60
36 50 14
36 51 32
36 52 55
36 55 50
36 56 66
36 57 46
36 58 20
36 59 65
36 60 33
36 61 15
36 63 39
36 65 55
36 66 58
36 67 51
36 68 17
36 70 48
36 71 59
36 72 64
36 74 60
36 75 51
36 76 38
36 78 29
36 79 15
36 80 55
36 82 71
36 83 20
36 84 65
36 85 42
36 86 32
36 87 65
36 88 68
36 89 59
36 90 55
36 91 40
36 92 44
36 t 68
37 1 26
37 4 48
37 5 51
37 6 61
37 7 60
37 9 57
37 11 17
37 12 49
37 13 29
37 14 48
37 16 34
37 17 52
37 18 71
37 19 64
37 21 16
37 22 46
37 23 27
37 24 62
37 26 18
37 28 25
37 32 67
37 34 39
37 35 16
37 36 72
37 39 40
37 40 46
37 42 49
37 44 17
37 46 55
37 48 39
37 50 61
37 52 60
37 53 51
37 54 47
37 55 70
37 56 31
37 57 26
37 58 18
37 60 45
37 61 38
37 63 37
37 65 47
37 66 17
37 67 66
37 68 70
37 70 23
37 71 27
37 72 66
37 73 40
37 75 67
37 77 30
37 79 41
37 81 16
37 82 38
37 83 60
37 84 42
37 85 67
37 86 46
37 88 28
37 89 61
37 90 45
37 91 30
37 92 29
37 93 27
37 t 62
38 1 31
38 2 41
38 3 45
38 4 27
38 6 33
38 7 25
38 8 53
38 9 20
38 10 62
38 13 68
38 15 48
38 16 14
38 17 73
38 18 58
38 21 67
38 23 31
38 24 68
38 25 35
38 26 46
38 27 28
38 28 25
38 30 48
38 31 61
38 32 50
38 33 52
38 34 44
38 39 69
38 42 43
38 43 49
38 44 41
38 45 17
38 46 61
38 48 14
38 49 44
38 51 54
38 52 57
38 53 23
38 55 46
38 56 66
38 57 62
38 58 45
38 59 26
38 62 64
38 63 69
38 65 72
38 67 56
38 70 69
38 71 48
38 72 65
38 74 29
38 75 36
38 76 68
38 78 49
38 79 61
38 80 72
38 81 35
38 82 47
38 83 61
38 84 61
38 86 55
38 87 65
38 88 21
38 89 50
38 90 51
38 93 25
38 t 40
39 1 72
39 2 38
39 3 17
39 4 58
39 5 15
39 6 22
39 7 52
39 8 70
39 9 61
39 10 71
39 11 72
39 12 51
39 13 40
39 15 15
39 16 37
39 17 19
39 18 65
39 19 48
39 23 65
39 25 51
39 26 27
39 27 73
39 28 57
39 29 24
39 30 61
39 31 39
39 32 55
39 33 69
39 34 16
39 35 68
39 37 40
39 38 69
39 41 30
39 42 26
39 43 48
39 44 46
39 45 66
39 46 62
39 47 56
39 48 23
39 49 42
39 51 35
39 52 40
39 54 21
39 57 19
39 58 19
39 59 35
39 60 31
39 62 46
39 63 58
39 64 15
39 65 25
39 66 53
39 67 34
39 68 48
39 69 33
39 70 50
39 71 64
39 72 60
39 74 47
39 75 33
39 76 64
39 77 46
39 78 39
39 80 41
39 81 16
39 82 32
39 83 34
39 85 20
39 86 70
39 87 22
39 89 24
39 90 65
39 91 41
39 92 66
39 t 27
40 1 53
40 2 48
40 3 19
40 4 49
40 5 64
40 6 54
40 8 45
40 9 37
40 10 39
40 12 46
40 13 25
40 15 20
40 16 38
40 17 69
40 18 35
40 19 33
40 20 67
40 24 17
40 25 18
40 26 53
40 28 57
40 29 71
40 30 73
40 31 24
40 32 18
40 35 39
40 36 41
40 37 46
40 44 60
40 46 36
40 48 15
40 49 26
40 50 19
40 51 53
40 53 23
40 54 49
40 55 29
40 56 68
40 57 40
40 58 29
40 60 19
40 61 63
40 62 33
40 63 36
40 66 59
40 67 53
40 68 67
40 69 14
40 70 68
40 71 55
40 72 36
40 73 58
40 74 44
40 77 63
40 78 63
40 79 24
40 81 51
40 82 38
40 83 61
40 84 42
40 86 28
40 87 49
40 88 19
40 89 46
40 90 39
40 91 48
40 92 38
40 93 63
40 t 42
41 1 64
41 2 51
41 3 71
41 4 42
41 5 46
41 6 21
41 7 32
41 8 24
41 9 29
41 10 64
41 11 36
41 12 20
41 13 56
41 15 34
41 16 71
41 17 39
41 18 72
41 19 23
41 21 67
41 23 52
41 24 14
41 25 23
41 26 31
41 29 38
41 30 27
41 31 20
41 32 24
41 33 55
41 34 23
41 35 29
41 36 36
41 39 30
41 44 52
41 45 62
41 46 14
41 48 15
41 49 23
41 50 34
41 51 46
41 52 38
41 54 15
41 55 45
41 56 42
41 57 69
41 58 45
41 59 57
41 60 52
41 61 64
41 62 25
41 63 52
41 64 54
41 65 62
41 66 59
41 67 60
41 68 55
41 69 37
41 70 28
41 71 62
41 72 43
41 73 45
41 74 36
41 75 15
41 76 39
41 77 62
41 80 28
41 81 55
41 83 44
41 84 48
41 85 34
41 87 63
41 88 73
41 89 62
41 91 62
41 93 37
41 t 26
42 2 24
42 3 25
42 4 45
42 5 19
42 6 65
42 7 16
42 9 19
42 10 56
42 11 57
42 13 24
42 15 58
42 17 72
42 18 34
42 19 66
42 20 15
42 21 64
42 22 28
42 23 31
42 24 62
42 25 25
42 26 42
42 27 31
42 28 52
42 29 17
42 30 27
42 31 40
42 32 26
42 33 37
42 35 49
42 37 49
42 38 43
42 39 26
42 43 72
42 45 67
42 47 64
42 48 67
42 49 36
42 51 18
42 52 28
42 53 55
42 54 27
42 55 53
42 56 71
42 58 23
42 59 39
42 60 65
42 61 25
42 65 33
42 66 73
42 67 33
42 68 59
42 69 21
42 72 55
42 73 31
42 74 40
42 75 53
42 77 64
42 79 55
42 80 64
42 81 68
42 84 21
42 85 44
42 86 55
42 87 27
42 89 29
42 90 67
42 91 28
42 92 22
42 93 29
42 t 23
43 2 34
43 5 63
43 6 69
43 7 29
43 8 16
43 9 21
43 10 47
43 11 65
43 12 72
43 13 25
43 15 56
43 17 49
43 19 53
43 22 31
43 23 31
43 24 60
43 28 20
43 30 61
43 32 62
43 34 58
43 35 44
43 36 21
43 38 49
43 39 48
43 42 72
43 44 63
43 45 64
43 47 66
43 48 30
43 49 20
43 50 37
43 52 47
43 53 62
43 54 29
43 55 35
43 56 44
43 57 64
43 58 53
43 59 27
43 60 44
43 61 28
43 62 53
43 64 59
43 65 66
43 66 65
43 67 73
43 68 16
43 69 65
43 71 57
43 73 33
43 74 59
43 76 38
43 77 15
43 78 43
43 80 51
43 82 33
43 86 45
43 87 73
43 89 18
43 90 64
43 92 72
43 93 50
44 1 51
44 2 26
44 3 27
44 4 73
44 5 46
44 6 17
44 7 70
44 8 51
44 13 31
44 14 71
44 15 40
44 16 20
44 17 62
44 18 22
44 19 61
44 21 36
44 22 28
44 26 52
44 27 55
44 28 20
44 30 43
44 31 19
44 32 51
44 33 31
44 35 51
44 36 39
44 37 17
44 38 41
44 39 46
44 40 60
44 41 52
44 43 63
44 45 45
44 46 55
44 47 27
44 48 43
44 49 46
44 51 54
44 52 42
44 53 69
44 55 56
44 56 17
44 58 26
44 60 39
44 61 69
44 62 65
44 64 21
44 65 50
44 66 20
44 69 53
44 70 55
44 71 37
44 72 26
44 74 35
44 77 18
44 80 45
44 81 57
44 82 27
44 87 17
44 88 44
44 89 57
44 90 57
44 91 32
44 92 38
44 93 49
45 1 49
45 2 63
45 3 33
45 4 15
45 5 45
45 6 40
45 8 44
45 10 70
45 11 50
45 13 42
45 14 43
45 15 52
45 16 69
45 17 72
45 19 43
45 20 26
45 21 58
45 22 58
45 23 49
45 25 47
45 27 43
45 28 35
45 29 17
45 30 71
45 31 51
45 32 62
45 33 58
45 34 24
45 35 69
45 36 21
45 38 17
45 39 66
45 41 62
45 42 67
45 43 64
45 44 45
45 46 14
45 47 29
45 48 33
45 49 27
45 50 53
45 51 47
45 52 62
45 53 31
45 55 16
45 56 20
45 58 22
45 59 26
45 60 18
45 63 70
45 66 58
45 67 59
45 68 71
45 69 59
45 72 17
45 74 50
45 75 27
45 76 37
45 78 15
45 79 30
45 80 46
45 82 19
45 83 24
45 84 41
45 85 15
45 87 19
45 89 69
45 90 24
45 91 66
45 92 40
45 93 36
45 t 55
46 2 53
46 3 72
46 4 15
46 5 60
46 8 55
46 9 36
46 12 42
46 13 25
46 15 52
46 16 46
46 17 23
46 18 57
46 20 15
46 21 23
46 22 14
46 24 63
46 25 73
46 26 53
46 27 43
46 28 46
46 29 18
46 30 21
46 31 30
46 32 71
46 33 19
46 34 39
46 35 73
46 36 20
46 37 55
46 38 61
46 39 62
46 40 36
46 41 14
46 44 55
46 45 14
46 47 56
46 50 64
46 55 63
46 56 67
46 57 52
46 58 64
46 59 51
46 60 68
46 61 31
46 62 15
46 63 42
46 65 39
46 66 30
46 67 52
46 68 58
46 70 50
46 71 48
46 72 32
46 73 17
46 74 43
46 75 52
46 77 41
46 79 62
46 80 33
46 81 70
46 82 41
46 83 57
46 84 39
46 89 57
46 91 73
46 92 18
46 t 31
47 1 59
47 2 64
47 3 22
47 5 23
47 6 68
47 8 30
47 9 66
47 10 28
47 11 60
47 13 26
47 14 22
47 15 21
47 16 48
47 19 40
47 22 67
47 24 56
47 25 58
47 26 55
47 27 58
47 28 20
47 29 71
47 30 45
47 31 27
47 32 29
47 33 41
47 35 36
47 36 52
47 39 56
47 42 64
47 43 66
47 44 27
47 45 29
47 46 56
47 48 60
47 51 30
47 52 30
47 53 45
47 54 43
47 55 29
47 56 67
47 58 46
47 60 14
47 61 63
47 62 14
47 65 29
47 67 46
47 68 58
47 70 57
47 72 34
47 74 61
47 75 50
47 76 18
47 77 64
47 78 19
47 79 71
47 81 53
47 82 56
47 83 57
47 87 39
47 91 61
47 92 58
47 t 32
48 1 23
48 5 70
48 6 54
48 7 44
48 8 26
48 9 64
48 11 14
48 12 65
48 13 39
48 15 41
48 16 66
48 19 19
48 20 66
48 21 30
48 22 32
48 24 44
48 25 24
48 26 70
48 28 23
48 29 18
48 31 20
48 32 70
48 33 44
48 34 64
48 35 49
48 36 60
48 37 39
48 38 14
48 39 23
48 40 15
48 41 15
48 42 67
48 43 30
48 44 43
48 45 33
48 47 60
48 50 18
48 51 53
48 53 35
48 54 59
48 55 50
48 56 28
48 57 58
48 58 53
48 59 64
48 61 29
48 62 51
48 64 47
48 65 52
48 66 16
48 67 65
48 68 36
48 69 72
48 71 17
48 73 21
48 74 24
48 75 70
48 76 66
48 77 57
48 78 50
48 79 43
48 80 34
48 81 64
48 82 52
48 83 28
48 84 49
48 85 39
48 86 35
48 87 54
48 88 63
48 90 33
48 93 63
48 t 65
49 1 62
49 2 51
49 3 57
49 4 23
49 5 22
49 6 23
49 8 18
49 10 65
49 11 72
49 12 72
49 14 69
49 15 65
49 16 20
49 17 73
49 19 32
49 20 52
49 21 70
49 23 17
49 24 52
49 26 61
49 28 54
49 29 21
49 30 21
49 33 31
49 34 38
49 38 44
49 39 42
49 40 26
49 41 23
49 42 36
49 43 20
49 44 46
49 45 27
49 50 16
49 51 57
49 53 60
49 54 71
49 55 42
49 58 25
49 59 72
49 60 35
49 61 59
49 63 36
49 64 33
49 65 40
49 69 66
49 70 45
49 71 52
49 72 37
49 73 46
49 75 34
49 76 52
49 78 49
49 79 35
49 80 28
49 83 26
49 84 34
49 86 34
49 87 50
49 88 34
49 89 70
49 90 70
49 91 54
49 92 33
49 93 30
49 t 70
50 1 51
50 2 52
50 3 47
50 5 48
50 6 58
50 7 33
50 9 53
50 10 58
50 11 32
50 12 44
50 13 71
50 14 38
50 17 33
50 18 66
50 19 37
50 20 44
50 21 26
50 23 58
50 24 57
50 25 48
50 26 39
50 29 22
50 30 30
50 32 44
50 34 32
50 36 14
50 37 61
50 40 19
50 41 34
50 43 37
50 45 53
50 46 64
50 48 18
50 49 16
50 51 20
50 56 18
50 57 50
50 60 14
50 61 20
50 63 55
50 64 31
50 65 20
50 66 23
50 67 32
50 68 34
50 70 70
50 72 41
50 73 45
50 74 48
50 75 63
50 76 47
50 79 37
50 80 26
50 81 28
50 82 49
50 84 48
50 85 68
50 86 68
50 87 49
50 88 53
50 89 72
50 90 55
50 91 36
50 92 58
50 t 47
51 1 50
51 2 22
51 5 67
51 7 29
51 8 16
51 10 64
51 11 69
51 12 64
51 13 28
51 14 62
51 15 54
51 17 72
51 18 46
51 25 44
51 26 47
51 27 20
51 28 63
51 29 71
51 30 71
51 31 41
51 32 50
51 33 34
51 34 14
51 35 51
51 36 32
51 38 54
51 39 35
51 40 53
51 41 46
51 42 18
51 44 54
51 45 47
51 47 30
51 48 53
51 49 57
51 50 20
51 53 68
51 55 52
51 57 66
51 59 66
51 61 61
51 62 48
51 63 18
51 64 47
51 65 17
51 66 70
51 67 46
51 68 66
51 69 18
51 70 36
51 71 21
51 72 72
51 74 27
51 75 42
51 76 19
51 77 59
51 80 42
51 84 20
51 85 23
51 86 67
51 88 28
51 89 36
51 90 57
51 91 69
51 92 23
51 93 33
51 t 37
52 1 58
52 4 18
52 7 61
52 9 20
52 10 39
52 11 47
52 12 48
52 14 37
52 15 60
52 16 22
52 17 71
52 18 18
52 19 52
52 20 28
52 23 47
52 24 40
52 26 37
52 27 73
52 28 70
52 30 20
52 31 53
52 32 66
52 34 41
52 35 72
52 36 55
52 37 60
52 38 57
52 39 40
52 41 38
52 42 28
52 43 47
52 44 42
52 45 62
52 47 30
52 54 32
52 55 32
52 56 43
52 59 35
52 60 56
52 61 72
52 62 64
52 63 14
52 64 37
52 66 30
52 67 39
52 68 49
52 69 73
52 70 23
52 71 58
52 73 19
52 74 23
52 75 44
52 76 55
52 78 42
52 79 38
52 80 37
52 82 62
52 84 38
52 85 39
52 87 16
52 89 60
52 91 59
52 92 60
52 t 56
53 1 69
53 2 23
53 3 14
53 4 37
53 6 63
53 7 33
53 8 27
53 9 66
53 10 41
53 11 21
53 12 44
53 13 59
53 14 27
53 16 33
53 18 23
53 19 45
53 20 55
53 21 55
53 23 63
53 24 24
53 25 19
53 26 30
53 28 31
53 29 36
53 30 45
53 31 25
53 32 59
53 33 37
53 35 37
53 37 51
53 38 23
53 40 23
53 42 55
53 43 62
53 44 69
53 45 31
53 47 45
53 48 35
53 49 60
53 51 68
53 55 41
53 56 65
53 57 65
53 59 55
53 63 33
53 64 25
53 67 63
53 69 25
53 70 22
53 71 22
53 72 36
53 74 46
53 75 50
53 76 59
53 77 70
53 78 34
53 79 47
53 81 64
53 82 26
53 83 71
53 84 28
53 85 46
53 87 55
53 91 65
53 92 44
53 t 45
54 1 66
54 2 24
54 3 31
54 4 24
54 6 51
54 7 48
54 9 31
54 10 41
54 11 21
54 12 37
54 13 50
54 15 65
54 16 56
54 18 54
54 19 37
54 21 62
54 23 39
54 25 34
54 26 44
54 27 68
54 31 28
54 32 65
54 33 71
54 34 71
54 37 47
54 39 21
54 40 49
54 41 15
54 42 27
54 43 29
54 47 43
54 48 59
54 49 71
54 52 32
54 55 71
54 56 48
54 57 68
54 58 41
54 59 47
54 60 53
54 61 50
54 62 46
54 63 34
54 64 18
54 65 39
54 66 72
54 67 52
54 68 66
54 69 73
54 70 48
54 71 27
54 72 44
54 73 19
54 75 65
54 76 24
54 77 27
54 79 47
54 80 53
54 81 44
54 82 60
54 83 19
54 84 14
54 85 50
54 87 39
54 92 36
54 93 51
54 t 64
55 1 14
55 2 46
55 3 24
55 4 58
55 6 46
55 7 21
55 9 19
55 11 59
55 12 65
55 13 14
55 14 44
55 16 68
55 17 62
55 19 38
55 20 57
55 22 37
55 23 16
55 24 35
55 26 35
55 28 70
55 29 49
55 30 65
55 31 64
55 32 18
55 33 58
55 34 51
55 36 50
55 37 70
55 38 46
55 40 29
55 41 45
55 42 53
55 43 35
55 44 56
55 45 16
55 46 63
55 47 29
55 48 50
55 49 42
55 51 52
55 52 32
55 53 41
55 54 71
55 58 71
55 59 15
55 61 16
55 62 71
55 64 16
55 65 21
55 68 53
55 70 62
55 72 17
55 76 25
55 77 39
55 78 17
55 79 38
55 81 46
55 83 19
55 84 27
55 85 39
55 86 62
55 87 55
55 89 37
55 91 53
55 92 42
55 t 36
56 1 61
56 3 32
56 4 68
56 6 28
56 7 15
56 8 54
56 12 62
56 13 36
56 14 34
56 16 61
56 19 64
56 20 69
56 23 55
56 24 59
56 25 14
56 26 61
56 27 56
56 28 52
56 30 42
56 31 40
56 32 62
56 33 34
56 34 20
56 35 28
56 36 66
56 37 31
56 38 66
56 40 68
56 41 42
56 42 71
56 43 44
56 44 17
56 45 20
56 46 67
56 47 67
56 48 28
56 50 18
56 52 43
56 53 65
56 54 48
56 59 54
56 60 70
56 61 34
56 63 70
56 65 15
56 66 36
56 67 14
56 68 51
56 69 53
56 70 59
56 74 55
56 75 48
56 76 59
56 77 72
56 78 60
56 79 65
56 80 35
56 82 31
56 83 35
56 84 62
56 86 65
56 87 27
56 89 31
56 91 53
56 93 27
57 2 71
57 3 27
57 4 41
57 5 69
57 7 67
57 8 35
57 9 33
57 11 54
57 13 56
57 15 23
57 16 14
57 18 58
57 19 53
57 23 50
57 24 16
57 25 32
57 26 48
57 27 50
57 29 20
57 30 66
57 32 57
57 33 45
57 34 27
57 35 16
57 36 46
57 37 26
57 38 62
57 39 19
57 40 40
57 41 69
57 43 64
57 46 52
57 48 58
57 50 50
57 51 66
57 53 65
57 54 68
57 60 23
57 62 63
57 63 26
57 64 57
57 65 60
57 66 47
57 67 48
57 68 38
57 69 31
57 70 27
57 74 50
57 75 39
57 76 73
57 77 62
57 80 16
57 82 32
57 83 35
57 84 45
57 85 41
57 86 26
57 87 31
57 88 68
57 89 63
57 90 52
57 91 29
57 92 32
57 93 50
57 t 61
58 1 28
58 2 52
58 3 73
58 4 45
58 5 64
58 6 38
58 7 34
58 8 61
58 10 52
58 12 27
58 13 38
58 14 59
58 15 50
58 16 24
58 17 47
58 18 52
58 19 21
58 20 27
58 21 18
58 24 37
58 26 68
58 27 25
58 28 36
58 29 72
58 33 55
58 34 37
58 35 14
58 36 20
58 37 18
58 38 45
58 39 19
58 40 29
58 41 45
58 42 23
58 43 53
58 44 26
58 45 22
58 46 64
58 47 46
58 48 53
58 49 25
58 54 41
58 55 71
58 61 28
58 64 27
58 67 68
58 68 67
58 69 43
58 70 34
58 71 37
58 72 27
58 73 31
58 74 48
58 76 71
58 77 51
58 78 55
58 79 41
58 80 17
58 81 46
58 82 16
58 83 15
58 84 27
58 85 23
58 86 41
58 88 40
58 90 54
58 91 29
58 92 68
58 93 54
58 t 32
59 3 37
59 6 15
59 7 63
59 9 59
59 10 73
59 11 39
59 12 19
59 13 46
59 15 24
59 18 60
59 19 67
59 20 59
59 21 60
59 22 60
59 24 40
59 25 26
59 26 57
59 28 20
59 29 69
59 30 63
59 31 60
59 33 14
59 35 36
59 36 65
59 38 26
59 39 35
59 41 57
59 42 39
59 43 27
59 45 26
59 46 51
59 48 64
59 49 72
59 51 66
59 52 35
59 53 55
59 54 47
59 55 15
59 56 54
59 61 18
59 62 40
59 63 33
59 65 51
59 66 41
59 67 15
59 68 44
59 69 28
59 71 55
59 72 33
59 73 50
59 75 43
59 76 26
59 77 36
59 78 17
59 80 64
59 82 44
59 83 53
59 84 47
59 87 61
59 88 45
59 90 25
59 91 60
59 92 17
59 93 40
59 t 59
60 1 47
60 2 54
60 3 36
60 5 72
60 7 25
60 8 59
60 11 57
60 12 32
60 13 51
60 14 40
60 16 56
60 17 67
60 18 68
60 19 20
60 22 68
60 23 23
60 24 31
60 25 47
60 26 59
60 27 28
60 28 52
60 29 38
60 30 64
60 32 42
60 36 33
60 37 45
60 39 31
60 40 19
60 41 52
60 42 65
60 43 44
60 44 39
60 45 18
60 46 68
60 47 14
60 49 35
60 50 14
60 52 56
60 54 53
60 56 70
60 57 23
60 63 70
60 64 37
60 66 56
60 67 14
60 69 39
60 70 41
60 71 63
60 72 37
60 73 71
60 74 36
60 75 17
60 76 14
60 77 66
60 78 55
60 79 59
60 81 73
60 83 40
60 84 14
60 85 44
60 88 21
60 89 29
60 90 72
60 91 34
60 92 61
60 93 56
60 t 48
61 1 55
61 2 19
61 3 44
61 4 17
61 5 53
61 6 47
61 7 20
61 8 58
61 9 57
61 10 64
61 11 49
61 13 69
61 14 66
61 15 39
61 16 66
61 17 64
61 20 41
61 21 14
61 23 30
61 25 46
61 26 58
61 27 31
61 28 44
61 29 73
61 30 21
61 31 25
61 32 55
61 33 23
61 34 22
61 35 25
61 36 15
61 37 38
61 40 63
61 41 64
61 42 25
61 43 28
61 44 69
61 46 31
61 47 63
61 48 29
61 49 59
61 50 20
61 51 61
61 52 72
61 54 50
61 55 16
61 56 34
61 58 28
61 59 18
61 62 60
61 65 73
61 66 26
61 68 57
61 69 40
61 70 60
61 71 60
61 72 51
61 73 47
61 74 18
61 75 49
61 76 34
61 77 57
61 78 45
61 79 72
61 80 19
61 82 69
61 84 49
61 85 29
61 86 48
61 90 31
61 t 20
62 1 35
62 2 40
62 3 44
62 4 21
62 5 64
62 6 16
62 7 22
62 8 34
62 9 37
62 10 43
62 11 73
62 12 18
62 14 30
62 15 25
62 16 58
62 17 60
62 18 14
62 20 58
62 22 47
62 25 35
62 27 21
62 28 33
62 29 42
62 30 45
62 31 41
62 32 31
62 34 33
62 35 24
62 38 64
62 39 46
62 40 33
62 41 25
62 43 53
62 44 65
62 46 15
62 47 14
62 48 51
62 51 48
62 52 64
62 54 46
62 55 71
62 57 63
62 59 40
62 61 60
62 63 16
62 64 14
62 65 29
62 68 72
62 69 34
62 70 46
62 71 19
62 74 16
62 75 38
62 76 29
62 77 19
62 78 35
62 79 25
62 80 36
62 81 44
62 83 53
62 85 46
62 86 17
62 87 19
62 88 32
62 89 73
62 91 27
62 92 33
62 93 15
62 t 17
63 1 43
63 2 31
63 6 48
63 7 37
63 8 27
63 9 36
63 10 31
63 11 49
63 12 38
63 15 36
63 16 68
63 19 55
63 20 49
63 21 25
63 22 37
63 26 56
63 27 21
63 28 60
63 31 54
63 32 43
63 34 58
63 35 22
63 36 39
63 37 37
63 38 69
63 39 58
63 40 36
63 41 52
63 45 70
63 46 42
63 49 36
63 50 55
63 51 18
63 52 14
63 53 33
63 54 34
63 56 70
63 57 26
63 59 33
63 60 70
63 62 16
63 65 43
63 66 26
63 67 70
63 68 70
63 70 42
63 72 47
63 73 24
63 74 60
63 75 32
63 76 18
63 77 15
63 78 40
63 82 61
63 83 32
63 84 40
63 85 16
63 87 29
63 89 31
63 90 62
63 91 72
63 92 58
63 93 60
64 1 44
64 2 14
64 4 19
64 5 66
64 8 69
64 9 31
64 11 17
64 12 47
64 13 56
64 14 59
64 16 62
64 17 68
64 18 24
64 19 66
64 20 41
64 21 39
64 22 32
64 23 44
64 27 24
64 28 66
64 31 37
64 33 62
64 34 17
64 35 17
64 39 15
64 41 54
64 43 59
64 44 21
64 48 47
64 49 33
64 50 31
64 51 47
64 52 37
64 53 25
64 54 18
64 55 16
64 57 57
64 58 27
64 60 37
64 62 14
64 65 59
64 66 60
64 71 45
64 72 24
64 73 63
64 76 45
64 78 64
64 79 62
64 81 24
64 82 35
64 83 28
64 84 38
64 87 63
64 88 41
64 89 17
64 90 66
64 92 48
64 t 19
65 1 21
65 2 72
65 3 17
65 4 73
65 5 31
65 6 32
65 10 37
65 11 72
65 12 15
65 13 61
65 14 33
65 15 56
65 17 19
65 19 56
65 22 69
65 25 59
65 26 19
65 27 46
65 29 46
65 31 51
65 32 31
65 33 26
65 34 50
65 36 55
65 37 47
65 38 72
65 39 25
65 41 62
65 42 33
65 43 66
65 44 50
65 46 39
65 47 29
65 48 52
65 49 40
65 50 20
65 51 17
65 54 39
65 55 21
65 56 15
65 57 60
65 59 51
65 61 73
65 62 29
65 63 43
65 64 59
65 66 32
65 67 41
65 68 65
65 70 38
65 71 50
65 73 17
65 74 20
65 75 20
65 76 60
65 77 72
65 78 46
65 79 73
65 80 72
65 81 36
65 82 54
65 83 29
65 84 29
65 85 62
65 86 34
65 87 55
65 89 64
65 91 69
65 92 58
65 93 21
65 t 20
66 1 54
66 3 58
66 5 37
66 6 56
66 7 48
66 8 72
66 9 47
66 12 58
66 13 35
66 14 57
66 15 71
66 16 22
66 17 41
66 18 37
66 19 32
66 20 62
66 21 21
66 22 65
66 23 49
66 25 72
66 26 21
66 27 65
66 28 16
66 29 14
66 30 54
66 31 42
66 34 61
66 36 58
66 37 17
66 39 53
66 40 59
66 41 59
66 42 73
66 43 65
66 44 20
66 45 58
66 46 30
66 48 16
66 50 23
66 51 70
66 52 30
66 54 72
66 56 36
66 57 47
66 59 41
66 60 56
66 61 26
66 63 26
66 64 60
66 65 32
66 67 60
66 68 41
66 69 27
66 72 24
66 73 19
66 75 59
66 76 68
66 77 33
66 80 60
66 81 69
66 83 69
66 84 14
66 85 41
66 86 45
66 87 58
66 88 42
66 89 60
66 90 15
66 91 41
66 93 28
66 t 15
67 1 72
67 2 30
67 4 60
67 7 49
67 8 24
67 9 49
67 12 43
67 14 36
67 16 59
67 17 70
67 18 16
67 21 48
67 22 39
67 23 39
67 24 54
67 26 63
67 27 48
67 28 14
67 29 59
67 33 37
67 34 69
67 35 46
67 36 51
67 37 66
67 38 56
67 39 34
67 40 53
67 41 60
67 42 33
67 43 73
67 45 59
67 46 52
67 47 46
67 48 65
67 50 32
67 51 46
67 52 39
67 53 63
67 54 52
67 56 14
67 57 48
67 58 68
67 59 15
67 60 14
67 63 70
67 65 41
67 66 60
67 68 43
67 69 72
67 70 29
67 71 46
67 72 56
67 73 43
67 74 60
67 75 24
67 76 22
67 77 26
67 78 29
67 80 41
67 81 19
67 82 56
67 83 23
67 84 61
67 85 36
67 87 53
67 89 22
67 90 52
67 91 34
67 92 34
67 93 70
67 t 31
68 1 32
68 2 39
68 3 67
68 4 35
68 7 64
68 8 72
68 10 41
68 11 59
68 12 21
68 13 54
68 14 38
68 16 59
68 17 63
68 19 41
68 22 67
68 23 24
68 24 14
68 25 57
68 27 58
68 29 73
68 30 35
68 32 15
68 33 29
68 34 55
68 36 17
68 37 70
68 39 48
68 40 67
68 41 55
68 42 59
68 43 16
68 45 71
68 46 58
68 47 58
68 48 36
68 50 34
68 51 66
68 52 49
68 54 66
68 55 53
68 56 51
68 57 38
68 58 67
68 59 44
68 61 57
68 62 72
68 63 70
68 65 65
68 66 41
68 67 43
68 70 72
68 72 50
68 73 36
68 74 28
68 75 68
68 77 53
68 80 41
68 82 66
68 83 66
68 84 28
68 85 30
68 86 62
68 88 16
68 89 66
68 93 62
68 t 67
69 1 30
69 2 29
69 3 69
69 4 27
69 6 66
69 7 69
69 8 19
69 9 35
69 10 16
69 13 29
69 14 23
69 15 24
69 16 50
69 17 17
69 18 71
69 19 34
69 20 46
69 21 35
69 22 64
69 23 40
69 25 33
69 26 70
69 31 42
69 34 60
69 35 48
69 39 33
69 40 14
69 41 37
69 42 21
69 43 65
69 44 53
69 45 59
69 48 72
69 49 66
69 51 18
69 52 73
69 53 25
69 54 73
69 56 53
69 57 31
69 58 43
69 59 28
69 60 39
69 61 40
69 62 34
69 66 27
69 67 72
69 71 57
69 72 60
69 73 33
69 76 25
69 77 54
69 79 59
69 81 30
69 82 40
69 83 49
69 84 44
69 85 58
69 86 45
69 87 30
69 88 63
69 91 57
69 92 47
70 1 55
70 2 44
70 3 33
70 4 16
70 5 52
70 6 64
70 7 28
70 10 20
70 11 55
70 12 51
70 14 48
70 19 24
70 20 27
70 21 25
70 22 38
70 23 19
70 24 33
70 25 73
70 26 18
70 27 42
70 28 53
70 29 27
70 31 28
70 32 64
70 34 19
70 35 63
70 36 48
70 37 23
70 38 69
70 39 50
70 40 68
70 41 28
70 44 55
70 46 50
70 47 57
70 49 45
70 50 70
70 51 36
70 52 23
70 53 22
70 54 48
70 55 62
70 56 59
70 57 27
70 58 34
70 60 41
70 61 60
70 62 46
70 63 42
70 65 38
70 67 29
70 68 72
70 71 38
70 72 19
70 73 73
70 74 50
70 75 14
70 76 27
70 77 28
70 79 68
70 80 41
70 81 47
70 82 66
70 83 69
70 84 61
70 85 46
70 86 68
70 87 24
70 89 34
70 90 70
70 92 14
70 93 44
71 1 59
71 2 23
71 3 18
71 4 16
71 5 55
71 6 25
71 7 52
71 10 72
71 12 60
71 13 62
71 14 48
71 15 25
71 16 58
71 17 46
71 18 24
71 19 61
71 20 45
71 21 50
71 22 65
71 24 47
71 25 31
71 27 52
71 29 73
71 30 67
71 31 39
71 32 31
71 34 70
71 35 51
71 36 59
71 37 27
71 38 48
71 39 64
71 40 55
71 41 62
71 43 57
71 44 37
71 46 48
71 48 17
71 49 52
71 51 21
71 52 58
71 53 22
71 54 27
71 58 37
71 59 55
71 60 63
71 61 60
71 62 19
71 64 45
71 65 50
71 67 46
71 69 57
71 70 38
71 72 17
71 73 38
71 74 25
71 75 42
71 76 56
71 77 69
71 80 24
71 81 27
71 83 63
71 84 41
71 85 63
71 87 54
71 88 28
71 89 34
71 91 28
71 92 48
71 93 40
72 1 30
72 2 37
72 3 20
72 4 51
72 5 54
72 6 73
72 9 16
72 10 58
72 11 51
72 12 32
72 13 70
72 15 50
72 16 57
72 17 49
72 18 44
72 19 53
72 20 62
72 22 18
72 23 28
72 24 17
72 25 60
72 26 39
72 28 30
72 29 17
72 30 18
72 31 43
72 32 16
72 33 17
72 34 30
72 35 37
72 36 64
72 37 66
72 38 65
72 39 60
72 40 36
72 41 43
72 42 55
72 44 26
72 45 17
72 46 32
72 47 34
72 49 37
72 50 41
72 51 72
72 53 36
72 54 44
72 55 17
72 58 27
72 59 33
72 60 37
72 61 51
72 63 47
72 64 24
72 66 24
72 67 56
72 68 50
72 69 60
72 70 19
72 71 17
72 73 56
72 74 43
72 75 21
72 76 41
72 77 17
72 78 67
72 79 21
72 80 57
72 81 23
72 83 32
72 84 40
72 85 44
72 87 44
72 89 56
72 90 53
72 91 39
72 92 18
72 t 71
73 1 69
73 2 20
73 3 20
73 4 44
73 5 15
73 6 36
73 8 33
73 9 40
73 10 67
73 11 61
73 13 44
73 14 59
73 16 60
73 18 45
73 20 22
73 22 41
73 25 40
73 26 64
73 27 42
73 28 60
73 29 39
73 30 46
73 32 32
73 33 56
73 34 27
73 35 55
73 37 40
73 40 58
73 41 45
73 42 31
73 43 33
73 46 17
73 48 21
73 49 46
73 50 45
73 52 19
73 54 19
73 58 31
73 59 50
73 60 71
73 61 47
73 63 24
73 64 63
73 65 17
73 66 19
73 67 43
73 68 36
73 69 33
73 70 73
73 71 38
73 72 56
73 74 64
73 75 20
73 77 57
73 78 48
73 79 14
73 81 73
73 82 67
73 84 43
73 86 53
73 87 32
73 89 56
73 90 45
73 92 32
73 t 61
74 1 30
74 2 36
74 3 23
74 6 24
74 7 29
74 8 45
74 11 18
74 12 37
74 15 27
74 16 53
74 17 21
74 20 28
74 21 24
74 22 70
74 23 40
74 24 19
74 25 52
74 26 49
74 28 31
74 29 16
74 30 20
74 31 33
74 32 24
74 33 65
74 34 51
74 35 19
74 36 60
74 38 29
74 39 47
74 40 44
74 41 36
74 42 40
74 43 59
74 44 35
74 45 50
74 46 43
74 47 61
74 48 24
74 50 48
74 51 27
74 52 23
74 53 46
74 56 55
74 57 50
74 58 48
74 60 36
74 61 18
74 62 16
74 63 60
74 65 20
74 67 60
74 68 28
74 70 50
74 71 25
74 72 43
74 73 64
74 76 48
74 77 65
74 78 15
74 79 56
74 80 50
74 81 69
74 82 44
74 84 45
74 87 22
74 89 17
74 90 48
74 91 45
74 93 46
74 t 20
75 3 58
75 4 29
75 5 18
75 7 64
75 8 52
75 9 18
75 11 53
75 12 50
75 14 20
75 15 24
75 16 68
75 17 70
75 18 51
75 19 63
75 20 40
75 22 52
75 23 36
75 24 38
75 26 14
75 27 51
75 28 60
75 29 17
75 30 61
75 31 42
75 34 59
75 36 51
75 37 67
75 38 36
75 39 33
75 41 15
75 42 53
75 45 27
75 46 52
75 47 50
75 48 70
75 49 34
75 50 63
75 51 42
75 52 44
75 53 50
75 54 65
75 56 48
75 57 39
75 59 43
75 60 17
75 61 49
75 62 38
75 63 32
75 65 20
75 66 59
75 67 24
75 68 68
75 70 14
75 71 42
75 72 21
75 73 20
75 76 45
75 77 68
75 78 34
75 79 62
75 81 27
75 82 70
75 83 68
75 84 65
75 85 56
75 86 58
75 87 30
75 88 14
75 89 70
75 90 41
75 92 61
75 93 52
75 t 42
76 2 50
76 3 38
76 4 60
76 5 31
76 6 21
76 7 64
76 8 67
76 9 55
76 10 65
76 11 73
76 12 51
76 13 59
76 14 57
76 15 43
76 16 61
76 18 16
76 19 31
76 20 54
76 21 22
76 22 28
76 23 28
76 24 60
76 26 22
76 28 59
76 29 69
76 30 64
76 32 49
76 33 17
76 35 30
76 36 38
76 38 68
76 39 64
76 41 39
76 43 38
76 45 37
76 47 18
76 48 66
76 49 52
76 50 47
76 51 19
76 52 55
76 53 59
76 54 24
76 55 25
76 56 59
76 57 73
76 58 71
76 59 26
76 60 14
76 61 34
76 62 29
76 63 18
76 64 45
76 65 60
76 66 68
76 67 22
76 69 25
76 70 27
76 71 56
76 72 41
76 74 48
76 75 45
76 77 48
76 79 37
76 80 59
76 82 35
76 83 63
76 84 68
76 85 32
76 86 66
76 87 55
76 90 48
76 92 56
76 93 28
76 t 44
77 1 50
77 2 19
77 3 42
77 4 24
77 5 47
77 6 39
77 7 42
77 8 42
77 9 42
77 10 73
77 11 19
77 12 49
77 14 73
77 15 72
77 16 45
77 17 28
77 18 20
77 20 46
77 21 65
77 22 72
77 24 37
77 25 43
77 26 53
77 27 62
77 28 28
77 29 32
77 30 30
77 31 30
77 32 69
77 33 47
77 37 30
77 39 46
77 40 63
77 41 62
77 42 64
77 43 15
77 44 18
77 46 41
77 47 64
77 48 57
77 51 59
77 53 70
77 54 27
77 55 39
77 56 72
77 57 62
77 58 51
77 59 36
77 60 66
77 61 57
77 62 19
77 63 15
77 65 72
77 66 33
77 67 26
77 68 53
77 69 54
77 70 28
77 71 69
77 72 17
77 73 57
77 74 65
77 75 68
77 76 48
77 78 25
77 80 52
77 81 42
77 83 48
77 84 67
77 85 62
77 86 72
77 87 60
77 88 61
77 89 29
77 90 26
77 91 70
77 92 54
77 93 34
78 1 45
78 2 51
78 3 41
78 4 46
78 5 63
78 6 71
78 7 73
78 8 55
78 9 28
78 11 40
78 12 21
78 13 68
78 14 48
78 15 33
78 16 40
78 17 54
78 18 70
78 20 55
78 23 28
78 24 22
78 25 17
78 26 19
78 28 43
78 29 33
78 30 31
78 31 47
78 32 48
78 35 55
78 36 29
78 38 49
78 39 39
78 40 63
78 43 43
78 45 15
78 47 19
78 48 50
78 49 49
78 52 42
78 53 34
78 55 17
78 56 60
78 58 55
78 59 17
78 60 55
78 61 45
78 62 35
78 63 40
78 64 64
78 65 46
78 67 29
78 72 67
78 73 48
78 74 15
78 75 34
78 77 25
78 79 66
78 80 71
78 81 56
78 83 16
78 84 25
78 85 43
78 86 29
78 87 40
78 88 26
78 89 15
78 90 61
78 92 73
78 t 58
79 1 41
79 2 71
79 3 21
79 4 35
79 5 30
79 8 14
79 11 47
79 12 65
79 15 50
79 16 28
79 17 28
79 19 21
79 20 14
79 21 35
79 22 54
79 27 20
79 30 42
79 31 30
79 32 29
79 33 15
79 34 65
79 36 15
79 37 41
79 38 61
79 40 24
79 42 55
79 45 30
79 46 62
79 47 71
79 48 43
79 49 35
79 50 37
79 52 38
79 53 47
79 54 47
79 55 38
79 56 65
79 58 41
79 60 59
79 61 72
79 62 25
79 64 62
79 65 73
79 69 59
79 70 68
79 72 21
79 73 14
79 74 56
79 75 62
79 76 37
79 78 66
79 80 64
79 81 39
79 83 67
79 84 67
79 85 65
79 86 24
79 87 34
79 88 49
79 91 46
79 92 25
79 93 57
79 t 40
80 1 33
80 2 57
80 3 27
80 4 55
80 5 73
80 6 41
80 7 35
80 9 15
80 11 23
80 13 20
80 14 14
80 15 21
80 16 57
80 17 47
80 18 29
80 19 66
80 20 18
80 22 21
80 23 42
80 24 32
80 25 72
80 26 44
80 27 37
80 28 35
80 29 66
80 30 54
80 31 52
80 32 19
80 34 72
80 36 55
80 38 72
80 39 41
80 41 28
80 42 64
80 43 51
80 44 45
80 45 46
80 46 33
80 48 34
80 49 28
80 50 26
80 51 42
80 52 37
80 54 53
80 56 35
80 57 16
80 58 17
80 59 64
80 61 19
80 62 36
80 65 72
80 66 60
80 67 41
80 68 41
80 70 41
80 71 24
80 72 57
80 74 50
80 76 59
80 77 52
80 78 71
80 79 64
80 82 51
80 84 60
80 86 62
80 87 16
80 88 26
80 89 52
80 90 41
80 91 59
80 93 73
80 t 28
81 1 55
81 2 43
81 3 51
81 5 42
81 6 53
81 7 63
81 8 69
81 9 55
81 10 20
81 11 26
81 12 66
81 13 51
81 14 18
81 16 53
81 17 59
81 19 58
81 20 72
81 21 32
81 22 50
81 23 43
81 24 62
81 25 19
81 26 41
81 27 71
81 29 50
81 31 24
81 33 32
81 34 45
81 35 49
81 37 16
81 38 35
81 39 16
81 40 51
81 41 55
81 42 68
81 44 57
81 46 70
81 47 53
81 48 64
81 50 28
81 53 64
81 54 44
81 55 46
81 58 46
81 60 73
81 62 44
81 64 24
81 65 36
81 66 69
81 67 19
81 69 30
81 70 47
81 71 27
81 72 23
81 73 73
81 74 69
81 75 27
81 77 42
81 78 56
81 79 39
81 82 69
81 83 25
81 85 16
81 86 70
81 87 22
81 88 66
81 91 60
81 93 64
81 t 56
82 1 54
82 2 16
82 3 50
82 4 19
82 5 36
82 6 16
82 8 32
82 9 30
82 10 70
82 11 26
82 12 59
82 13 56
82 14 48
82 15 15
82 16 34
82 17 51
82 18 34
82 19 20
82 20 62
82 22 39
82 23 27
82 24 39
82 25 64
82 26 53
82 27 52
82 29 55
82 30 29
82 31 25
82 32 55
82 33 20
82 35 70
82 36 71
82 37 38
82 38 47
82 39 32
82 40 38
82 43 33
82 44 27
82 45 19
82 46 41
82 47 56
82 48 52
82 50 49
82 52 62
82 53 26
82 54 60
82 56 31
82 57 32
82 58 16
82 59 44
82 61 69
82 63 61
82 64 35
82 65 54
82 67 56
82 68 66
82 69 40
82 70 66
82 73 67
82 74 44
82 75 70
82 76 35
82 80 51
82 81 69
82 83 32
82 84 31
82 87 27
82 88 57
82 90 19
82 91 55
82 93 53
82 t 68
83 1 65
83 2 47
83 4 49
83 5 48
83 7 27
83 8 48
83 9 46
83 10 30
83 12 22
83 13 23
83 14 44
83 18 42
83 19 43
83 20 71
83 21 72
83 22 24
83 23 25
83 24 49
83 25 49
83 26 69
83 27 21
83 28 42
83 31 66
83 34 47
83 35 37
83 36 20
83 37 60
83 38 61
83 39 34
83 40 61
83 41 44
83 45 24
83 46 57
83 47 57
83 48 28
83 49 26
83 53 71
83 54 19
83 55 19
83 56 35
83 57 35
83 58 15
83 59 53
83 60 40
83 62 53
83 63 32
83 64 28
83 65 29
83 66 69
83 67 23
83 68 66
83 69 49
83 70 69
83 71 63
83 72 32
83 75 68
83 76 63
83 77 48
83 78 16
83 79 67
83 81 25
83 82 32
83 84 22
83 86 23
83 87 43
83 88 67
83 90 70
83 91 16
83 92 49
83 93 26
83 t 37
84 1 65
84 2 51
84 3 52
84 4 47
84 5 42
84 7 36
84 10 60
84 12 53
84 15 69
84 16 15
84 17 56
84 18 59
84 19 40
84 20 65
84 21 53
84 22 31
84 23 42
84 24 44
84 25 62
84 26 20
84 27 16
84 28 32
84 29 62
84 30 53
84 31 47
84 32 45
84 33 70
84 34 25
84 36 65
84 37 42
84 38 61
84 40 42
84 41 48
84 42 21
84 45 41
84 46 39
84 48 49
84 49 34
84 50 48
84 51 20
84 52 38
84 53 28
84 54 14
84 55 27
84 56 62
84 57 45
84 58 27
84 59 47
84 60 14
84 61 49
84 63 40
84 64 38
84 65 29
84 66 14
84 67 61
84 68 28
84 69 44
84 70 61
84 71 41
84 72 40
84 73 43
84 74 45
84 75 65
84 76 68
84 77 67
84 78 25
84 79 67
84 80 60
84 82 31
84 83 22
84 85 49
84 86 50
84 87 48
84 88 60
84 89 70
84 90 68
84 91 46
84 92 71
84 93 69
84 t 58
85 1 56
85 2 34
85 4 40
85 5 17
85 6 35
85 7 33
85 8 58
85 9 71
85 11 66
85 12 46
85 13 17
85 14 66
85 15 22
85 17 26
85 18 55
85 19 34
85 20 61
85 21 58
85 22 63
85 23 57
85 24 69
85 25 47
85 26 40
85 27 33
85 29 18
85 30 22
85 31 62
85 33 33
85 35 36
85 36 42
85 37 67
85 39 20
85 41 34
85 42 44
85 45 15
85 48 39
85 50 68
85 51 23
85 52 39
85 53 46
85 54 50
85 55 39
85 57 41
85 58 23
85 60 44
85 61 29
85 62 46
85 63 16
85 65 62
85 66 41
85 67 36
85 68 30
85 69 58
85 70 46
85 71 63
85 72 44
85 75 56
85 76 32
85 77 62
85 78 43
85 79 65
85 81 16
85 84 49
85 86 51
85 87 67
85 89 33
85 90 61
85 93 23
85 t 67
86 1 16
86 2 66
86 3 34
86 4 18
86 6 69
86 7 57
86 8 16
86 9 58
86 10 20
86 11 59
86 12 69
86 15 69
86 17 24
86 18 72
86 19 46
86 20 53
86 21 50
86 22 48
86 24 68
86 25 37
86 27 24
86 29 32
86 32 60
86 34 17
86 35 70
86 36 32
86 37 46
86 38 55
86 39 70
86 40 28
86 42 55
86 43 45
86 48 35
86 49 34
86 50 68
86 51 67
86 55 62
86 56 65
86 57 26
86 58 41
86 61 48
86 62 17
86 65 34
86 66 45
86 68 62
86 69 45
86 70 68
86 73 53
86 75 58
86 76 66
86 77 72
86 78 29
86 79 24
86 80 62
86 81 70
86 83 23
86 84 50
86 85 51
86 89 44
86 90 45
86 91 18
86 92 43
86 93 59
86 t 35
87 2 24
87 3 25
87 5 64
87 6 52
87 7 43
87 8 34
87 9 62
87 10 70
87 12 52
87 13 36
87 15 34
87 16 46
87 17 63
87 18 50
87 21 56
87 23 69
87 24 56
87 25 67
87 26 70
87 27 29
87 28 57
87 29 71
87 30 22
87 32 19
87 35 57
87 36 65
87 38 65
87 39 22
87 40 49
87 41 63
87 42 27
87 43 73
87 44 17
87 45 19
87 47 39
87 48 54
87 49 50
87 50 49
87 52 16
87 53 55
87 54 39
87 55 55
87 56 27
87 57 31
87 59 61
87 62 19
87 63 29
87 64 63
87 65 55
87 66 58
87 67 53
87 69 30
87 70 24
87 71 54
87 72 44
87 73 32
87 74 22
87 75 30
87 76 55
87 77 60
87 78 40
87 79 34
87 80 16
87 81 22
87 82 27
87 83 43
87 84 48
87 85 67
87 88 62
87 90 50
87 91 39
87 93 31
87 t 17
88 1 30
88 2 54
88 3 62
88 4 64
88 5 24
88 6 71
88 8 71
88 10 23
88 11 68
88 13 69
88 14 32
88 17 39
88 18 66
88 19 35
88 20 68
88 21 14
88 22 43
88 25 72
88 26 47
88 27 63
88 28 64
88 29 23
88 30 73
88 31 24
88 32 19
88 33 14
88 34 38
88 36 68
88 37 28
88 38 21
88 40 19
88 41 73
88 44 44
88 48 63
88 49 34
88 50 53
88 51 28
88 57 68
88 58 40
88 59 45
88 60 21
88 62 32
88 64 41
88 66 42
88 68 16
88 69 63
88 71 28
88 75 14
88 77 61
88 78 26
88 79 49
88 80 26
88 81 66
88 82 57
88 83 67
88 84 60
88 87 62
88 89 22
88 91 17
88 92 52
88 93 56
89 1 55
89 3 64
89 4 15
89 5 51
89 6 54
89 7 17
89 8 54
89 9 53
89 12 32
89 13 18
89 15 58
89 17 27
89 18 55
89 19 54
89 20 58
89 21 25
89 22 70
89 23 35
89 24 29
89 25 40
89 26 17
89 27 17
89 29 36
89 31 28
89 33 37
89 35 64
89 36 59
89 37 61
89 38 50
89 39 24
89 40 46
89 41 62
89 42 29
89 43 18
89 44 57
89 45 69
89 46 57
89 49 70
89 50 72
89 51 36
89 52 60
89 55 37
89 56 31
89 57 63
89 60 29
89 62 73
89 63 31
89 64 17
89 65 64
89 66 60
89 67 22
89 68 66
89 70 34
89 71 34
89 72 56
89 73 56
89 74 17
89 75 70
89 77 29
89 78 15
89 80 52
89 84 70
89 85 33
89 86 44
89 88 22
89 92 45
89 93 43
90 2 30
90 3 14
90 4 70
90 5 15
90 6 69
90 8 70
90 9 43
90 10 41
90 13 59
90 15 23
90 16 41
90 17 61
90 19 36
90 20 33
90 23 17
90 24 52
90 26 14
90 27 55
90 29 27
90 30 27
90 32 27
90 33 67
90 34 51
90 35 34
90 36 55
90 37 45
90 38 51
90 39 65
90 40 39
90 42 67
90 43 64
90 44 57
90 45 24
90 48 33
90 49 70
90 50 55
90 51 57
90 57 52
90 58 54
90 59 25
90 60 72
90 61 31
90 63 62
90 64 66
90 66 15
90 67 52
90 70 70
90 72 53
90 73 45
90 74 48
90 75 41
90 76 48
90 77 26
90 78 61
90 80 41
90 82 19
90 83 70
90 84 68
90 85 61
90 86 45
90 87 50
90 91 40
90 93 31
91 1 59
91 3 47
91 4 63
91 5 67
91 8 15
91 9 17
91 12 41
91 13 49
91 14 21
91 15 37
91 17 30
91 18 41
91 19 32
91 20 39
91 21 33
91 22 72
91 23 31
91 25 58
91 26 25
91 27 33
91 29 16
91 30 30
91 31 32
91 32 31
91 33 30
91 34 38
91 36 40
91 37 30
91 39 41
91 40 48
91 41 62
91 42 28
91 44 32
91 45 66
91 46 73
91 47 61
91 49 54
91 50 36
91 51 69
91 52 59
91 53 65
91 55 53
91 56 53
91 57 29
91 58 29
91 59 60
91 60 34
91 62 27
91 63 72
91 65 69
91 66 41
91 67 34
91 69 57
91 71 28
91 72 39
91 74 45
91 77 70
91 79 46
91 80 59
91 81 60
91 82 55
91 83 16
91 84 46
91 86 18
91 87 39
91 88 17
91 90 40
91 92 33
91 93 70
91 t 53
92 1 62
92 2 14
92 6 72
92 7 41
92 8 21
92 9 22
92 10 70
92 11 38
92 12 72
92 13 57
92 15 14
92 16 36
92 19 37
92 20 49
92 21 24
92 22 62
92 23 64
92 24 70
92 26 36
92 27 19
92 28 24
92 30 23
92 32 57
92 33 58
92 34 34
92 35 52
92 36 44
92 37 29
92 39 66
92 40 38
92 42 22
92 43 72
92 44 38
92 45 40
92 46 18
92 47 58
92 49 33
92 50 58
92 51 23
92 52 60
92 53 44
92 54 36
92 55 42
92 57 32
92 58 68
92 59 17
92 60 61
92 62 33
92 63 58
92 64 48
92 65 58
92 67 34
92 69 47
92 70 14
92 71 48
92 72 18
92 73 32
92 75 61
92 76 56
92 77 54
92 78 73
92 79 25
92 83 49
92 84 71
92 86 43
92 88 52
92 89 45
92 91 33
92 93 17
92 t 30
93 1 44
93 2 58
93 3 17
93 5 35
93 7 68
93 8 55
93 9 39
93 11 52
93 12 56
93 14 66
93 15 51
93 16 17
93 17 68
93 21 31
93 22 24
93 23 53
93 24 21
93 25 54
93 26 66
93 27 36
93 28 26
93 30 41
93 31 66
93 35 69
93 37 27
93 38 25
93 40 63
93 41 37
93 42 29
93 43 50
93 44 49
93 45 36
93 48 63
93 49 30
93 51 33
93 54 51
93 56 27
93 57 50
93 58 54
93 59 40
93 60 56
93 62 15
93 63 60
93 65 21
93 66 28
93 67 70
93 68 62
93 70 44
93 71 40
93 74 46
93 75 52
93 76 28
93 77 34
93 79 57
93 80 73
93 81 64
93 82 53
93 83 26
93 84 69
93 85 23
93 86 59
93 87 31
93 88 56
93 89 43
93 90 31
93 91 70
93 92 17
