s 3 56
s 6 21
s 8 34
s 10 39
s 12 54
s 19 16
s 20 63
s 22 73
s 28 10
s 30 25
s 35 29
s 37 29
s 38 74
s 40 55
s 42 23
s 46 60
s 49 73
s 52 41
1 3 61
1 4 40
1 6 28
1 8 35
1 11 24
1 17 31
1 20 33
1 21 50
1 24 6
1 29 22
1 37 39
1 39 24
1 40 43
1 41 44
1 48 6
1 49 17
1 53 17
1 54 7
1 56 7
2 3 18
2 5 71
2 6 46
2 8 41
2 16 22
2 23 65
2 25 10
2 28 31
2 30 73
2 35 52
2 41 7
2 44 31
2 45 23
2 46 17
2 47 53
2 49 51
2 52 61
2 55 58
3 1 61
3 2 18
3 8 29
3 9 69
3 13 59
3 14 25
3 20 56
3 25 9
3 26 50
3 29 34
3 43 35
3 45 35
3 47 62
3 51 75
4 1 40
4 5 24
4 8 34
4 9 75
4 17 53
4 18 48
4 21 62
4 22 27
4 25 42
4 26 51
4 27 58
4 32 42
4 35 51
4 36 53
4 37 73
4 47 29
4 52 43
4 53 27
4 55 14
4 56 49
4 57 42
5 2 71
5 4 24
5 6 40
5 7 60
5 12 63
5 13 45
5 15 38
5 16 73
5 22 11
5 23 54
5 28 36
5 29 28
5 31 19
5 32 42
5 40 23
5 42 70
5 49 13
5 51 65
5 52 26
5 53 52
5 55 35
6 1 28
6 2 46
6 5 40
6 7 13
6 12 61
6 15 23
6 17 50
6 19 55
6 23 68
6 27 57
6 32 21
6 35 17
6 38 55
6 40 54
6 47 16
6 49 17
6 53 51
6 57 29
7 5 60
7 6 13
7 13 43
7 14 73
7 18 32
7 23 68
7 26 21
7 27 6
7 32 9
7 36 70
7 38 13
7 44 36
7 45 22
7 50 29
7 52 64
7 53 12
7 56 32
8 1 35
8 2 41
8 3 29
8 4 34
8 16 43
8 17 30
8 19 10
8 22 60
8 27 55
8 28 7
8 29 56
8 30 61
8 31 51
8 35 40
8 37 27
8 38 18
8 40 11
8 42 61
8 44 61
8 46 43
8 47 64
8 54 40
8 55 69
8 57 68
8 t 15
9 3 69
9 4 75
9 11 33
9 14 45
9 19 12
9 27 30
9 28 36
9 34 33
9 40 66
9 46 48
9 49 63
10 14 61
10 16 50
10 20 29
10 21 66
10 29 54
10 39 24
10 41 22
10 44 44
10 48 37
10 50 73
10 53 66
10 56 65
11 1 24
11 9 33
11 13 36
11 14 75
11 17 11
11 18 33
11 19 71
11 20 73
11 23 31
11 24 75
11 26 10
11 30 67
11 36 73
11 37 54
11 42 8
11 45 6
11 53 55
11 54 47
11 55 32
11 57 64
12 5 63
12 6 61
12 13 8
12 16 28
12 19 15
12 26 24
12 47 11
12 52 33
12 56 66
12 t 56
13 3 59
13 5 45
13 7 43
13 11 36
13 12 8
13 16 54
13 18 56
13 25 73
13 28 37
13 32 39
13 33 14
13 37 38
13 41 50
13 42 26
13 43 61
13 44 25
13 45 50
13 49 14
13 50 9
13 52 72
13 53 54
13 55 16
14 3 25
14 7 73
14 9 45
14 10 61
14 11 75
14 17 55
14 20 67
14 21 70
14 23 41
14 32 50
14 37 69
14 38 34
14 44 44
14 45 31
14 46 48
14 48 73
14 49 66
14 52 28
14 55 37
14 56 47
14 t 62
15 5 38
15 6 23
15 17 53
15 21 68
15 23 44
15 24 22
15 28 6
15 31 50
15 32 53
15 36 18
15 40 58
15 41 50
15 43 45
15 44 27
15 49 46
15 51 63
16 2 22
16 5 73
16 8 43
16 10 50
16 12 28
16 13 54
16 17 62
16 21 45
16 23 19
16 29 51
16 31 19
16 36 74
16 38 6
16 40 8
16 41 66
16 42 29
16 46 51
16 47 24
16 50 48
16 51 49
16 55 7
16 56 29
16 57 32
17 1 31
17 4 53
17 6 50
17 8 30
17 11 11
17 14 55
17 15 53
17 16 62
17 19 14
17 23 74
17 25 44
17 27 75
17 29 65
17 30 25
17 33 24
17 35 39
17 38 50
17 40 38
17 41 59
17 43 57
17 44 43
17 46 11
17 50 41
17 54 39
17 t 51
18 4 48
18 7 32
18 11 33
18 13 56
18 22 7
18 25 40
18 37 67
18 39 24
18 40 29
18 44 54
18 52 29
19 6 55
19 8 10
19 9 12
19 11 71
19 12 15
19 17 14
19 20 9
19 23 32
19 24 21
19 25 26
19 26 28
19 29 17
19 36 65
19 37 14
19 48 20
19 51 72
19 56 55
19 t 62
20 1 33
20 3 56
20 10 29
20 11 73
20 14 67
20 19 9
20 22 45
20 27 46
20 28 74
20 37 24
20 48 67
20 49 73
20 53 75
20 57 24
20 t 21
21 1 50
21 4 62
21 10 66
21 14 70
21 15 68
21 16 45
21 22 13
21 31 71
21 32 40
21 33 43
21 36 61
21 41 67
21 42 48
21 44 52
21 52 17
21 t 22
22 4 27
22 5 11
22 8 60
22 18 7
22 20 45
22 21 13
22 26 62
22 29 7
22 36 7
22 37 8
22 43 29
22 44 13
22 48 70
22 49 41
22 51 64
22 53 73
22 55 69
22 56 56
23 2 65
23 5 54
23 6 68
23 7 68
23 11 31
23 14 41
23 15 44
23 16 19
23 17 74
23 19 32
23 25 47
23 27 26
23 37 32
23 40 69
23 43 59
23 44 34
23 46 44
23 47 19
23 48 28
23 52 25
23 53 58
23 54 71
23 56 25
24 1 6
24 11 75
24 15 22
24 19 21
24 26 45
24 30 34
24 31 75
24 32 23
24 33 60
24 34 16
24 39 63
24 41 51
24 43 31
24 45 65
24 49 61
24 53 40
24 57 50
25 2 10
25 3 9
25 4 42
25 13 73
25 17 44
25 18 40
25 19 26
25 23 47
25 26 59
25 39 61
25 48 41
25 56 52
26 3 50
26 4 51
26 7 21
26 11 10
26 12 24
26 19 28
26 22 62
26 24 45
26 25 59
26 28 56
26 36 32
26 37 67
26 40 55
26 49 12
26 55 71
26 57 35
27 4 58
27 6 57
27 7 6
27 8 55
27 9 30
27 17 75
27 20 46
27 23 26
27 33 25
27 36 9
27 37 13
27 39 69
27 40 8
27 43 75
27 48 63
27 49 62
27 53 31
28 2 31
28 5 36
28 8 7
28 9 36
28 13 37
28 15 6
28 20 74
28 26 56
28 36 73
28 41 52
28 43 43
28 45 37
28 46 60
28 47 35
28 48 29
28 51 35
28 t 26
29 1 22
29 3 34
29 5 28
29 8 56
29 10 54
29 16 51
29 17 65
29 19 17
29 22 7
29 32 67
29 33 49
29 36 47
29 41 34
29 42 45
29 45 66
29 50 26
29 51 38
29 56 6
30 2 73
30 8 61
30 11 67
30 17 25
30 24 34
30 35 66
30 39 41
30 47 51
30 50 14
30 t 38
31 5 19
31 8 51
31 15 50
31 16 19
31 21 71
31 24 75
31 35 15
31 42 71
31 46 55
31 47 15
31 48 28
31 49 12
31 53 37
31 57 35
32 4 42
32 5 42
32 6 21
32 7 9
32 13 39
32 14 50
32 15 53
32 21 40
32 24 23
32 29 67
32 38 61
32 43 65
32 49 9
32 51 68
32 57 14
33 13 14
33 17 24
33 21 43
33 24 60
33 27 25
33 29 49
33 34 6
33 42 25
33 47 49
33 50 18
33 52 75
33 56 58
34 9 33
34 24 16
34 33 6
34 38 66
34 40 21
34 44 58
34 46 56
34 55 29
34 56 44
35 2 52
35 4 51
35 6 17
35 8 40
35 17 39
35 30 66
35 31 15
35 40 34
35 51 17
35 52 13
35 54 34
35 55 74
36 4 53
36 7 70
36 11 73
36 15 18
36 16 74
36 19 65
36 21 61
36 22 7
36 26 32
36 27 9
36 28 73
36 29 47
36 37 74
36 43 63
36 46 68
36 49 59
36 53 47
36 54 64
37 1 39
37 4 73
37 8 27
37 11 54
37 13 38
37 14 69
37 18 67
37 19 14
37 20 24
37 22 8
37 23 32
37 26 67
37 27 13
37 36 74
37 41 64
37 44 59
37 47 25
37 48 24
38 6 55
38 7 13
38 8 18
38 14 34
38 16 6
38 17 50
38 32 61
38 34 66
38 42 75
38 44 21
38 45 28
38 47 56
38 49 57
38 51 12
38 52 58
38 56 52
38 57 8
38 t 65
39 1 24
39 10 24
39 18 24
39 24 63
39 25 61
39 27 69
39 30 41
39 40 24
39 41 7
39 42 45
39 43 11
39 48 38
39 49 31
39 51 17
39 52 40
39 55 7
39 57 50
40 1 43
40 5 23
40 6 54
40 8 11
40 9 66
40 15 58
40 16 8
40 17 38
40 18 29
40 23 69
40 26 55
40 27 8
40 34 21
40 35 34
40 39 24
40 43 9
40 46 70
40 48 75
40 50 33
40 51 35
40 55 11
40 56 25
40 t 50
41 1 44
41 2 7
41 10 22
41 13 50
41 15 50
41 16 66
41 17 59
41 21 67
41 24 51
41 28 52
41 29 34
41 37 64
41 39 7
41 43 66
41 48 43
41 49 27
41 52 41
41 57 33
41 t 47
42 5 70
42 8 61
42 11 8
42 13 26
42 16 29
42 21 48
42 29 45
42 31 71
42 33 25
42 38 75
42 39 45
42 44 22
42 48 13
42 52 32
42 56 29
43 3 35
43 13 61
43 15 45
43 17 57
43 22 29
43 23 59
43 24 31
43 27 75
43 28 43
43 32 65
43 36 63
43 39 11
43 40 9
43 41 66
43 45 50
43 47 52
43 51 34
43 52 33
43 55 17
43 t 75
44 2 31
44 7 36
44 8 61
44 10 44
44 13 25
44 14 44
44 15 27
44 17 43
44 18 54
44 21 52
44 22 13
44 23 34
44 34 58
44 37 59
44 38 21
44 42 22
44 48 22
44 49 15
44 t 64
45 2 23
45 3 35
45 7 22
45 11 6
45 13 50
45 14 31
45 24 65
45 28 37
45 29 66
45 38 28
45 43 50
45 46 24
45 49 35
45 55 19
46 2 17
46 8 43
46 9 48
46 14 48
46 16 51
46 17 11
46 23 44
46 28 60
46 31 55
46 34 56
46 36 68
46 40 70
46 45 24
46 47 47
46 54 14
46 56 60
46 57 29
47 2 53
47 3 62
47 4 29
47 6 16
47 8 64
47 12 11
47 16 24
47 23 19
47 28 35
47 30 51
47 31 15
47 33 49
47 37 25
47 38 56
47 43 52
47 46 47
47 50 13
47 53 47
47 56 63
48 1 6
48 10 37
48 14 73
48 19 20
48 20 67
48 22 70
48 23 28
48 25 41
48 27 63
48 28 29
48 31 28
48 37 24
48 39 38
48 40 75
48 41 43
48 42 13
48 44 22
48 55 7
49 1 17
49 2 51
49 5 13
49 6 17
49 9 63
49 13 14
49 14 66
49 15 46
49 20 73
49 22 41
49 24 61
49 26 12
49 27 62
49 31 12
49 32 9
49 36 59
49 38 57
49 39 31
49 41 27
49 44 15
49 45 35
49 54 50
50 7 29
50 10 73
50 13 9
50 16 48
50 17 41
50 29 26
50 30 14
50 33 18
50 40 33
50 47 13
50 51 74
51 3 75
51 5 65
51 15 63
51 16 49
51 19 72
51 22 64
51 28 35
51 29 38
51 32 68
51 35 17
51 38 12
51 39 17
51 40 35
51 43 34
51 50 74
51 57 15
51 t 75
52 2 61
52 4 43
52 5 26
52 7 64
52 12 33
52 13 72
52 14 28
52 18 29
52 21 17
52 23 25
52 33 75
52 35 13
52 38 58
52 39 40
52 41 41
52 42 32
52 43 33
52 57 67
53 1 17
53 4 27
53 5 52
53 6 51
53 7 12
53 10 66
53 11 55
53 13 54
53 20 75
53 22 73
53 23 58
53 24 40
53 27 31
53 31 37
53 36 47
53 47 47
54 1 7
54 8 40
54 11 47
54 17 39
54 23 71
54 35 34
54 36 64
54 46 14
54 49 50
54 57 72
55 2 58
55 4 14
55 5 35
55 8 69
55 11 32
55 13 16
55 14 37
55 16 7
55 22 69
55 26 71
55 34 29
55 35 74
55 39 7
55 40 11
55 43 17
55 45 19
55 48 7
55 56 41
55 t 50
56 1 7
56 4 49
56 7 32
56 10 65
56 12 66
56 14 47
56 16 29
56 19 55
56 22 56
56 23 25
56 25 52
56 29 6
56 33 58
56 34 44
56 38 52
56 40 25
56 42 29
56 46 60
56 47 63
56 55 41
57 4 42
57 6 29
57 8 68
57 11 64
57 16 32
57 20 24
57 24 50
57 26 35
57 31 35
57 32 14
57 38 8
57 39 50
57 41 33
57 46 29
57 51 15
57 52 67
57 54 72
