s 1 138
s 2 92
s 3 163
s 6 37
s 7 163
s 8 61
s 10 162
s 11 139
s 12 12
s 14 100
s 15 129
s 16 156
s 17 99
s 19 18
s 20 47
s 21 131
s 22 143
s 26 118
s 27 40
s 28 78
s 29 99
s 30 136
s 31 8
s 32 82
s 33 43
s 34 41
s 35 15
s 36 75
s 37 60
s 38 40
s 40 26
s 41 121
s 42 139
s 43 53
s 45 70
s 46 59
s 47 51
s 48 122
s 49 161
s 50 129
s 51 159
s 52 78
s 53 44
s 54 25
s 55 142
s 56 25
s 57 19
s 58 142
s 59 40
s 60 124
s 61 41
s 62 91
s 64 151
s 65 102
s 68 133
s 69 51
s 70 19
s 71 153
s 74 51
s 76 128
s 77 68
s 78 128
s 80 92
s 81 92
s 83 68
s 84 100
s 85 164
s 86 17
s 87 68
s 88 32
s 89 51
s 90 95
s 91 155
s 92 30
s t 42
1 2 106
1 4 118
1 7 164
1 8 21
1 9 136
1 10 123
1 11 159
1 13 37
1 14 11
1 16 49
1 18 48
1 20 158
1 21 7
1 23 96
1 24 83
1 25 165
1 26 76
1 27 135
1 29 87
1 30 147
1 31 80
1 33 149
1 34 40
1 35 160
1 36 114
1 37 113
1 39 51
1 40 59
1 41 158
1 42 71
1 44 145
1 45 99
1 48 87
1 49 45
1 51 142
1 52 24
1 53 170
1 57 136
1 58 76
1 59 148
1 60 147
1 61 164
1 64 168
1 65 18
1 66 85
1 67 48
1 68 64
1 69 86
1 70 148
1 71 127
1 72 21
1 75 38
1 76 158
1 77 66
1 79 106
1 80 96
1 82 158
1 83 75
1 88 149
1 89 23
1 90 115
1 91 73
1 92 106
1 t 47
2 1 106
2 4 79
2 5 142
2 6 35
2 7 16
2 8 16
2 9 63
2 10 158
2 11 114
2 14 40
2 17 43
2 18 145
2 19 134
2 22 104
2 24 15
2 25 50
2 27 80
2 30 45
2 31 148
2 33 167
2 34 26
2 35 85
2 36 11
2 37 66
2 38 111
2 39 132
2 40 64
2 41 165
2 42 67
2 43 108
2 46 164
2 48 174
2 49 6
2 50 41
2 51 155
2 52 52
2 53 109
2 54 169
2 55 68
2 56 50
2 57 108
2 58 27
2 59 133
2 60 74
2 61 43
2 62 51
2 63 153
2 65 90
2 66 21
2 67 56
2 68 83
2 70 111
2 74 88
2 75 97
2 76 90
2 77 43
2 78 153
2 81 144
2 82 174
2 83 65
2 84 90
2 86 29
2 87 102
2 88 43
2 92 136
3 5 86
3 7 128
3 8 166
3 9 49
3 11 141
3 12 170
3 13 89
3 16 89
3 17 90
3 19 112
3 21 96
3 22 79
3 23 98
3 24 90
3 25 43
3 26 36
3 27 148
3 29 165
3 30 123
3 31 102
3 32 46
3 34 10
3 35 110
3 36 64
3 37 36
3 39 162
3 40 117
3 41 54
3 42 27
3 43 152
3 45 120
3 46 22
3 47 15
3 48 167
3 49 137
3 51 95
3 52 95
3 53 104
3 54 81
3 55 51
3 56 121
3 58 106
3 59 51
3 60 127
3 62 120
3 63 90
3 65 88
3 66 17
3 67 33
3 68 154
3 69 8
3 70 107
3 71 123
3 73 47
3 74 125
3 75 123
3 76 69
3 77 118
3 78 129
3 79 62
3 80 27
3 81 89
3 82 19
3 85 141
3 87 132
3 90 115
3 91 71
3 92 80
3 t 172
4 1 118
4 2 79
4 5 70
4 6 168
4 7 73
4 8 172
4 9 137
4 11 44
4 12 109
4 13 72
4 14 46
4 16 166
4 17 26
4 18 7
4 19 116
4 20 125
4 21 6
4 22 61
4 24 71
4 25 47
4 26 49
4 29 142
4 30 149
4 31 172
4 32 146
4 35 141
4 36 87
4 37 54
4 38 166
4 39 108
4 41 18
4 42 119
4 43 54
4 44 61
4 45 128
4 46 158
4 49 41
4 50 52
4 51 14
4 53 20
4 54 155
4 55 63
4 56 132
4 57 94
4 60 151
4 61 53
4 62 125
4 63 41
4 65 160
4 66 10
4 67 135
4 69 135
4 70 80
4 71 149
4 72 129
4 73 40
4 74 45
4 75 70
4 77 167
4 80 133
4 81 155
4 82 99
4 83 156
4 85 98
4 87 21
4 88 21
4 89 55
4 90 25
4 t 41
5 2 142
5 3 86
5 4 70
5 6 154
5 7 86
5 8 20
5 9 25
5 10 157
5 12 6
5 13 121
5 14 21
5 15 63
5 16 63
5 17 93
5 18 103
5 19 89
5 20 78
5 21 65
5 23 9
5 24 122
5 26 16
5 27 15
5 29 85
5 30 9
5 31 150
5 32 166
5 33 77
5 34 37
5 35 92
5 38 157
5 39 50
5 41 127
5 42 114
5 47 96
5 48 146
5 49 161
5 51 56
5 52 62
5 53 116
5 54 166
5 55 63
5 57 43
5 58 47
5 60 130
5 62 79
5 63 46
5 64 89
5 65 91
5 67 139
5 68 82
5 70 120
5 71 118
5 72 100
5 73 109
5 74 135
5 75 161
5 77 155
5 78 71
5 79 72
5 80 114
5 81 66
5 82 111
5 83 33
5 85 162
5 86 104
5 87 25
5 89 145
5 92 131
5 t 64
6 2 35
6 4 168
6 5 154
6 7 143
6 8 20
6 9 158
6 10 101
6 11 139
6 12 170
6 13 119
6 14 74
6 17 144
6 18 33
6 19 74
6 22 151
6 24 83
6 26 38
6 27 144
6 28 96
6 29 154
6 30 86
6 31 37
6 32 73
6 34 41
6 35 40
6 37 36
6 39 117
6 41 28
6 42 75
6 43 129
6 45 158
6 46 160
6 47 7
6 48 65
6 49 119
6 50 40
6 51 93
6 52 101
6 53 47
6 54 152
6 56 109
6 57 25
6 58 56
6 59 121
6 61 142
6 62 23
6 63 108
6 64 9
6 65 47
6 66 102
6 67 112
6 68 15
6 69 44
6 70 18
6 71 111
6 72 38
6 73 37
6 74 147
6 75 101
6 76 173
6 77 173
6 78 73
6 80 17
6 81 120
6 82 154
6 83 162
6 84 170
6 85 49
6 86 114
6 87 99
6 88 143
6 89 171
6 90 23
6 91 101
6 92 107
6 t 124
7 1 164
7 2 16
7 3 128
7 4 73
7 5 86
7 6 143
7 8 47
7 9 160
7 10 135
7 11 63
7 14 142
7 18 21
7 19 92
7 21 45
7 23 28
7 24 171
7 27 73
7 28 15
7 29 136
7 30 107
7 31 171
7 32 30
7 33 149
7 34 16
7 35 143
7 36 18
7 37 89
7 38 153
7 39 60
7 41 116
7 42 104
7 43 99
7 44 16
7 45 155
7 46 81
7 47 37
7 48 128
7 50 138
7 51 18
7 53 146
7 54 58
7 55 38
7 57 76
7 58 54
7 60 131
7 61 38
7 62 25
7 64 151
7 66 132
7 67 124
7 68 53
7 69 85
7 70 6
7 71 67
7 72 27
7 73 157
7 74 112
7 75 154
7 76 30
7 77 73
7 78 72
7 79 77
7 80 41
7 81 82
7 82 22
7 83 82
7 85 126
7 86 58
7 87 30
7 88 11
7 89 62
7 90 134
7 91 52
7 92 46
7 t 22
8 1 21
8 2 16
8 3 166
8 4 172
8 5 20
8 6 20
8 7 47
8 9 111
8 10 92
8 11 165
8 12 139
8 13 139
8 14 90
8 18 16
8 19 49
8 24 76
8 26 119
8 27 171
8 28 131
8 29 32
8 30 25
8 32 84
8 34 60
8 35 74
8 36 49
8 38 166
8 39 84
8 40 136
8 41 162
8 43 150
8 45 57
8 46 41
8 47 167
8 49 76
8 50 62
8 51 85
8 52 146
8 53 12
8 54 160
8 55 174
8 56 67
8 60 174
8 61 104
8 62 49
8 64 43
8 65 114
8 66 130
8 67 19
8 68 93
8 69 92
8 72 100
8 74 119
8 77 52
8 78 35
8 79 8
8 80 122
8 81 51
8 82 142
8 85 37
8 86 134
8 87 51
8 88 171
8 89 139
8 91 36
8 92 120
8 t 63
9 1 136
9 2 63
9 3 49
9 4 137
9 5 25
9 6 158
9 7 160
9 8 111
9 10 156
9 11 72
9 13 45
9 14 144
9 15 50
9 16 44
9 17 143
9 18 48
9 19 101
9 20 163
9 21 33
9 22 77
9 24 100
9 25 57
9 26 74
9 27 98
9 28 166
9 29 100
9 32 89
9 34 66
9 36 137
9 38 158
9 39 46
9 41 117
9 42 81
9 44 58
9 45 72
9 46 90
9 48 21
9 49 56
9 50 72
9 52 135
9 53 8
9 54 147
9 57 126
9 58 59
9 59 26
9 60 57
9 62 148
9 64 174
9 65 11
9 66 120
9 67 82
9 68 157
9 69 7
9 70 6
9 71 113
9 72 41
9 73 116
9 76 23
9 79 159
9 80 42
9 82 54
9 83 143
9 84 83
9 87 133
9 88 68
9 89 71
9 90 30
9 92 114
9 t 138
10 1 123
10 2 158
10 5 157
10 6 101
10 7 135
10 8 92
10 9 156
10 11 39
10 12 158
10 13 152
10 15 138
10 16 137
10 18 98
10 19 132
10 20 162
10 21 56
10 23 96
10 25 17
10 26 140
10 27 97
10 28 115
10 30 133
10 31 136
10 32 122
10 33 162
10 35 102
10 36 14
10 37 22
10 38 141
10 39 151
10 41 46
10 43 118
10 45 147
10 48 52
10 51 156
10 52 127
10 53 165
10 55 74
10 56 39
10 57 131
10 58 22
10 59 145
10 60 147
10 61 55
10 63 121
10 65 149
10 66 119
10 67 160
10 68 94
10 69 119
10 71 68
10 72 135
10 73 161
10 74 20
10 75 17
10 77 45
10 79 89
10 81 102
10 82 168
10 83 89
10 84 79
10 88 124
10 90 19
10 91 73
10 92 159
10 t 15
11 1 159
11 2 114
11 3 141
11 4 44
11 6 139
11 7 63
11 8 165
11 9 72
11 10 39
11 12 11
11 13 58
11 14 79
11 16 62
11 17 71
11 18 41
11 19 100
11 20 61
11 21 116
11 22 151
11 23 118
11 24 93
11 26 14
11 27 99
11 30 22
11 31 37
11 32 10
11 33 31
11 34 21
11 35 56
11 36 126
11 37 108
11 38 119
11 41 33
11 42 125
11 44 28
11 45 63
11 46 11
11 47 79
11 48 72
11 49 16
11 50 107
11 52 73
11 55 156
11 56 122
11 57 47
11 58 73
11 59 11
11 61 99
11 62 30
11 64 127
11 65 120
11 66 165
11 67 167
11 68 110
11 69 88
11 70 160
11 71 128
11 72 55
11 74 47
11 75 152
11 76 127
11 77 115
11 78 115
11 79 90
11 80 32
11 81 43
11 82 20
11 83 172
11 84 161
11 85 57
11 86 139
11 87 22
11 88 124
11 89 157
11 90 152
11 91 41
11 92 171
11 t 126
12 3 170
12 4 109
12 5 6
12 6 170
12 8 139
12 10 158
12 11 11
12 13 159
12 15 143
12 17 151
12 18 33
12 19 140
12 21 90
12 22 91
12 24 69
12 25 97
12 26 77
12 27 7
12 28 63
12 29 80
12 30 128
12 31 153
12 32 123
12 34 111
12 35 124
12 37 164
12 38 162
12 39 6
12 40 48
12 41 102
12 42 156
12 43 166
12 44 71
12 45 162
12 46 135
12 47 71
12 49 80
12 50 142
12 51 162
12 52 160
12 53 171
12 55 125
12 56 163
12 57 145
12 58 106
12 59 13
12 60 63
12 61 113
12 63 144
12 65 49
12 68 37
12 69 77
12 70 41
12 71 109
12 73 161
12 74 95
12 76 107
12 77 61
12 78 19
12 80 153
12 82 46
12 83 65
12 84 52
12 85 160
12 86 67
12 89 112
12 91 169
12 92 63
12 t 84
13 1 37
13 3 89
13 4 72
13 5 121
13 6 119
13 8 139
13 9 45
13 10 152
13 11 58
13 12 159
13 14 22
13 15 62
13 17 98
13 18 85
13 19 84
13 20 19
13 21 51
13 23 117
13 24 105
13 25 89
13 27 10
13 28 85
13 30 34
13 32 61
13 34 128
13 35 160
13 36 164
13 37 63
13 38 128
13 39 53
13 40 42
13 41 64
13 42 64
13 46 81
13 49 102
13 53 134
13 56 49
13 58 172
13 59 40
13 61 113
13 62 131
13 63 163
13 64 11
13 66 50
13 69 123
13 70 50
13 71 35
13 72 51
13 74 20
13 75 145
13 76 19
13 79 58
13 80 18
13 81 16
13 82 69
13 83 140
13 84 65
13 86 70
13 87 88
13 88 59
13 89 53
13 90 87
13 91 121
13 92 62
13 t 169
14 1 11
14 2 40
14 4 46
14 5 21
14 6 74
14 7 142
14 8 90
14 9 144
14 11 79
14 13 22
14 15 47
14 18 157
14 20 114
14 21 55
14 22 51
14 23 44
14 24 103
14 25 124
14 26 90
14 27 148
14 28 70
14 29 50
14 30 39
14 31 88
14 32 46
14 34 28
14 35 23
14 36 151
14 37 155
14 38 113
14 40 75
14 41 134
14 44 110
14 46 68
14 48 13
14 49 63
14 50 29
14 51 56
14 52 43
14 53 144
14 54 24
14 55 97
14 56 70
14 57 19
14 58 54
14 60 46
14 61 8
14 62 53
14 63 134
14 64 65
14 65 114
14 66 154
14 68 74
14 69 165
14 72 34
14 73 148
14 74 78
14 75 99
14 76 51
14 77 78
14 78 157
14 79 76
14 80 170
14 81 147
14 82 170
14 83 151
14 85 11
14 86 91
14 87 94
14 88 70
14 89 84
14 90 97
14 91 66
14 t 30
15 5 63
15 9 50
15 10 138
15 12 143
15 13 62
15 14 47
15 17 104
15 18 123
15 19 154
15 20 55
15 21 89
15 23 118
15 25 14
15 27 49
15 29 98
15 31 24
15 32 84
15 33 19
15 35 172
15 36 17
15 37 61
15 38 154
15 39 163
15 40 88
15 41 102
15 42 131
15 43 64
15 44 143
15 46 110
15 47 114
15 49 131
15 50 117
15 51 145
15 52 65
15 53 100
15 54 161
15 55 146
15 56 170
15 57 78
15 59 141
15 60 20
15 61 119
15 62 11
15 63 156
15 64 110
15 65 96
15 66 69
15 67 45
15 68 82
15 69 38
15 70 149
15 71 21
15 75 93
15 76 119
15 77 135
15 79 51
15 80 123
15 82 137
15 83 24
15 84 37
15 87 157
15 88 172
15 89 161
15 90 64
15 91 83
15 92 163
15 t 39
16 1 49
16 3 89
16 4 166
16 5 63
16 9 44
16 10 137
16 11 62
16 18 104
16 19 129
16 20 98
16 21 84
16 23 121
16 24 116
16 25 91
16 27 20
16 29 42
16 30 36
16 31 25
16 33 144
16 34 10
16 36 119
16 38 162
16 39 64
16 40 163
16 41 80
16 42 23
16 43 12
16 44 53
16 45 19
16 46 108
16 47 96
16 49 128
16 50 59
16 51 32
16 54 26
16 55 119
16 57 156
16 58 26
16 59 124
16 62 163
16 64 52
16 65 68
16 66 108
16 67 149
16 68 120
16 69 102
16 70 94
16 73 159
16 74 24
16 75 46
16 77 14
16 78 116
16 79 108
16 80 166
16 81 103
16 82 108
16 83 14
16 84 21
16 85 44
16 87 33
16 88 13
16 89 74
16 t 32
17 2 43
17 3 90
17 4 26
17 5 93
17 6 144
17 9 143
17 11 71
17 12 151
17 13 98
17 15 104
17 18 125
17 19 32
17 20 17
17 21 73
17 22 119
17 23 51
17 24 95
17 25 43
17 26 85
17 27 126
17 28 125
17 30 40
17 32 65
17 35 130
17 36 104
17 38 37
17 39 20
17 40 37
17 41 132
17 42 70
17 43 113
17 44 56
17 45 97
17 46 28
17 47 90
17 49 53
17 50 51
17 51 53
17 52 26
17 53 110
17 54 52
17 56 82
17 57 14
17 58 10
17 60 58
17 61 36
17 64 111
17 65 55
17 66 85
17 67 156
17 68 41
17 69 134
17 71 173
17 72 108
17 73 23
17 75 7
17 76 85
17 77 91
17 79 162
17 81 128
17 82 49
17 83 33
17 85 47
17 86 34
17 87 16
17 90 64
17 91 140
17 92 65
18 1 48
18 2 145
18 4 7
18 5 103
18 6 33
18 7 21
18 8 16
18 9 48
18 10 98
18 11 41
18 12 33
18 13 85
18 14 157
18 15 123
18 16 104
18 17 125
18 19 110
18 20 160
18 21 68
18 22 25
18 24 113
18 25 61
18 26 128
18 27 78
18 28 86
18 30 28
18 31 152
18 33 138
18 34 88
18 36 81
18 37 97
18 40 28
18 42 107
18 45 72
18 46 24
18 47 127
18 48 30
18 50 39
18 51 160
18 52 145
18 54 6
18 55 127
18 58 126
18 59 80
18 61 139
18 62 98
18 63 126
18 64 22
18 66 166
18 67 29
18 68 129
18 70 9
18 71 35
18 72 156
18 73 156
18 74 64
18 76 107
18 77 133
18 78 59
18 79 12
18 80 6
18 81 72
18 82 30
18 83 47
18 84 32
18 85 50
18 86 72
18 87 21
18 88 80
18 89 162
18 90 46
18 91 161
18 92 76
18 t 93
19 2 134
19 3 112
19 4 116
19 5 89
19 6 74
19 7 92
19 8 49
19 9 101
19 10 132
19 11 100
19 12 140
19 13 84
19 15 154
19 16 129
19 17 32
19 18 110
19 20 15
19 21 76
19 22 6
19 23 123
19 24 96
19 25 157
19 27 114
19 28 28
19 30 117
19 31 49
19 33 31
19 34 10
19 36 170
19 38 126
19 39 45
19 41 43
19 42 72
19 43 154
19 44 75
19 46 42
19 47 150
19 48 50
19 49 6
19 50 35
19 51 98
19 52 83
19 53 88
19 54 146
19 56 130
19 57 68
19 58 64
19 59 44
19 60 145
19 61 50
19 62 159
19 63 42
19 64 121
19 66 159
19 67 34
19 68 95
19 69 159
19 70 96
19 71 156
19 72 138
19 73 131
19 74 71
19 75 12
19 77 134
19 78 28
19 79 123
19 80 158
19 81 135
19 83 123
19 84 29
19 85 65
19 86 112
19 87 99
19 88 54
19 89 63
19 91 143
19 92 27
20 1 158
20 4 125
20 5 78
20 9 163
20 10 162
20 11 61
20 13 19
20 14 114
20 15 55
20 16 98
20 17 17
20 18 160
20 19 15
20 22 147
20 23 100
20 24 156
20 25 16
20 26 35
20 27 60
20 28 91
20 29 81
20 30 103
20 31 98
20 32 110
20 33 49
20 34 115
20 35 174
20 36 102
20 37 139
20 40 26
20 42 54
20 43 31
20 44 70
20 45 15
20 46 140
20 48 151
20 49 41
20 51 44
20 52 65
20 54 17
20 55 22
20 56 17
20 57 112
20 58 66
20 60 76
20 61 29
20 62 99
20 63 107
20 66 165
20 67 124
20 68 113
20 69 25
20 71 56
20 72 110
20 73 169
20 74 50
20 75 47
20 76 17
20 78 106
20 79 145
20 80 86
20 82 83
20 83 116
20 84 119
20 85 10
20 86 20
20 87 159
20 88 45
20 89 35
20 90 153
20 91 143
20 92 150
20 t 124
21 1 7
21 3 96
21 4 6
21 5 65
21 7 45
21 9 33
21 10 56
21 11 116
21 12 90
21 13 51
21 14 55
21 15 89
21 16 84
21 17 73
21 18 68
21 19 76
21 22 42
21 23 108
21 24 137
21 25 62
21 26 163
21 27 25
21 28 78
21 29 159
21 31 29
21 32 12
21 33 68
21 34 174
21 35 21
21 36 95
21 37 48
21 38 99
21 39 156
21 40 57
21 41 126
21 42 160
21 43 32
21 44 150
21 45 13
21 46 129
21 47 45
21 48 39
21 49 103
21 50 16
21 52 100
21 54 34
21 55 36
21 56 143
21 57 87
21 58 43
21 59 135
21 60 87
21 61 161
21 62 144
21 63 136
21 64 66
21 65 173
21 66 151
21 67 48
21 68 108
21 69 107
21 70 104
21 71 76
21 72 45
21 73 98
21 74 28
21 75 98
21 76 143
21 78 93
21 80 101
21 82 113
21 83 82
21 84 79
21 85 67
21 86 123
21 87 85
21 88 118
21 89 109
21 90 134
21 92 79
22 2 104
22 3 79
22 4 61
22 6 151
22 9 77
22 11 151
22 12 91
22 14 51
22 17 119
22 18 25
22 19 6
22 20 147
22 21 42
22 23 99
22 24 54
22 25 86
22 26 66
22 27 122
22 28 29
22 29 149
22 30 110
22 32 102
22 33 158
22 34 95
22 35 112
22 37 149
22 39 168
22 41 44
22 42 36
22 43 168
22 44 67
22 45 96
22 46 75
22 47 110
22 51 106
22 52 22
22 53 60
22 54 142
22 55 46
22 56 84
22 57 126
22 60 79
22 61 78
22 62 72
22 63 24
22 64 127
22 65 93
22 66 9
22 67 62
22 69 54
22 70 20
22 71 153
22 73 129
22 74 12
22 75 22
22 76 50
22 79 165
22 80 10
22 81 155
22 82 88
22 85 98
22 86 167
22 88 138
22 89 132
22 90 170
22 91 166
22 92 49
22 t 132
23 1 96
23 3 98
23 5 9
23 7 28
23 10 96
23 11 118
23 13 117
23 14 44
23 15 118
23 16 121
23 17 51
23 19 123
23 20 100
23 21 108
23 22 99
23 24 8
23 25 140
23 28 162
23 29 147
23 31 114
23 32 101
23 33 74
23 34 48
23 35 105
23 36 41
23 37 36
23 41 51
23 42 35
23 43 163
23 44 106
23 45 13
23 47 13
23 48 16
23 49 68
23 50 117
23 51 123
23 52 95
23 53 33
23 55 163
23 56 154
23 57 163
23 60 128
23 61 106
23 62 30
23 63 38
23 64 94
23 66 137
23 67 22
23 68 10
23 69 16
23 72 62
23 73 131
23 74 74
23 75 147
23 76 74
23 77 20
23 78 159
23 79 84
23 80 52
23 81 79
23 82 119
23 83 60
23 85 99
23 89 94
23 90 143
23 91 150
23 92 96
24 1 83
24 2 15
24 3 90
24 4 71
24 5 122
24 6 83
24 7 171
24 8 76
24 9 100
24 11 93
24 12 69
24 13 105
24 14 103
24 16 116
24 17 95
24 18 113
24 19 96
24 20 156
24 21 137
24 22 54
24 23 8
24 25 81
24 26 55
24 28 24
24 29 52
24 30 19
24 31 98
24 32 87
24 33 113
24 34 67
24 36 122
24 37 74
24 39 65
24 41 6
24 42 31
24 45 8
24 46 52
24 47 49
24 48 7
24 51 146
24 53 15
24 55 96
24 56 159
24 57 88
24 58 33
24 60 125
24 62 8
24 63 120
24 66 101
24 67 36
24 68 8
24 69 22
24 71 69
24 72 102
24 73 11
24 74 54
24 75 72
24 76 18
24 77 23
24 78 110
24 79 14
24 80 26
24 81 59
24 82 115
24 83 24
24 84 134
24 85 159
24 87 53
24 88 85
24 90 150
24 91 49
24 92 97
25 1 165
25 2 50
25 3 43
25 4 47
25 9 57
25 10 17
25 12 97
25 13 89
25 14 124
25 15 14
25 16 91
25 17 43
25 18 61
25 19 157
25 20 16
25 21 62
25 22 86
25 23 140
25 24 81
25 27 133
25 28 101
25 29 165
25 30 48
25 31 154
25 32 50
25 34 25
25 35 25
25 36 102
25 37 23
25 38 93
25 41 82
25 42 86
25 43 160
25 44 61
25 45 137
25 46 87
25 47 131
25 48 49
25 49 144
25 50 99
25 51 75
25 52 121
25 53 53
25 54 112
25 55 54
25 56 92
25 58 14
25 59 24
25 60 89
25 61 147
25 62 117
25 67 10
25 68 76
25 70 94
25 72 116
25 73 136
25 74 63
25 76 96
25 77 13
25 78 132
25 79 151
25 80 161
25 82 98
25 83 166
25 84 129
25 86 63
25 89 149
25 90 40
25 91 120
25 92 173
25 t 143
26 1 76
26 3 36
26 4 49
26 5 16
26 6 38
26 8 119
26 9 74
26 10 140
26 11 14
26 12 77
26 14 90
26 17 85
26 18 128
26 20 35
26 21 163
26 22 66
26 24 55
26 27 58
26 28 146
26 29 153
26 30 115
26 31 146
26 32 114
26 34 34
26 35 125
26 36 109
26 37 56
26 38 130
26 39 124
26 40 139
26 41 153
26 42 154
26 43 35
26 44 136
26 45 51
26 46 52
26 47 144
26 48 137
26 49 51
26 52 136
26 53 31
26 54 52
26 55 109
26 56 147
26 57 92
26 58 96
26 59 30
26 60 55
26 61 23
26 62 66
26 63 166
26 65 10
26 66 135
26 67 116
26 69 111
26 70 156
26 71 169
26 72 84
26 74 13
26 75 91
26 76 31
26 80 109
26 82 16
26 83 21
26 84 166
26 85 72
26 87 47
26 89 106
26 90 50
26 91 131
26 92 53
26 t 142
27 1 135
27 2 80
27 3 148
27 5 15
27 6 144
27 7 73
27 8 171
27 9 98
27 10 97
27 11 99
27 12 7
27 13 10
27 14 148
27 15 49
27 16 20
27 17 126
27 18 78
27 19 114
27 20 60
27 21 25
27 22 122
27 25 133
27 26 58
27 28 93
27 29 141
27 30 9
27 32 43
27 33 26
27 34 31
27 35 19
27 36 51
27 38 17
27 39 121
27 40 56
27 41 170
27 42 83
27 43 107
27 44 32
27 45 94
27 46 162
27 47 98
27 49 87
27 50 17
27 51 10
27 54 7
27 56 14
27 57 114
27 58 71
27 60 112
27 62 56
27 64 61
27 65 61
27 66 102
27 68 84
27 70 141
27 71 98
27 72 28
27 73 39
27 74 168
27 76 22
27 79 157
27 81 162
27 82 81
27 83 44
27 84 144
27 85 118
27 87 106
27 88 167
27 90 89
27 92 118
27 t 122
28 6 96
28 7 15
28 8 131
28 9 166
28 10 115
28 12 63
28 13 85
28 14 70
28 17 125
28 18 86
28 19 28
28 20 91
28 21 78
28 22 29
28 23 162
28 24 24
28 25 101
28 26 146
28 27 93
28 30 152
28 31 44
28 32 160
28 33 60
28 34 22
28 35 37
28 37 97
28 38 18
28 39 125
28 40 100
28 41 160
28 44 46
28 45 90
28 46 62
28 47 43
28 48 27
28 50 114
28 51 17
28 52 7
28 54 50
28 57 60
28 58 156
28 59 96
28 60 41
28 61 123
28 62 28
28 64 100
28 65 134
28 66 77
28 67 121
28 68 134
28 69 26
28 72 59
28 73 23
28 74 91
28 76 31
28 77 133
28 78 96
28 79 21
28 80 157
28 81 119
28 82 166
28 83 28
28 84 121
28 86 48
28 87 58
28 88 109
28 89 124
28 90 83
28 91 50
28 t 66
29 1 87
29 3 165
29 4 142
29 5 85
29 6 154
29 7 136
29 8 32
29 9 100
29 12 80
29 14 50
29 15 98
29 16 42
29 20 81
29 21 159
29 22 149
29 23 147
29 24 52
29 25 165
29 26 153
29 27 141
29 31 153
29 33 99
29 34 113
29 36 72
29 37 78
29 38 19
29 39 136
29 40 69
29 42 118
29 44 78
29 45 48
29 46 122
29 47 67
29 48 166
29 49 7
29 52 169
29 53 135
29 54 122
29 55 172
29 56 14
29 58 83
29 59 150
29 60 127
29 61 21
29 62 100
29 63 90
29 64 83
29 65 51
29 67 80
29 68 109
29 69 16
29 70 29
29 71 147
29 72 149
29 73 20
29 74 67
29 75 22
29 77 43
29 80 103
29 82 58
29 85 33
29 86 152
29 87 125
29 88 174
29 89 38
29 90 134
29 91 56
29 92 140
30 1 147
30 2 45
30 3 123
30 4 149
30 5 9
30 6 86
30 7 107
30 8 25
30 10 133
30 11 22
30 12 128
30 13 34
30 14 39
30 16 36
30 17 40
30 18 28
30 19 117
30 20 103
30 22 110
30 24 19
30 25 48
30 26 115
30 27 9
30 28 152
30 32 29
30 33 14
30 34 45
30 35 113
30 36 47
30 38 29
30 39 172
30 40 63
30 41 129
30 42 164
30 43 168
30 44 134
30 45 116
30 46 7
30 48 86
30 49 157
30 50 68
30 53 137
30 54 83
30 55 173
30 56 161
30 57 53
30 58 40
30 59 69
30 61 15
30 62 134
30 63 29
30 66 140
30 67 56
30 68 70
30 69 8
30 70 171
30 73 97
30 74 106
30 75 105
30 77 31
30 79 43
30 80 117
30 81 23
30 82 153
30 83 35
30 84 132
30 86 71
30 87 39
30 88 159
30 89 62
30 90 136
30 92 27
30 t 138
31 1 80
31 2 148
31 3 102
31 4 172
31 5 150
31 6 37
31 7 171
31 10 136
31 11 37
31 12 153
31 14 88
31 15 24
31 16 25
31 18 152
31 19 49
31 20 98
31 21 29
31 23 114
31 24 98
31 25 154
31 26 146
31 28 44
31 29 153
31 32 85
31 33 131
31 34 65
31 36 40
31 39 30
31 41 87
31 42 91
31 43 125
31 44 115
31 45 36
31 46 143
31 47 139
31 48 11
31 49 43
31 50 67
31 51 122
31 52 47
31 53 120
31 54 72
31 55 36
31 56 120
31 57 30
31 58 85
31 59 107
31 61 160
31 62 170
31 63 23
31 64 86
31 65 160
31 66 50
31 67 160
31 68 12
31 69 53
31 70 46
31 71 171
31 72 147
31 73 147
31 74 12
31 75 143
31 76 131
31 77 170
31 78 118
31 79 132
31 80 95
31 81 124
31 82 156
31 83 148
31 84 149
31 85 118
31 86 148
31 87 173
31 88 47
31 89 173
31 t 59
32 3 46
32 4 146
32 5 166
32 6 73
32 7 30
32 8 84
32 9 89
32 10 122
32 11 10
32 12 123
32 13 61
32 14 46
32 15 84
32 17 65
32 20 110
32 21 12
32 22 102
32 23 101
32 24 87
32 25 50
32 26 114
32 27 43
32 28 160
32 30 29
32 31 85
32 34 138
32 35 54
32 36 26
32 37 47
32 38 106
32 39 23
32 40 67
32 41 20
32 42 51
32 44 147
32 45 174
32 46 106
32 49 46
32 50 129
32 51 110
32 52 124
32 53 26
32 54 106
32 55 61
32 56 35
32 58 56
32 59 24
32 60 15
32 62 34
32 64 16
32 65 36
32 66 121
32 67 125
32 71 45
32 72 75
32 73 69
32 74 146
32 75 140
32 77 95
32 78 163
32 79 133
32 81 157
32 82 73
32 83 85
32 85 130
32 86 69
32 88 111
32 89 98
32 90 45
32 91 106
32 92 161
32 t 165
33 1 149
33 2 167
33 5 77
33 7 149
33 10 162
33 11 31
33 15 19
33 16 144
33 18 138
33 19 31
33 20 49
33 21 68
33 22 158
33 23 74
33 24 113
33 27 26
33 28 60
33 29 99
33 30 14
33 31 131
33 34 165
33 35 136
33 36 96
33 37 126
33 38 51
33 39 76
33 41 31
33 43 81
33 44 156
33 45 16
33 46 169
33 47 123
33 48 12
33 49 92
33 50 29
33 51 113
33 52 160
33 53 101
33 54 29
33 55 82
33 57 133
33 58 99
33 59 79
33 60 15
33 61 116
33 62 81
33 63 24
33 65 147
33 66 63
33 67 47
33 69 39
33 70 28
33 72 65
33 73 131
33 74 82
33 75 37
33 76 16
33 77 120
33 79 16
33 80 159
33 81 62
33 82 106
33 83 165
33 84 158
33 85 41
33 86 64
33 87 112
33 88 67
33 89 168
33 90 60
33 92 105
33 t 54
34 1 40
34 2 26
34 3 10
34 5 37
34 6 41
34 7 16
34 8 60
34 9 66
34 11 21
34 12 111
34 13 128
34 14 28
34 16 10
34 18 88
34 19 10
34 20 115
34 21 174
34 22 95
34 23 48
34 24 67
34 25 25
34 26 34
34 27 31
34 28 22
34 29 113
34 30 45
34 31 65
34 32 138
34 33 165
34 35 94
34 36 68
34 37 152
34 38 108
34 39 36
34 40 66
34 41 140
34 42 60
34 43 76
34 44 158
34 45 110
34 47 31
34 48 85
34 49 33
34 50 56
34 52 32
34 53 50
34 54 74
34 55 62
34 58 80
34 59 21
34 60 102
34 61 133
34 62 129
34 63 16
34 64 144
34 65 108
34 67 13
34 68 140
34 69 172
34 70 110
34 71 142
34 72 113
34 74 73
34 75 142
34 76 88
34 77 172
34 78 166
34 79 10
34 80 153
34 81 69
34 83 173
34 84 154
34 85 86
34 86 38
34 88 67
34 89 32
34 90 104
34 91 86
35 1 160
35 2 85
35 3 110
35 4 141
35 5 92
35 6 40
35 7 143
35 8 74
35 10 102
35 11 56
35 12 124
35 13 160
35 14 23
35 15 172
35 17 130
35 20 174
35 21 21
35 22 112
35 23 105
35 25 25
35 26 125
35 27 19
35 28 37
35 30 113
35 32 54
35 33 136
35 34 94
35 36 130
35 37 8
35 40 53
35 41 29
35 43 141
35 45 151
35 47 141
35 48 66
35 49 53
35 50 65
35 51 32
35 52 44
35 54 115
35 55 10
35 57 158
35 58 132
35 59 137
35 61 38
35 62 69
35 63 55
35 64 166
35 65 33
35 66 10
35 67 146
35 68 77
35 69 72
35 70 105
35 72 105
35 73 151
35 74 63
35 75 166
35 77 130
35 78 21
35 79 123
35 80 31
35 81 91
35 84 62
35 85 130
35 86 56
35 87 166
35 88 135
35 90 66
35 91 130
35 t 129
36 1 114
36 2 11
36 3 64
36 4 87
36 7 18
36 8 49
36 9 137
36 10 14
36 11 126
36 13 164
36 14 151
36 15 17
36 16 119
36 17 104
36 18 81
36 19 170
36 20 102
36 21 95
36 23 41
36 24 122
36 25 102
36 26 109
36 27 51
36 29 72
36 30 47
36 31 40
36 32 26
36 33 96
36 34 68
36 35 130
36 37 101
36 38 70
36 39 13
36 40 48
36 41 89
36 42 91
36 43 40
36 45 147
36 48 16
36 50 135
36 51 35
36 53 62
36 54 48
36 55 82
36 56 149
36 57 136
36 58 138
36 59 135
36 60 48
36 61 43
36 63 9
36 64 41
36 65 173
36 66 132
36 67 157
36 68 159
36 69 112
36 70 18
36 71 74
36 72 164
36 73 20
36 78 18
36 79 59
36 80 135
36 81 88
36 83 137
36 85 126
36 86 7
36 87 136
36 88 94
36 89 68
36 90 57
36 91 130
36 92 54
36 t 169
37 1 113
37 2 66
37 3 36
37 4 54
37 6 36
37 7 89
37 10 22
37 11 108
37 12 164
37 13 63
37 14 155
37 15 61
37 18 97
37 20 139
37 21 48
37 22 149
37 23 36
37 24 74
37 25 23
37 26 56
37 28 97
37 29 78
37 32 47
37 33 126
37 34 152
37 35 8
37 36 101
37 38 8
37 39 55
37 40 113
37 41 77
37 42 47
37 43 108
37 45 22
37 46 35
37 48 142
37 49 116
37 50 53
37 51 49
37 52 162
37 53 156
37 54 77
37 56 60
37 58 168
37 60 123
37 61 34
37 62 136
37 63 152
37 64 26
37 65 100
37 66 130
37 68 105
37 69 104
37 70 110
37 71 53
37 72 111
37 74 23
37 75 48
37 76 7
37 77 163
37 78 78
37 79 98
37 80 37
37 81 97
37 84 105
37 86 161
37 87 162
37 89 169
37 90 75
37 92 42
37 t 142
38 2 111
38 4 166
38 5 157
38 7 153
38 8 166
38 9 158
38 10 141
38 11 119
38 12 162
38 13 128
38 14 113
38 15 154
38 16 162
38 17 37
38 19 126
38 21 99
38 25 93
38 26 130
38 27 17
38 28 18
38 29 19
38 30 29
38 32 106
38 33 51
38 34 108
38 36 70
38 37 8
38 40 62
38 41 115
38 42 130
38 43 61
38 44 161
38 45 89
38 47 139
38 48 96
38 49 133
38 51 116
38 52 50
38 53 163
38 54 92
38 55 20
38 56 132
38 57 19
38 58 128
38 59 140
38 60 174
38 62 87
38 63 134
38 65 110
38 67 111
38 68 91
38 69 31
38 71 164
38 72 44
38 73 152
38 74 155
38 75 164
38 79 173
38 81 72
38 82 118
38 83 98
38 84 90
38 85 61
38 86 13
38 87 90
38 88 32
38 92 135
38 t 69
39 1 51
39 2 132
39 3 162
39 4 108
39 5 50
39 6 117
39 7 60
39 8 84
39 9 46
39 10 151
39 12 6
39 13 53
39 15 163
39 16 64
39 17 20
39 19 45
39 21 156
39 22 168
39 24 65
39 26 124
39 27 121
39 28 125
39 29 136
39 30 172
39 31 30
39 32 23
39 33 76
39 34 36
39 36 13
39 37 55
39 40 155
39 41 107
39 42 107
39 43 6
39 45 124
39 46 125
39 47 142
39 49 83
39 51 96
39 52 58
39 53 11
39 55 160
39 56 36
39 57 44
39 62 115
39 63 29
39 64 139
39 66 133
39 68 130
39 69 119
39 70 123
39 71 150
39 72 9
39 73 99
39 75 66
39 76 13
39 77 155
39 79 119
39 80 114
39 81 106
39 82 65
39 84 44
39 85 131
39 86 170
39 87 142
39 88 108
39 90 37
39 91 83
39 92 87
40 1 59
40 2 64
40 3 117
40 8 136
40 12 48
40 13 42
40 14 75
40 15 88
40 16 163
40 17 37
40 18 28
40 20 26
40 21 57
40 26 139
40 27 56
40 28 100
40 29 69
40 30 63
40 32 67
40 34 66
40 35 53
40 36 48
40 37 113
40 38 62
40 39 155
40 41 39
40 42 41
40 43 169
40 44 15
40 45 12
40 46 43
40 48 165
40 49 6
40 50 172
40 51 40
40 52 6
40 53 118
40 55 132
40 56 135
40 59 169
40 60 174
40 61 147
40 62 13
40 63 141
40 64 170
40 69 135
40 70 60
40 71 143
40 72 92
40 73 143
40 74 82
40 75 27
40 76 101
40 77 173
40 80 23
40 81 168
40 86 49
40 87 153
40 89 66
40 90 83
40 91 19
40 92 31
40 t 96
41 1 158
41 2 165
41 3 54
41 4 18
41 5 127
41 6 28
41 7 116
41 8 162
41 9 117
41 10 46
41 11 33
41 12 102
41 13 64
41 14 134
41 15 102
41 16 80
41 17 132
41 19 43
41 21 126
41 22 44
41 23 51
41 24 6
41 25 82
41 26 153
41 27 170
41 28 160
41 30 129
41 31 87
41 32 20
41 33 31
41 34 140
41 35 29
41 36 89
41 37 77
41 38 115
41 39 107
41 40 39
41 43 71
41 44 22
41 48 161
41 49 143
41 50 98
41 53 136
41 54 163
41 55 49
41 56 57
41 57 35
41 58 93
41 59 170
41 60 22
41 61 150
41 62 151
41 63 47
41 64 46
41 65 85
41 66 94
41 67 161
41 68 136
41 69 151
41 70 84
41 71 123
41 72 14
41 76 33
41 77 120
41 79 33
41 80 83
41 81 170
41 82 50
41 86 143
41 87 81
41 88 96
41 89 127
41 90 14
41 92 67
42 1 71
42 2 67
42 3 27
42 4 119
42 5 114
42 6 75
42 7 104
42 9 81
42 11 125
42 12 156
42 13 64
42 15 131
42 16 23
42 17 70
42 18 107
42 19 72
42 20 54
42 21 160
42 22 36
42 23 35
42 24 31
42 25 86
42 26 154
42 27 83
42 29 118
42 30 164
42 31 91
42 32 51
42 34 60
42 36 91
42 37 47
42 38 130
42 39 107
42 40 41
42 45 52
42 46 137
42 47 146
42 48 75
42 50 86
42 52 80
42 54 60
42 55 46
42 56 93
42 57 38
42 58 151
42 59 135
42 61 114
42 62 145
42 64 109
42 65 53
42 66 156
42 67 83
42 68 61
42 69 138
42 70 125
42 71 74
42 72 75
42 73 18
42 74 118
42 75 171
42 77 8
42 79 7
42 80 140
42 82 159
42 83 109
42 84 169
42 86 109
42 87 124
42 88 51
42 89 92
42 91 136
42 92 56
42 t 28
43 2 108
43 3 152
43 4 54
43 6 129
43 7 99
43 8 150
43 10 118
43 12 166
43 15 64
43 16 12
43 17 113
43 19 154
43 20 31
43 21 32
43 22 168
43 23 163
43 25 160
43 26 35
43 27 107
43 30 168
43 31 125
43 33 81
43 34 76
43 35 141
43 36 40
43 37 108
43 38 61
43 39 6
43 40 169
43 41 71
43 44 57
43 45 42
43 46 21
43 47 50
43 48 85
43 50 170
43 51 81
43 52 147
43 54 91
43 55 9
43 56 68
43 57 126
43 58 153
43 59 158
43 60 70
43 61 77
43 62 33
43 63 96
43 64 102
43 65 114
43 66 148
43 67 22
43 68 147
43 69 17
43 70 165
43 71 64
43 72 74
43 73 147
43 74 73
43 75 143
43 77 115
43 78 21
43 79 24
43 80 166
43 81 40
43 82 155
43 83 83
43 84 44
43 85 139
43 86 113
43 87 46
43 88 125
43 89 87
43 91 45
43 92 108
43 t 123
44 1 145
44 4 61
44 7 16
44 9 58
44 11 28
44 12 71
44 14 110
44 15 143
44 16 53
44 17 56
44 19 75
44 20 70
44 21 150
44 22 67
44 23 106
44 25 61
44 26 136
44 27 32
44 28 46
44 29 78
44 30 134
44 31 115
44 32 147
44 33 156
44 34 158
44 38 161
44 40 15
44 41 22
44 43 57
44 45 14
44 46 83
44 48 132
44 49 141
44 50 154
44 51 138
44 53 90
44 54 148
44 56 53
44 57 65
44 58 77
44 60 63
44 61 29
44 65 44
44 67 104
44 69 119
44 70 97
44 72 63
44 73 133
44 74 56
44 75 58
44 76 94
44 77 126
44 78 16
44 79 64
44 80 165
44 81 151
44 83 85
44 84 35
44 86 153
44 88 168
44 89 67
44 90 127
44 91 149
44 92 153
44 t 61
45 1 99
45 3 120
45 4 128
45 6 158
45 7 155
45 8 57
45 9 72
45 10 147
45 11 63
45 12 162
45 16 19
45 17 97
45 18 72
45 20 15
45 21 13
45 22 96
45 23 13
45 24 8
45 25 137
45 26 51
45 27 94
45 28 90
45 29 48
45 30 116
45 31 36
45 32 174
45 33 16
45 34 110
45 35 151
45 36 147
45 37 22
45 38 89
45 39 124
45 40 12
45 42 52
45 43 42
45 44 14
45 47 91
45 48 161
45 51 26
45 52 10
45 54 7
45 55 42
45 56 79
45 58 123
45 59 66
45 60 86
45 61 59
45 62 109
45 63 60
45 64 57
45 65 128
45 66 93
45 67 143
45 70 83
45 71 117
45 72 146
45 73 41
45 74 62
45 75 26
45 76 151
45 79 66
45 80 99
45 82 159
45 83 93
45 84 145
45 85 124
45 86 90
45 87 32
45 88 65
45 89 111
45 90 147
45 91 143
45 92 18
45 t 162
46 2 164
46 3 22
46 4 158
46 6 160
46 7 81
46 8 41
46 9 90
46 11 11
46 12 135
46 13 81
46 14 68
46 15 110
46 16 108
46 17 28
46 18 24
46 19 42
46 20 140
46 21 129
46 22 75
46 24 52
46 25 87
46 26 52
46 27 162
46 28 62
46 29 122
46 30 7
46 31 143
46 32 106
46 33 169
46 37 35
46 39 125
46 40 43
46 42 137
46 43 21
46 44 83
46 47 75
46 48 14
46 49 155
46 50 156
46 51 83
46 52 163
46 53 112
46 54 93
46 55 15
46 57 115
46 60 86
46 61 34
46 62 155
46 63 95
46 65 157
46 66 48
46 67 34
46 70 121
46 71 80
46 72 15
46 73 77
46 74 156
46 76 45
46 77 148
46 78 125
46 79 55
46 80 21
46 81 140
46 83 118
46 85 133
46 86 117
46 87 134
46 88 120
46 89 140
46 90 114
46 91 172
46 92 21
46 t 104
47 3 15
47 5 96
47 6 7
47 7 37
47 8 167
47 11 79
47 12 71
47 15 114
47 16 96
47 17 90
47 18 127
47 19 150
47 21 45
47 22 110
47 23 13
47 24 49
47 25 131
47 26 144
47 27 98
47 28 43
47 29 67
47 31 139
47 33 123
47 34 31
47 35 141
47 38 139
47 39 142
47 42 146
47 43 50
47 45 91
47 46 75
47 48 135
47 49 51
47 50 156
47 51 69
47 52 113
47 53 132
47 54 154
47 55 53
47 57 44
47 59 72
47 60 128
47 61 29
47 62 25
47 63 64
47 64 112
47 65 33
47 66 134
47 67 11
47 68 169
47 69 25
47 71 152
47 72 172
47 73 59
47 74 31
47 75 138
47 76 24
47 77 22
47 78 110
47 80 17
47 82 16
47 83 26
47 84 132
47 85 49
47 86 149
47 88 56
47 91 83
47 t 71
48 1 87
48 2 174
48 3 167
48 5 146
48 6 65
48 7 128
48 9 21
48 10 52
48 11 72
48 14 13
48 18 30
48 19 50
48 20 151
48 21 39
48 23 16
48 24 7
48 25 49
48 26 137
48 28 27
48 29 166
48 30 86
48 31 11
48 33 12
48 34 85
48 35 66
48 36 16
48 37 142
48 38 96
48 40 165
48 41 161
48 42 75
48 43 85
48 44 132
48 45 161
48 46 14
48 47 135
48 50 87
48 51 74
48 52 147
48 53 41
48 54 102
48 55 14
48 56 117
48 58 72
48 59 172
48 60 156
48 63 23
48 64 129
48 66 119
48 67 48
48 68 109
48 69 153
48 70 111
48 71 163
48 73 118
48 74 39
48 75 21
48 76 103
48 77 68
48 78 52
48 80 92
48 81 59
48 82 123
48 83 20
48 85 19
48 86 65
48 87 47
48 88 65
48 91 160
48 92 68
48 t 64
49 1 45
49 2 6
49 3 137
49 4 41
49 5 161
49 6 119
49 8 76
49 9 56
49 11 16
49 12 80
49 13 102
49 14 63
49 15 131
49 16 128
49 17 53
49 19 6
49 20 41
49 21 103
49 23 68
49 25 144
49 26 51
49 27 87
49 29 7
49 30 157
49 31 43
49 32 46
49 33 92
49 34 33
49 35 53
49 37 116
49 38 133
49 39 83
49 40 6
49 41 143
49 44 141
49 46 155
49 47 51
49 50 88
49 51 32
49 54 77
49 56 136
49 57 20
49 59 174
49 62 156
49 63 91
49 64 44
49 65 115
49 66 117
49 68 41
49 69 105
49 70 15
49 72 85
49 73 9
49 74 115
49 76 37
49 77 13
49 78 124
49 79 138
49 80 27
49 81 124
49 82 85
49 83 69
49 85 6
49 86 78
49 87 130
49 89 64
49 90 76
49 92 165
49 t 86
50 2 41
50 4 52
50 6 40
50 7 138
50 8 62
50 9 72
50 11 107
50 12 142
50 14 29
50 15 117
50 16 59
50 17 51
50 18 39
50 19 35
50 21 16
50 23 117
50 25 99
50 27 17
50 28 114
50 30 68
50 31 67
50 32 129
50 33 29
50 34 56
50 35 65
50 36 135
50 37 53
50 40 172
50 41 98
50 42 86
50 43 170
50 44 154
50 46 156
50 47 156
50 48 87
50 49 88
50 51 138
50 54 82
50 55 94
50 56 13
50 57 70
50 59 80
50 61 166
50 63 65
50 64 152
50 65 145
50 67 51
50 68 139
50 69 131
50 71 135
50 73 41
50 75 23
50 79 94
50 80 14
50 81 59
50 82 155
50 84 141
50 87 119
50 88 117
50 89 57
50 90 38
50 91 100
50 92 135
50 t 154
51 1 142
51 2 155
51 3 95
51 4 14
51 5 56
51 6 93
51 7 18
51 8 85
51 10 156
51 12 162
51 14 56
51 15 145
51 16 32
51 17 53
51 18 160
51 19 98
51 20 44
51 22 106
51 23 123
51 24 146
51 25 75
51 27 10
51 28 17
51 31 122
51 32 110
51 33 113
51 35 32
51 36 35
51 37 49
51 38 116
51 39 96
51 40 40
51 43 81
51 44 138
51 45 26
51 46 83
51 47 69
51 48 74
51 49 32
51 50 138
51 52 108
51 53 48
51 54 148
51 55 14
51 56 66
51 58 158
51 60 159
51 63 23
51 64 133
51 67 66
51 68 67
51 69 173
51 71 52
51 72 74
51 73 30
51 74 42
51 75 103
51 76 111
51 77 113
51 78 7
51 80 59
51 82 51
51 83 162
51 84 156
51 85 28
51 86 84
51 89 108
51 90 35
51 92 87
51 t 90
52 1 24
52 2 52
52 3 95
52 5 62
52 6 101
52 8 146
52 9 135
52 10 127
52 11 73
52 12 160
52 14 43
52 15 65
52 17 26
52 18 145
52 19 83
52 20 65
52 21 100
52 22 22
52 23 95
52 25 121
52 26 136
52 28 7
52 29 169
52 31 47
52 32 124
52 33 160
52 34 32
52 35 44
52 37 162
52 38 50
52 39 58
52 40 6
52 42 80
52 43 147
52 45 10
52 46 163
52 47 113
52 48 147
52 51 108
52 53 102
52 58 140
52 60 68
52 61 125
52 62 50
52 63 76
52 64 28
52 65 152
52 66 136
52 67 127
52 68 135
52 69 83
52 70 67
52 72 136
52 73 128
52 76 32
52 77 17
52 78 58
52 79 70
52 81 86
52 82 28
52 84 8
52 85 159
52 87 172
52 88 20
52 89 95
52 91 162
52 92 88
52 t 167
53 1 170
53 2 109
53 3 104
53 4 20
53 5 116
53 6 47
53 7 146
53 8 12
53 9 8
53 10 165
53 12 171
53 13 134
53 14 144
53 15 100
53 17 110
53 19 88
53 22 60
53 23 33
53 24 15
53 25 53
53 26 31
53 29 135
53 30 137
53 31 120
53 32 26
53 33 101
53 34 50
53 36 62
53 37 156
53 38 163
53 39 11
53 40 118
53 41 136
53 44 90
53 46 112
53 47 132
53 48 41
53 51 48
53 52 102
53 54 115
53 56 145
53 57 141
53 59 126
53 60 67
53 61 86
53 62 42
53 63 22
53 64 67
53 65 143
53 67 168
53 68 47
53 69 137
53 70 60
53 72 19
53 73 115
53 74 92
53 75 79
53 76 48
53 77 20
53 78 77
53 80 165
53 82 29
53 83 49
53 84 77
53 85 172
53 86 85
53 87 16
53 88 22
53 90 101
53 91 166
53 92 121
53 t 70
54 2 169
54 3 81
54 4 155
54 5 166
54 6 152
54 7 58
54 8 160
54 9 147
54 14 24
54 15 161
54 16 26
54 17 52
54 18 6
54 19 146
54 20 17
54 21 34
54 22 142
54 25 112
54 26 52
54 27 7
54 28 50
54 29 122
54 30 83
54 31 72
54 32 106
54 33 29
54 34 74
54 35 115
54 36 48
54 37 77
54 38 92
54 41 163
54 42 60
54 43 91
54 44 148
54 45 7
54 46 93
54 47 154
54 48 102
54 49 77
54 50 82
54 51 148
54 53 115
54 55 47
54 57 65
54 58 43
54 60 108
54 61 71
54 62 15
54 63 22
54 64 140
54 65 32
54 67 9
54 68 121
54 69 101
54 70 56
54 71 30
54 72 89
54 73 80
54 74 29
54 76 159
54 77 127
54 78 37
54 81 142
54 82 129
54 83 134
54 84 44
54 85 158
54 86 74
54 87 169
54 89 80
54 90 105
54 92 94
54 t 105
55 2 68
55 3 51
55 4 63
55 5 63
55 7 38
55 8 174
55 10 74
55 11 156
55 12 125
55 14 97
55 15 146
55 16 119
55 18 127
55 20 22
55 21 36
55 22 46
55 23 163
55 24 96
55 25 54
55 26 109
55 29 172
55 30 173
55 31 36
55 32 61
55 33 82
55 34 62
55 35 10
55 36 82
55 38 20
55 39 160
55 40 132
55 41 49
55 42 46
55 43 9
55 45 42
55 46 15
55 47 53
55 48 14
55 50 94
55 51 14
55 54 47
55 57 81
55 58 118
55 59 58
55 60 50
55 61 9
55 63 14
55 64 137
55 65 50
55 66 69
55 69 120
55 70 100
55 71 149
55 72 45
55 73 149
55 74 21
55 75 49
55 77 56
55 78 101
55 79 99
55 80 68
55 82 30
55 83 88
55 84 114
55 86 53
55 88 61
55 89 116
55 90 8
55 92 39
56 2 50
56 3 121
56 4 132
56 6 109
56 8 67
56 10 39
56 11 122
56 12 163
56 13 49
56 14 70
56 15 170
56 17 82
56 19 130
56 20 17
56 21 143
56 22 84
56 23 154
56 24 159
56 25 92
56 26 147
56 27 14
56 29 14
56 30 161
56 31 120
56 32 35
56 36 149
56 37 60
56 38 132
56 39 36
56 40 135
56 41 57
56 42 93
56 43 68
56 44 53
56 45 79
56 48 117
56 49 136
56 50 13
56 51 66
56 53 145
56 57 173
56 58 75
56 59 71
56 60 6
56 61 58
56 62 142
56 63 127
56 64 6
56 65 65
56 66 87
56 68 145
56 69 129
56 70 126
56 72 153
56 73 66
56 74 34
56 75 112
56 76 143
56 77 65
56 80 147
56 81 160
56 82 133
56 83 170
56 84 81
56 85 65
56 86 171
56 87 18
56 88 44
56 89 64
56 91 31
56 92 70
56 t 105
57 1 136
57 2 108
57 4 94
57 5 43
57 6 25
57 7 76
57 9 126
57 10 131
57 11 47
57 12 145
57 14 19
57 15 78
57 16 156
57 17 14
57 19 68
57 20 112
57 21 87
57 22 126
57 23 163
57 24 88
57 26 92
57 27 114
57 28 60
57 30 53
57 31 30
57 33 133
57 35 158
57 36 136
57 38 19
57 39 44
57 41 35
57 42 38
57 43 126
57 44 65
57 46 115
57 47 44
57 49 20
57 50 70
57 53 141
57 54 65
57 55 81
57 56 173
57 58 160
57 59 68
57 61 79
57 62 32
57 64 92
57 65 129
57 66 117
57 67 95
57 69 172
57 70 21
57 74 51
57 75 136
57 76 12
57 77 164
57 78 133
57 79 60
57 80 46
57 81 166
57 82 169
57 84 109
57 85 163
57 86 70
57 87 59
57 88 141
57 91 114
57 92 101
57 t 140
58 1 76
58 2 27
58 3 106
58 5 47
58 6 56
58 7 54
58 9 59
58 10 22
58 11 73
58 12 106
58 13 172
58 14 54
58 16 26
58 17 10
58 18 126
58 19 64
58 20 66
58 21 43
58 24 33
58 25 14
58 26 96
58 27 71
58 28 156
58 29 83
58 30 40
58 31 85
58 32 56
58 33 99
58 34 80
58 35 132
58 36 138
58 37 168
58 38 128
58 41 93
58 42 151
58 43 153
58 44 77
58 45 123
58 48 72
58 51 158
58 52 140
58 54 43
58 55 118
58 56 75
58 57 160
58 59 13
58 60 156
58 62 122
58 63 168
58 64 106
58 65 13
58 67 118
58 68 116
58 69 26
58 70 155
58 71 75
58 72 71
58 73 83
58 74 172
58 76 143
58 77 154
58 78 26
58 79 53
58 80 16
58 81 85
58 83 96
58 86 48
58 87 16
58 89 70
58 90 65
58 91 135
58 92 84
58 t 117
59 1 148
59 2 133
59 3 51
59 6 121
59 9 26
59 10 145
59 11 11
59 12 13
59 13 40
59 15 141
59 16 124
59 18 80
59 19 44
59 21 135
59 25 24
59 26 30
59 28 96
59 29 150
59 30 69
59 31 107
59 32 24
59 33 79
59 34 21
59 35 137
59 36 135
59 38 140
59 40 169
59 41 170
59 42 135
59 43 158
59 45 66
59 47 72
59 48 172
59 49 174
59 50 80
59 53 126
59 55 58
59 56 71
59 57 68
59 58 13
59 60 143
59 61 152
59 62 24
59 65 67
59 66 78
59 67 53
59 68 138
59 69 30
59 70 145
59 71 155
59 72 101
59 73 41
59 74 51
59 76 19
59 77 145
59 79 90
59 81 128
59 82 50
59 83 32
59 84 123
59 85 24
59 86 93
59 87 151
59 88 77
59 89 163
59 91 118
59 92 128
60 1 147
60 2 74
60 3 127
60 4 151
60 5 130
60 7 131
60 8 174
60 9 57
60 10 147
60 12 63
60 14 46
60 15 20
60 17 58
60 19 145
60 20 76
60 21 87
60 22 79
60 23 128
60 24 125
60 25 89
60 26 55
60 27 112
60 28 41
60 29 127
60 32 15
60 33 15
60 34 102
60 36 48
60 37 123
60 38 174
60 40 174
60 41 22
60 43 70
60 44 63
60 45 86
60 46 86
60 47 128
60 48 156
60 51 159
60 52 68
60 53 67
60 54 108
60 55 50
60 56 6
60 58 156
60 59 143
60 61 135
60 63 29
60 64 63
60 65 161
60 66 69
60 67 27
60 70 71
60 72 13
60 74 34
60 77 14
60 78 110
60 79 24
60 80 44
60 82 112
60 83 15
60 85 128
60 86 62
60 87 158
60 88 71
60 89 122
60 92 53
61 1 164
61 2 43
61 4 53
61 6 142
61 7 38
61 8 104
61 10 55
61 11 99
61 12 113
61 13 113
61 14 8
61 15 119
61 17 36
61 18 139
61 19 50
61 20 29
61 21 161
61 22 78
61 23 106
61 25 147
61 26 23
61 28 123
61 29 21
61 30 15
61 31 160
61 33 116
61 34 133
61 35 38
61 36 43
61 37 34
61 40 147
61 41 150
61 42 114
61 43 77
61 44 29
61 45 59
61 46 34
61 47 29
61 50 166
61 52 125
61 53 86
61 54 71
61 55 9
61 56 58
61 57 79
61 59 152
61 60 135
61 63 10
61 66 66
61 67 98
61 70 54
61 72 11
61 73 82
61 74 131
61 76 23
61 77 86
61 78 29
61 79 164
61 80 116
61 82 9
61 83 58
61 84 48
61 86 59
61 87 52
61 88 153
61 89 173
61 90 45
61 91 149
61 92 130
62 2 51
62 3 120
62 4 125
62 5 79
62 6 23
62 7 25
62 8 49
62 9 148
62 11 30
62 13 131
62 14 53
62 15 11
62 16 163
62 18 98
62 19 159
62 20 99
62 21 144
62 22 72
62 23 30
62 24 8
62 25 117
62 26 66
62 27 56
62 28 28
62 29 100
62 30 134
62 31 170
62 32 34
62 33 81
62 34 129
62 35 69
62 37 136
62 38 87
62 39 115
62 40 13
62 41 151
62 42 145
62 43 33
62 45 109
62 46 155
62 47 25
62 49 156
62 52 50
62 53 42
62 54 15
62 56 142
62 57 32
62 58 122
62 59 24
62 63 157
62 64 81
62 65 112
62 66 146
62 67 156
62 68 164
62 69 156
62 70 72
62 71 103
62 72 167
62 73 121
62 74 66
62 75 130
62 76 46
62 80 97
62 82 97
62 83 114
62 84 127
62 85 116
62 86 150
62 87 94
62 88 103
62 89 86
62 90 57
62 91 87
62 92 115
63 2 153
63 3 90
63 4 41
63 5 46
63 6 108
63 10 121
63 12 144
63 13 163
63 14 134
63 15 156
63 18 126
63 19 42
63 20 107
63 21 136
63 22 24
63 23 38
63 24 120
63 26 166
63 29 90
63 30 29
63 31 23
63 33 24
63 34 16
63 35 55
63 36 9
63 37 152
63 38 134
63 39 29
63 40 141
63 41 47
63 43 96
63 45 60
63 46 95
63 47 64
63 48 23
63 49 91
63 50 65
63 51 23
63 52 76
63 53 22
63 54 22
63 55 14
63 56 127
63 58 168
63 60 29
63 61 10
63 62 157
63 64 148
63 66 145
63 67 20
63 68 131
63 70 98
63 71 157
63 72 56
63 73 22
63 74 108
63 75 103
63 76 141
63 78 54
63 79 35
63 81 108
63 83 15
63 84 86
63 85 83
63 86 115
63 87 42
63 88 122
63 90 58
63 91 114
63 92 163
64 1 168
64 5 89
64 6 9
64 7 151
64 8 43
64 9 174
64 11 127
64 13 11
64 14 65
64 15 110
64 16 52
64 17 111
64 18 22
64 19 121
64 21 66
64 22 127
64 23 94
64 27 61
64 28 100
64 29 83
64 31 86
64 32 16
64 34 144
64 35 166
64 36 41
64 37 26
64 39 139
64 40 170
64 41 46
64 42 109
64 43 102
64 45 57
64 47 112
64 48 129
64 49 44
64 50 152
64 51 133
64 52 28
64 53 67
64 54 140
64 55 137
64 56 6
64 57 92
64 58 106
64 60 63
64 62 81
64 63 148
64 65 139
64 66 48
64 67 94
64 68 99
64 69 89
64 70 39
64 71 85
64 73 37
64 74 89
64 75 52
64 78 110
64 81 174
64 82 42
64 83 69
64 84 31
64 88 68
64 89 97
64 90 143
64 92 29
65 1 18
65 2 90
65 3 88
65 4 160
65 5 91
65 6 47
65 8 114
65 9 11
65 10 149
65 11 120
65 12 49
65 14 114
65 15 96
65 16 68
65 17 55
65 21 173
65 22 93
65 26 10
65 27 61
65 28 134
65 29 51
65 31 160
65 32 36
65 33 147
65 34 108
65 35 33
65 36 173
65 37 100
65 38 110
65 41 85
65 42 53
65 43 114
65 44 44
65 45 128
65 46 157
65 47 33
65 49 115
65 50 145
65 52 152
65 53 143
65 54 32
65 55 50
65 56 65
65 57 129
65 58 13
65 59 67
65 60 161
65 62 112
65 64 139
65 66 135
65 67 19
65 68 52
65 70 38
65 71 116
65 72 10
65 74 81
65 75 148
65 76 76
65 77 168
65 78 69
65 79 128
65 82 93
65 83 37
65 84 40
65 85 154
65 86 126
65 87 160
65 88 96
65 92 143
65 t 140
66 1 85
66 2 21
66 3 17
66 4 10
66 6 102
66 7 132
66 8 130
66 9 120
66 10 119
66 11 165
66 13 50
66 14 154
66 15 69
66 16 108
66 17 85
66 18 166
66 19 159
66 20 165
66 21 151
66 22 9
66 23 137
66 24 101
66 26 135
66 27 102
66 28 77
66 30 140
66 31 50
66 32 121
66 33 63
66 35 10
66 36 132
66 37 130
66 39 133
66 41 94
66 42 156
66 43 148
66 45 93
66 46 48
66 47 134
66 48 119
66 49 117
66 52 136
66 55 69
66 56 87
66 57 117
66 59 78
66 60 69
66 61 66
66 62 146
66 63 145
66 64 48
66 65 135
66 68 31
66 70 107
66 71 78
66 72 29
66 73 93
66 74 148
66 75 132
66 76 167
66 78 90
66 80 6
66 82 34
66 83 11
66 86 134
66 87 130
66 90 138
66 92 114
66 t 155
67 1 48
67 2 56
67 3 33
67 4 135
67 5 139
67 6 112
67 7 124
67 8 19
67 9 82
67 10 160
67 11 167
67 15 45
67 16 149
67 17 156
67 18 29
67 19 34
67 20 124
67 21 48
67 22 62
67 23 22
67 24 36
67 25 10
67 26 116
67 28 121
67 29 80
67 30 56
67 31 160
67 32 125
67 33 47
67 34 13
67 35 146
67 36 157
67 38 111
67 41 161
67 42 83
67 43 22
67 44 104
67 45 143
67 46 34
67 47 11
67 48 48
67 50 51
67 51 66
67 52 127
67 53 168
67 54 9
67 57 95
67 58 118
67 59 53
67 60 27
67 61 98
67 62 156
67 63 20
67 64 94
67 65 19
67 69 115
67 70 113
67 71 67
67 72 142
67 73 34
67 74 44
67 75 108
67 76 71
67 77 93
67 78 62
67 79 67
67 80 103
67 81 99
67 83 28
67 84 75
67 85 139
67 87 155
67 88 27
67 89 59
67 90 32
67 t 174
68 1 64
68 2 83
68 3 154
68 5 82
68 6 15
68 7 53
68 8 93
68 9 157
68 10 94
68 11 110
68 12 37
68 14 74
68 15 82
68 16 120
68 17 41
68 18 129
68 19 95
68 20 113
68 21 108
68 23 10
68 24 8
68 25 76
68 27 84
68 28 134
68 29 109
68 30 70
68 31 12
68 34 140
68 35 77
68 36 159
68 37 105
68 38 91
68 39 130
68 41 136
68 42 61
68 43 147
68 47 169
68 48 109
68 49 41
68 50 139
68 51 67
68 52 135
68 53 47
68 54 121
68 56 145
68 58 116
68 59 138
68 62 164
68 63 131
68 64 99
68 65 52
68 66 31
68 71 17
68 72 23
68 73 156
68 74 45
68 76 34
68 77 35
68 78 66
68 79 161
68 80 111
68 81 73
68 82 75
68 83 83
68 84 45
68 85 96
68 86 59
68 87 69
68 88 89
68 90 65
68 91 93
68 92 47
68 t 16
69 1 86
69 3 8
69 4 135
69 6 44
69 7 85
69 8 92
69 9 7
69 10 119
69 11 88
69 12 77
69 13 123
69 14 165
69 15 38
69 16 102
69 17 134
69 19 159
69 20 25
69 21 107
69 22 54
69 23 16
69 24 22
69 26 111
69 28 26
69 29 16
69 30 8
69 31 53
69 33 39
69 34 172
69 35 72
69 36 112
69 37 104
69 38 31
69 39 119
69 40 135
69 41 151
69 42 138
69 43 17
69 44 119
69 47 25
69 48 153
69 49 105
69 50 131
69 51 173
69 52 83
69 53 137
69 54 101
69 55 120
69 56 129
69 57 172
69 58 26
69 59 30
69 62 156
69 64 89
69 67 115
69 70 21
69 71 146
69 72 15
69 75 65
69 77 59
69 78 26
69 79 93
69 80 159
69 81 18
69 82 93
69 83 169
69 84 76
69 85 170
69 86 171
69 87 54
69 88 19
69 89 8
69 92 74
69 t 74
70 1 148
70 2 111
70 3 107
70 4 80
70 5 120
70 6 18
70 7 6
70 9 6
70 11 160
70 12 41
70 13 50
70 15 149
70 16 94
70 18 9
70 19 96
70 21 104
70 22 20
70 25 94
70 26 156
70 27 141
70 29 29
70 30 171
70 31 46
70 33 28
70 34 110
70 35 105
70 36 18
70 37 110
70 39 123
70 40 60
70 41 84
70 42 125
70 43 165
70 44 97
70 45 83
70 46 121
70 48 111
70 49 15
70 52 67
70 53 60
70 54 56
70 55 100
70 56 126
70 57 21
70 58 155
70 59 145
70 60 71
70 61 54
70 62 72
70 63 98
70 64 39
70 65 38
70 66 107
70 67 113
70 69 21
70 71 14
70 72 65
70 73 86
70 74 96
70 75 56
70 76 147
70 79 56
70 80 23
70 81 53
70 82 14
70 83 173
70 84 11
70 85 57
70 86 81
70 87 149
70 88 136
70 89 7
70 90 38
70 91 6
70 92 92
70 t 84
71 1 127
71 3 123
71 4 149
71 5 118
71 6 111
71 7 67
71 9 113
71 10 68
71 11 128
71 12 109
71 13 35
71 15 21
71 17 173
71 18 35
71 19 156
71 20 56
71 21 76
71 22 153
71 24 69
71 26 169
71 27 98
71 29 147
71 31 171
71 32 45
71 34 142
71 36 74
71 37 53
71 38 164
71 39 150
71 40 143
71 41 123
71 42 74
71 43 64
71 45 117
71 46 80
71 47 152
71 48 163
71 50 135
71 51 52
71 54 30
71 55 149
71 58 75
71 59 155
71 62 103
71 63 157
71 64 85
71 65 116
71 66 78
71 67 67
71 68 17
71 69 146
71 70 14
71 72 62
71 73 81
71 74 103
71 75 167
71 76 153
71 78 10
71 79 25
71 80 130
71 81 18
71 83 132
71 85 25
71 86 61
71 87 156
71 88 108
71 89 101
71 90 150
71 91 160
71 92 49
71 t 133
72 1 21
72 4 129
72 5 100
72 6 38
72 7 27
72 8 100
72 9 41
72 10 135
72 11 55
72 13 51
72 14 34
72 17 108
72 18 156
72 19 138
72 20 110
72 21 45
72 23 62
72 24 102
72 25 116
72 26 84
72 27 28
72 28 59
72 29 149
72 31 147
72 32 75
72 33 65
72 34 113
72 35 105
72 36 164
72 37 111
72 38 44
72 39 9
72 40 92
72 41 14
72 42 75
72 43 74
72 44 63
72 45 146
72 46 15
72 47 172
72 49 85
72 51 74
72 52 136
72 53 19
72 54 89
72 55 45
72 56 153
72 58 71
72 59 101
72 60 13
72 61 11
72 62 167
72 63 56
72 65 10
72 66 29
72 67 142
72 68 23
72 69 15
72 70 65
72 71 62
72 74 122
72 75 158
72 76 133
72 77 38
72 78 76
72 80 21
72 81 154
72 82 127
72 84 46
72 85 76
72 86 102
72 87 111
72 88 173
72 89 68
72 92 135
73 3 47
73 4 40
73 5 109
73 6 37
73 7 157
73 9 116
73 10 161
73 12 161
73 14 148
73 16 159
73 17 23
73 18 156
73 19 131
73 20 169
73 21 98
73 22 129
73 23 131
73 24 11
73 25 136
73 27 39
73 28 23
73 29 20
73 30 97
73 31 147
73 32 69
73 33 131
73 35 151
73 36 20
73 38 152
73 39 99
73 40 143
73 42 18
73 43 147
73 44 133
73 45 41
73 46 77
73 47 59
73 48 118
73 49 9
73 50 41
73 51 30
73 52 128
73 53 115
73 54 80
73 55 149
73 56 66
73 58 83
73 59 41
73 61 82
73 62 121
73 63 22
73 64 37
73 66 93
73 67 34
73 68 156
73 70 86
73 71 81
73 75 43
73 76 135
73 77 43
73 78 24
73 79 168
73 80 58
73 81 116
73 82 148
73 83 69
73 84 29
73 85 104
73 86 63
73 88 79
73 89 102
73 90 27
73 92 158
74 2 88
74 3 125
74 4 45
74 5 135
74 6 147
74 7 112
74 8 119
74 10 20
74 11 47
74 12 95
74 13 20
74 14 78
74 16 24
74 18 64
74 19 71
74 20 50
74 21 28
74 22 12
74 23 74
74 24 54
74 25 63
74 26 13
74 27 168
74 28 91
74 29 67
74 30 106
74 31 12
74 32 146
74 33 82
74 34 73
74 35 63
74 37 23
74 38 155
74 40 82
74 42 118
74 43 73
74 44 56
74 45 62
74 46 156
74 47 31
74 48 39
74 49 115
74 51 42
74 53 92
74 54 29
74 55 21
74 56 34
74 57 51
74 58 172
74 59 51
74 60 34
74 61 131
74 62 66
74 63 108
74 64 89
74 65 81
74 66 148
74 67 44
74 68 45
74 70 96
74 71 103
74 72 122
74 75 125
74 76 165
74 77 44
74 78 35
74 79 108
74 81 49
74 82 109
74 83 29
74 84 134
74 85 135
74 86 14
74 87 107
74 88 164
74 89 88
74 90 120
74 91 28
74 92 71
74 t 154
75 1 38
75 2 97
75 3 123
75 4 70
75 5 161
75 6 101
75 7 154
75 10 17
75 11 152
75 13 145
75 14 99
75 15 93
75 16 46
75 17 7
75 19 12
75 20 47
75 21 98
75 22 22
75 23 147
75 24 72
75 26 91
75 29 22
75 30 105
75 31 143
75 32 140
75 33 37
75 34 142
75 35 166
75 37 48
75 38 164
75 39 66
75 40 27
75 42 171
75 43 143
75 44 58
75 45 26
75 47 138
75 48 21
75 50 23
75 51 103
75 53 79
75 55 49
75 56 112
75 57 136
75 62 130
75 63 103
75 64 52
75 65 148
75 66 132
75 67 108
75 69 65
75 70 56
75 71 167
75 72 158
75 73 43
75 74 125
75 76 29
75 77 30
75 78 106
75 79 14
75 80 53
75 82 108
75 83 30
75 84 81
75 85 59
75 86 19
75 92 98
75 t 110
76 1 158
76 2 90
76 3 69
76 6 173
76 7 30
76 9 23
76 11 127
76 12 107
76 13 19
76 14 51
76 15 119
76 17 85
76 18 107
76 20 17
76 21 143
76 22 50
76 23 74
76 24 18
76 25 96
76 26 31
76 27 22
76 28 31
76 31 131
76 33 16
76 34 88
76 37 7
76 39 13
76 40 101
76 41 33
76 44 94
76 45 151
76 46 45
76 47 24
76 48 103
76 49 37
76 51 111
76 52 32
76 53 48
76 54 159
76 56 143
76 57 12
76 58 143
76 59 19
76 61 23
76 62 46
76 63 141
76 65 76
76 66 167
76 67 71
76 68 34
76 70 147
76 71 153
76 72 133
76 73 135
76 74 165
76 75 29
76 77 168
76 78 132
76 79 118
76 80 12
76 82 46
76 83 168
76 84 62
76 85 19
76 86 147
76 87 113
76 88 162
76 90 145
76 91 27
76 92 11
77 1 66
77 2 43
77 3 118
77 4 167
77 5 155
77 6 173
77 7 73
77 8 52
77 10 45
77 11 115
77 12 61
77 14 78
77 15 135
77 16 14
77 17 91
77 18 133
77 19 134
77 23 20
77 24 23
77 25 13
77 28 133
77 29 43
77 30 31
77 31 170
77 32 95
77 33 120
77 34 172
77 35 130
77 37 163
77 39 155
77 40 173
77 41 120
77 42 8
77 43 115
77 44 126
77 46 148
77 47 22
77 48 68
77 49 13
77 51 113
77 52 17
77 53 20
77 54 127
77 55 56
77 56 65
77 57 164
77 58 154
77 59 145
77 60 14
77 61 86
77 65 168
77 67 93
77 68 35
77 69 59
77 72 38
77 73 43
77 74 44
77 75 30
77 76 168
77 78 6
77 82 147
77 83 28
77 84 124
77 85 99
77 86 115
77 87 50
77 88 110
77 89 154
77 91 67
77 92 84
78 2 153
78 3 129
78 5 71
78 6 73
78 7 72
78 8 35
78 11 115
78 12 19
78 14 157
78 16 116
78 18 59
78 19 28
78 20 106
78 21 93
78 23 159
78 24 110
78 25 132
78 28 96
78 31 118
78 32 163
78 34 166
78 35 21
78 36 18
78 37 78
78 43 21
78 44 16
78 46 125
78 47 110
78 48 52
78 49 124
78 51 7
78 52 58
78 53 77
78 54 37
78 55 101
78 57 133
78 58 26
78 60 110
78 61 29
78 63 54
78 64 110
78 65 69
78 66 90
78 67 62
78 68 66
78 69 26
78 71 10
78 72 76
78 73 24
78 74 35
78 75 106
78 76 132
78 77 6
78 80 135
78 82 64
78 83 7
78 86 116
78 87 75
78 88 14
78 89 57
78 90 171
78 91 6
78 92 93
78 t 77
79 1 106
79 3 62
79 5 72
79 7 77
79 8 8
79 9 159
79 10 89
79 11 90
79 13 58
79 14 76
79 15 51
79 16 108
79 17 162
79 18 12
79 19 123
79 20 145
79 22 165
79 23 84
79 24 14
79 25 151
79 27 157
79 28 21
79 30 43
79 31 132
79 32 133
79 33 16
79 34 10
79 35 123
79 36 59
79 37 98
79 38 173
79 39 119
79 41 33
79 42 7
79 43 24
79 44 64
79 45 66
79 46 55
79 49 138
79 50 94
79 52 70
79 55 99
79 57 60
79 58 53
79 59 90
79 60 24
79 61 164
79 63 35
79 65 128
79 67 67
79 68 161
79 69 93
79 70 56
79 71 25
79 73 168
79 74 108
79 75 14
79 76 118
79 82 169
79 83 136
79 84 46
79 85 23
79 86 140
79 87 60
79 88 75
79 89 70
79 90 148
79 91 32
79 92 120
79 t 39
80 1 96
80 3 27
80 4 133
80 5 114
80 6 17
80 7 41
80 8 122
80 9 42
80 11 32
80 12 153
80 13 18
80 14 170
80 15 123
80 16 166
80 18 6
80 19 158
80 20 86
80 21 101
80 22 10
80 23 52
80 24 26
80 25 161
80 26 109
80 28 157
80 29 103
80 30 117
80 31 95
80 33 159
80 34 153
80 35 31
80 36 135
80 37 37
80 39 114
80 40 23
80 41 83
80 42 140
80 43 166
80 44 165
80 45 99
80 46 21
80 47 17
80 48 92
80 49 27
80 50 14
80 51 59
80 53 165
80 55 68
80 56 147
80 57 46
80 58 16
80 60 44
80 61 116
80 62 97
80 66 6
80 67 103
80 68 111
80 69 159
80 70 23
80 71 130
80 72 21
80 73 58
80 75 53
80 76 12
80 78 135
80 81 106
80 83 90
80 84 135
80 85 171
80 86 44
80 87 150
80 88 112
80 89 107
80 90 25
80 91 136
80 92 151
80 t 96
81 2 144
81 3 89
81 4 155
81 5 66
81 6 120
81 7 82
81 8 51
81 10 102
81 11 43
81 13 16
81 14 147
81 16 103
81 17 128
81 18 72
81 19 135
81 22 155
81 23 79
81 24 59
81 27 162
81 28 119
81 30 23
81 31 124
81 32 157
81 33 62
81 34 69
81 35 91
81 36 88
81 37 97
81 38 72
81 39 106
81 40 168
81 41 170
81 43 40
81 44 151
81 46 140
81 48 59
81 49 124
81 50 59
81 52 86
81 54 142
81 56 160
81 57 166
81 58 85
81 59 128
81 63 108
81 64 174
81 67 99
81 68 73
81 69 18
81 70 53
81 71 18
81 72 154
81 73 116
81 74 49
81 80 106
81 82 95
81 83 13
81 84 79
81 85 104
81 88 126
81 89 11
81 90 54
81 91 13
81 92 149
82 1 158
82 2 174
82 3 19
82 4 99
82 5 111
82 6 154
82 7 22
82 8 142
82 9 54
82 10 168
82 11 20
82 12 46
82 13 69
82 14 170
82 15 137
82 16 108
82 17 49
82 18 30
82 20 83
82 21 113
82 22 88
82 23 119
82 24 115
82 25 98
82 26 16
82 27 81
82 28 166
82 29 58
82 30 153
82 31 156
82 32 73
82 33 106
82 38 118
82 39 65
82 41 50
82 42 159
82 43 155
82 45 159
82 47 16
82 48 123
82 49 85
82 50 155
82 51 51
82 52 28
82 53 29
82 54 129
82 55 30
82 56 133
82 57 169
82 59 50
82 60 112
82 61 9
82 62 97
82 64 42
82 65 93
82 66 34
82 68 75
82 69 93
82 70 14
82 72 127
82 73 148
82 74 109
82 75 108
82 76 46
82 77 147
82 78 64
82 79 169
82 81 95
82 83 165
82 87 136
82 89 128
82 90 53
82 92 107
83 1 75
83 2 65
83 4 156
83 5 33
83 6 162
83 7 82
83 9 143
83 10 89
83 11 172
83 12 65
83 13 140
83 14 151
83 15 24
83 16 14
83 17 33
83 18 47
83 19 123
83 20 116
83 21 82
83 23 60
83 24 24
83 25 166
83 26 21
83 27 44
83 28 28
83 30 35
83 31 148
83 32 85
83 33 165
83 34 173
83 36 137
83 38 98
83 42 109
83 43 83
83 44 85
83 45 93
83 46 118
83 47 26
83 48 20
83 49 69
83 51 162
83 53 49
83 54 134
83 55 88
83 56 170
83 58 96
83 59 32
83 60 15
83 61 58
83 62 114
83 63 15
83 64 69
83 65 37
83 66 11
83 67 28
83 68 83
83 69 169
83 70 173
83 71 132
83 73 69
83 74 29
83 75 30
83 76 168
83 77 28
83 78 7
83 79 136
83 80 90
83 81 13
83 82 165
83 84 122
83 85 37
83 86 137
83 87 47
83 88 8
83 89 48
83 91 159
83 t 74
84 2 90
84 6 170
84 9 83
84 10 79
84 11 161
84 12 52
84 13 65
84 15 37
84 16 21
84 18 32
84 19 29
84 20 119
84 21 79
84 24 134
84 25 129
84 26 166
84 27 144
84 28 121
84 30 132
84 31 149
84 33 158
84 34 154
84 35 62
84 37 105
84 38 90
84 39 44
84 42 169
84 43 44
84 44 35
84 45 145
84 47 132
84 50 141
84 51 156
84 52 8
84 53 77
84 54 44
84 55 114
84 56 81
84 57 109
84 59 123
84 61 48
84 62 127
84 63 86
84 64 31
84 65 40
84 67 75
84 68 45
84 69 76
84 70 11
84 72 46
84 73 29
84 74 134
84 75 81
84 76 62
84 77 124
84 79 46
84 80 135
84 81 79
84 83 122
84 85 110
84 86 141
84 87 46
84 88 108
84 89 105
84 90 37
84 91 29
84 t 95
85 3 141
85 4 98
85 5 162
85 6 49
85 7 126
85 8 37
85 11 57
85 12 160
85 14 11
85 16 44
85 17 47
85 18 50
85 19 65
85 20 10
85 21 67
85 22 98
85 23 99
85 24 159
85 26 72
85 27 118
85 29 33
85 31 118
85 32 130
85 33 41
85 34 86
85 35 130
85 36 126
85 38 61
85 39 131
85 43 139
85 45 124
85 46 133
85 47 49
85 48 19
85 49 6
85 51 28
85 52 159
85 53 172
85 54 158
85 56 65
85 57 163
85 59 24
85 60 128
85 62 116
85 63 83
85 65 154
85 67 139
85 68 96
85 69 170
85 70 57
85 71 25
85 72 76
85 73 104
85 74 135
85 75 59
85 76 19
85 77 99
85 79 23
85 80 171
85 81 104
85 83 37
85 84 110
85 86 9
85 87 121
85 88 71
85 89 45
85 90 91
85 91 53
85 92 91
86 2 29
86 5 104
86 6 114
86 7 58
86 8 134
86 11 139
86 12 67
86 13 70
86 14 91
86 17 34
86 18 72
86 19 112
86 20 20
86 21 123
86 22 167
86 25 63
86 28 48
86 29 152
86 30 71
86 31 148
86 32 69
86 33 64
86 34 38
86 35 56
86 36 7
86 37 161
86 38 13
86 39 170
86 40 49
86 41 143
86 42 109
86 43 113
86 44 153
86 45 90
86 46 117
86 47 149
86 48 65
86 49 78
86 51 84
86 53 85
86 54 74
86 55 53
86 56 171
86 57 70
86 58 48
86 59 93
86 60 62
86 61 59
86 62 150
86 63 115
86 65 126
86 66 134
86 68 59
86 69 171
86 70 81
86 71 61
86 72 102
86 73 63
86 74 14
86 75 19
86 76 147
86 77 115
86 78 116
86 79 140
86 80 44
86 83 137
86 84 141
86 85 9
86 87 56
86 88 130
86 89 11
86 90 167
86 91 78
86 92 10
86 t 50
87 2 102
87 3 132
87 4 21
87 5 25
87 6 99
87 7 30
87 8 51
87 9 133
87 11 22
87 13 88
87 14 94
87 15 157
87 16 33
87 17 16
87 18 21
87 19 99
87 20 159
87 21 85
87 24 53
87 26 47
87 27 106
87 28 58
87 29 125
87 30 39
87 31 173
87 33 112
87 35 166
87 36 136
87 37 162
87 38 90
87 39 142
87 40 153
87 41 81
87 42 124
87 43 46
87 45 32
87 46 134
87 48 47
87 49 130
87 50 119
87 52 172
87 53 16
87 54 169
87 56 18
87 57 59
87 58 16
87 59 151
87 60 158
87 61 52
87 62 94
87 63 42
87 65 160
87 66 130
87 67 155
87 68 69
87 69 54
87 70 149
87 71 156
87 72 111
87 74 107
87 76 113
87 77 50
87 78 75
87 79 60
87 80 150
87 82 136
87 83 47
87 84 46
87 85 121
87 86 56
87 88 125
87 89 65
87 91 103
87 92 29
87 t 90
88 1 149
88 2 43
88 4 21
88 6 143
88 7 11
88 8 171
88 9 68
88 10 124
88 11 124
88 13 59
88 14 70
88 15 172
88 16 13
88 18 80
88 19 54
88 20 45
88 21 118
88 22 138
88 24 85
88 27 167
88 28 109
88 29 174
88 30 159
88 31 47
88 32 111
88 33 67
88 34 67
88 35 135
88 36 94
88 38 32
88 39 108
88 41 96
88 42 51
88 43 125
88 44 168
88 45 65
88 46 120
88 47 56
88 48 65
88 50 117
88 52 20
88 53 22
88 55 61
88 56 44
88 57 141
88 59 77
88 60 71
88 61 153
88 62 103
88 63 122
88 64 68
88 65 96
88 67 27
88 68 89
88 69 19
88 70 136
88 71 108
88 72 173
88 73 79
88 74 164
88 76 162
88 77 110
88 78 14
88 79 75
88 80 112
88 81 126
88 83 8
88 84 108
88 85 71
88 86 130
88 87 125
88 89 94
88 90 14
88 92 38
88 t 129
89 1 23
89 4 55
89 5 145
89 6 171
89 7 62
89 8 139
89 9 71
89 11 157
89 12 112
89 13 53
89 14 84
89 15 161
89 16 74
89 18 162
89 19 63
89 20 35
89 21 109
89 22 132
89 23 94
89 25 149
89 26 106
89 28 124
89 29 38
89 30 62
89 31 173
89 32 98
89 33 168
89 34 32
89 36 68
89 37 169
89 40 66
89 41 127
89 42 92
89 43 87
89 44 67
89 45 111
89 46 140
89 49 64
89 50 57
89 51 108
89 52 95
89 54 80
89 55 116
89 56 64
89 58 70
89 59 163
89 60 122
89 61 173
89 62 86
89 64 97
89 67 59
89 69 8
89 70 7
89 71 101
89 72 68
89 73 102
89 74 88
89 77 154
89 78 57
89 79 70
89 80 107
89 81 11
89 82 128
89 83 48
89 84 105
89 85 45
89 86 11
89 87 65
89 88 94
89 90 106
89 t 131
90 1 115
90 3 115
90 4 25
90 6 23
90 7 134
90 9 30
90 10 19
90 11 152
90 13 87
90 14 97
90 15 64
90 17 64
90 18 46
90 20 153
90 21 134
90 22 170
90 23 143
90 24 150
90 25 40
90 26 50
90 27 89
90 28 83
90 29 134
90 30 136
90 32 45
90 33 60
90 34 104
90 35 66
90 36 57
90 37 75
90 39 37
90 40 83
90 41 14
90 44 127
90 45 147
90 46 114
90 49 76
90 50 38
90 51 35
90 53 101
90 54 105
90 55 8
90 58 65
90 61 45
90 62 57
90 63 58
90 64 143
90 66 138
90 67 32
90 68 65
90 70 38
90 71 150
90 73 27
90 74 120
90 76 145
90 78 171
90 79 148
90 80 25
90 81 54
90 82 53
90 84 37
90 85 91
90 86 167
90 88 14
90 89 106
90 91 87
90 t 16
91 1 73
91 3 71
91 6 101
91 7 52
91 8 36
91 10 73
91 11 41
91 12 169
91 13 121
91 14 66
91 15 83
91 17 140
91 18 161
91 19 143
91 20 143
91 22 166
91 23 150
91 24 49
91 25 120
91 26 131
91 28 50
91 29 56
91 32 106
91 34 86
91 35 130
91 36 130
91 39 83
91 40 19
91 42 136
91 43 45
91 44 149
91 45 143
91 46 172
91 47 83
91 48 160
91 50 100
91 52 162
91 53 166
91 56 31
91 57 114
91 58 135
91 59 118
91 61 149
91 62 87
91 63 114
91 68 93
91 70 6
91 71 160
91 74 28
91 76 27
91 77 67
91 78 6
91 79 32
91 80 136
91 81 13
91 83 159
91 84 29
91 85 53
91 86 78
91 87 103
91 90 87
91 92 109
92 1 106
92 2 136
92 3 80
92 5 131
92 6 107
92 7 46
92 8 120
92 9 114
92 10 159
92 11 171
92 12 63
92 13 62
92 15 163
92 17 65
92 18 76
92 19 27
92 20 150
92 21 79
92 22 49
92 23 96
92 24 97
92 25 173
92 26 53
92 27 118
92 29 140
92 30 27
92 32 161
92 33 105
92 36 54
92 37 42
92 38 135
92 39 87
92 40 31
92 41 67
92 42 56
92 43 108
92 44 153
92 45 18
92 46 21
92 48 68
92 49 165
92 50 135
92 51 87
92 52 88
92 53 121
92 54 94
92 55 39
92 56 70
92 57 101
92 58 84
92 59 128
92 60 53
92 61 130
92 62 115
92 63 163
92 64 29
92 65 143
92 66 114
92 68 47
92 69 74
92 70 92
92 71 49
92 72 135
92 73 158
92 74 71
92 75 98
92 76 11
92 77 84
92 78 93
92 79 120
92 80 151
92 81 149
92 82 107
92 85 91
92 86 10
92 87 29
92 88 38
92 91 109
92 t 101
