s 1 72
s 3 43
s 4 85
s 5 30
s 7 18
s 8 56
s 9 53
s 10 77
s 11 37
s 13 54
s 16 75
s 17 93
s 18 72
s 19 23
s 21 14
s 23 21
s 25 13
s 26 89
s 27 37
s 28 16
s 29 54
s 30 31
s 34 58
s 35 41
s 36 36
s 37 65
s 39 52
s 40 67
s 41 39
s 44 45
s 45 50
s 46 55
s 47 24
s 48 35
s 52 55
s 53 30
s 54 26
s 55 66
s 56 76
s 59 48
s 63 65
s 65 82
s 68 69
s 69 24
s 70 76
s 71 36
s 72 15
s 73 39
s 78 65
s 79 46
s 80 21
s 82 86
s 84 24
s 85 38
s 86 24
s 87 80
s 88 16
s 90 66
s 92 22
s 94 19
s 95 57
s 98 49
s 99 72
s 100 15
s 101 48
s 102 81
s 103 55
s 104 81
s 105 48
s 106 50
s 107 31
s 108 27
s 109 46
s 110 77
s 112 77
s 113 86
s 115 22
s 116 68
s 117 81
s 118 50
s t 80
1 3 40
1 4 39
1 5 53
1 6 81
1 8 56
1 9 75
1 10 56
1 11 34
1 13 47
1 14 46
1 15 80
1 16 34
1 17 59
1 18 57
1 19 14
1 21 39
1 22 19
1 23 60
1 25 76
1 26 49
1 27 90
1 28 35
1 29 21
1 31 44
1 32 36
1 33 77
1 34 53
1 35 76
1 36 20
1 37 82
1 39 17
1 40 53
1 41 44
1 42 50
1 43 17
1 44 26
1 45 78
1 46 44
1 47 21
1 49 16
1 50 31
1 51 18
1 52 30
1 54 21
1 55 53
1 56 42
1 57 55
1 59 69
1 62 46
1 63 62
1 64 34
1 65 52
1 68 20
1 69 24
1 72 68
1 76 64
1 78 47
1 79 19
1 80 59
1 81 21
1 82 90
1 84 38
1 85 31
1 86 33
1 87 39
1 88 56
1 91 76
1 92 61
1 95 41
1 97 75
1 100 53
1 102 43
1 103 77
1 104 69
1 105 64
1 107 58
1 109 49
1 110 52
1 111 13
1 113 72
1 117 43
1 118 13
2 3 37
2 7 24
2 9 74
2 10 69
2 11 51
2 12 25
2 14 65
2 15 66
2 16 57
2 18 57
2 21 73
2 22 88
2 23 23
2 24 30
2 25 63
2 26 76
2 27 93
2 28 69
2 29 82
2 30 93
2 32 38
2 33 28
2 34 78
2 36 19
2 38 91
2 39 76
2 45 30
2 50 23
2 52 31
2 53 43
2 55 66
2 58 29
2 60 72
2 63 73
2 64 53
2 66 58
2 68 16
2 69 41
2 71 75
2 73 27
2 74 54
2 75 78
2 76 31
2 78 74
2 79 17
2 81 65
2 82 74
2 83 69
2 84 20
2 85 68
2 86 93
2 87 39
2 88 54
2 89 18
2 90 72
2 91 81
2 93 46
2 94 90
2 95 90
2 97 77
2 98 48
2 99 25
2 101 59
2 102 18
2 104 66
2 106 34
2 109 21
2 110 28
2 112 62
2 113 91
2 114 50
3 1 40
3 2 37
3 5 62
3 7 37
3 8 70
3 9 83
3 10 59
3 11 27
3 13 15
3 14 22
3 15 71
3 17 40
3 18 18
3 19 81
3 20 65
3 23 29
3 28 65
3 29 80
3 30 18
3 31 24
3 33 82
3 34 64
3 35 84
3 37 92
3 38 43
3 39 50
3 40 79
3 41 18
3 42 40
3 44 27
3 46 48
3 47 47
3 48 19
3 49 91
3 50 63
3 51 49
3 52 64
3 53 63
3 54 55
3 55 24
3 57 13
3 58 18
3 59 65
3 60 62
3 63 34
3 64 56
3 65 42
3 66 53
3 67 56
3 68 16
3 70 57
3 71 63
3 72 43
3 75 49
3 76 24
3 81 88
3 82 81
3 83 41
3 84 81
3 85 68
3 86 90
3 88 17
3 89 49
3 90 55
3 91 47
3 95 49
3 96 15
3 97 69
3 98 68
3 100 36
3 101 39
3 103 43
3 104 18
3 105 54
3 106 60
3 107 46
3 111 67
3 114 47
3 115 85
3 116 15
3 117 89
3 118 34
3 t 37
4 1 39
4 5 27
4 6 85
4 7 79
4 10 54
4 12 42
4 14 38
4 15 48
4 16 52
4 20 70
4 21 69
4 22 90
4 24 64
4 25 60
4 29 55
4 30 24
4 32 49
4 33 61
4 34 30
4 35 39
4 36 38
4 37 18
4 39 68
4 42 60
4 43 53
4 46 33
4 48 35
4 49 66
4 52 78
4 53 52
4 55 83
4 56 62
4 58 49
4 59 81
4 60 64
4 61 75
4 62 35
4 63 69
4 64 91
4 67 14
4 68 32
4 69 35
4 72 53
4 73 89
4 74 31
4 76 72
4 77 33
4 79 55
4 80 45
4 81 92
4 84 51
4 85 24
4 86 27
4 89 27
4 90 82
4 92 56
4 93 64
4 94 18
4 95 34
4 96 84
4 98 39
4 101 20
4 102 69
4 104 15
4 105 53
4 107 74
4 109 76
4 110 38
4 112 57
4 113 52
4 114 28
4 115 33
4 116 72
4 117 25
4 118 16
5 1 53
5 3 62
5 4 27
5 6 43
5 7 25
5 10 88
5 11 27
5 14 54
5 17 64
5 18 77
5 19 24
5 20 37
5 21 52
5 23 83
5 24 19
5 28 15
5 32 41
5 34 59
5 38 31
5 39 76
5 42 53
5 46 80
5 47 52
5 48 51
5 50 68
5 51 39
5 53 32
5 54 61
5 55 17
5 58 46
5 60 14
5 61 55
5 62 57
5 64 41
5 65 76
5 66 15
5 68 19
5 69 77
5 70 16
5 71 39
5 73 17
5 77 63
5 78 30
5 79 82
5 80 92
5 81 84
5 82 79
5 84 86
5 86 84
5 88 16
5 89 83
5 91 49
5 92 47
5 94 88
5 95 53
5 96 54
5 97 44
5 98 47
5 99 28
5 101 28
5 103 93
5 104 62
5 105 21
5 106 44
5 109 13
5 112 40
5 113 38
5 114 64
5 116 43
5 117 63
5 t 34
6 1 81
6 4 85
6 5 43
6 7 48
6 8 33
6 9 50
6 10 28
6 11 57
6 12 65
6 14 20
6 16 17
6 17 47
6 18 48
6 20 33
6 22 49
6 23 86
6 24 27
6 26 38
6 28 61
6 29 49
6 30 90
6 32 87
6 34 29
6 35 22
6 38 44
6 40 93
6 42 81
6 43 80
6 44 69
6 46 71
6 47 77
6 53 46
6 55 30
6 56 61
6 57 17
6 58 37
6 60 82
6 61 87
6 62 61
6 63 41
6 64 50
6 65 75
6 66 72
6 68 30
6 71 79
6 72 26
6 74 44
6 75 74
6 76 54
6 77 55
6 78 56
6 79 86
6 80 72
6 82 66
6 83 88
6 84 85
6 85 28
6 88 36
6 89 41
6 90 32
6 91 76
6 92 68
6 93 31
6 94 67
6 95 14
6 96 63
6 98 36
6 99 66
6 100 74
6 101 48
6 103 16
6 104 67
6 105 82
6 106 88
6 107 81
6 108 77
6 109 16
6 110 88
6 111 86
6 112 29
6 113 30
6 114 26
6 116 55
6 118 16
6 t 15
7 2 24
7 3 37
7 4 79
7 5 25
7 6 48
7 8 13
7 9 76
7 10 30
7 11 29
7 13 38
7 14 41
7 15 88
7 17 83
7 18 26
7 21 38
7 22 38
7 23 73
7 24 82
7 25 59
7 26 35
7 28 18
7 30 91
7 31 68
7 32 25
7 33 21
7 34 89
7 35 79
7 36 43
7 37 20
7 40 46
7 41 47
7 42 65
7 43 28
7 45 91
7 46 63
7 47 15
7 48 78
7 49 26
7 50 82
7 53 28
7 55 42
7 58 65
7 60 55
7 63 50
7 64 42
7 66 87
7 67 51
7 69 55
7 73 15
7 75 37
7 79 47
7 80 49
7 82 68
7 83 88
7 84 27
7 86 74
7 91 68
7 96 87
7 97 67
7 99 86
7 100 55
7 101 61
7 103 39
7 104 74
7 105 77
7 106 55
7 107 17
7 111 61
7 113 74
7 114 78
7 115 63
7 117 77
7 t 34
8 1 56
8 3 70
8 6 33
8 7 13
8 11 78
8 14 53
8 15 38
8 16 71
8 17 23
8 18 70
8 19 16
8 20 57
8 21 23
8 22 17
8 24 49
8 26 62
8 28 28
8 29 42
8 30 56
8 32 60
8 34 69
8 36 93
8 37 33
8 38 15
8 39 45
8 41 13
8 42 28
8 44 41
8 46 49
8 47 31
8 48 49
8 49 23
8 50 38
8 51 75
8 52 17
8 53 30
8 54 60
8 55 30
8 56 33
8 57 81
8 58 36
8 62 77
8 63 82
8 64 29
8 65 24
8 66 64
8 68 64
8 69 75
8 70 90
8 72 60
8 73 92
8 74 82
8 75 47
8 76 83
8 77 76
8 79 22
8 80 39
8 83 59
8 85 34
8 86 80
8 88 81
8 90 90
8 93 27
8 94 56
8 95 63
8 96 77
8 97 55
8 99 52
8 102 82
8 104 21
8 105 37
8 107 71
8 109 62
8 110 77
8 112 74
8 113 78
8 114 64
8 115 72
8 116 61
8 117 75
8 118 82
8 t 58
9 1 75
9 2 74
9 3 83
9 6 50
9 7 76
9 11 76
9 12 43
9 13 25
9 14 81
9 15 38
9 16 54
9 18 38
9 19 62
9 20 42
9 21 26
9 22 55
9 24 54
9 25 15
9 26 74
9 27 78
9 28 87
9 29 62
9 30 90
9 31 92
9 32 81
9 33 29
9 38 89
9 40 22
9 41 48
9 42 49
9 43 54
9 44 68
9 45 58
9 46 22
9 51 26
9 52 21
9 53 75
9 55 81
9 58 65
9 59 25
9 60 61
9 61 78
9 62 51
9 65 76
9 67 18
9 68 86
9 69 24
9 70 31
9 71 25
9 72 77
9 73 14
9 75 39
9 76 80
9 77 34
9 79 50
9 82 75
9 84 51
9 86 16
9 87 71
9 89 82
9 91 63
9 92 59
9 93 80
9 94 54
9 95 86
9 97 56
9 98 31
9 99 75
9 101 20
9 103 65
9 104 92
9 105 88
9 106 66
9 110 40
9 113 49
9 114 60
9 115 86
9 116 81
10 1 56
10 2 69
10 3 59
10 4 54
10 5 88
10 6 28
10 7 30
10 11 45
10 13 43
10 14 43
10 16 77
10 17 87
10 18 19
10 19 78
10 22 35
10 23 27
10 24 67
10 26 73
10 27 68
10 28 74
10 29 66
10 30 24
10 31 33
10 32 63
10 33 56
10 34 52
10 36 92
10 37 23
10 40 55
10 41 24
10 43 16
10 44 83
10 46 81
10 47 61
10 48 27
10 49 47
10 50 87
10 53 78
10 54 34
10 55 70
10 63 73
10 64 13
10 65 61
10 66 44
10 71 78
10 72 28
10 73 59
10 74 67
10 75 75
10 76 84
10 79 25
10 80 48
10 82 64
10 83 66
10 84 35
10 87 74
10 89 65
10 90 56
10 91 64
10 93 83
10 94 16
10 95 77
10 97 58
10 99 48
10 100 26
10 101 50
10 102 85
10 104 77
10 107 77
10 108 75
10 111 53
10 113 16
10 115 56
10 117 51
11 1 34
11 2 51
11 3 27
11 5 27
11 6 57
11 7 29
11 8 78
11 9 76
11 10 45
11 12 20
11 14 61
11 17 91
11 19 47
11 21 50
11 23 38
11 24 58
11 26 53
11 27 79
11 28 63
11 29 89
11 30 54
11 31 55
11 32 37
11 33 70
11 34 76
11 35 57
11 37 28
11 40 13
11 41 72
11 43 56
11 46 29
11 47 60
11 48 24
11 49 65
11 51 21
11 52 77
11 54 73
11 55 13
11 56 37
11 57 84
11 58 53
11 60 54
11 61 20
11 62 15
11 63 59
11 64 71
11 65 33
11 66 78
11 68 20
11 69 64
11 71 45
11 73 45
11 76 91
11 77 84
11 78 23
11 79 55
11 80 14
11 81 26
11 83 32
11 84 68
11 85 56
11 86 50
11 87 52
11 89 56
11 91 20
11 92 89
11 93 33
11 94 24
11 98 13
11 100 51
11 101 91
11 102 58
11 103 65
11 104 15
11 105 42
11 106 48
11 107 93
11 109 25
11 110 85
11 111 75
11 112 81
11 115 26
11 117 64
11 t 85
12 2 25
12 4 42
12 6 65
12 9 43
12 11 20
12 14 83
12 18 49
12 19 85
12 20 30
12 21 32
12 24 43
12 25 69
12 26 90
12 28 46
12 29 68
12 30 76
12 31 22
12 33 47
12 34 56
12 35 17
12 36 13
12 37 53
12 40 88
12 41 30
12 42 66
12 44 40
12 46 36
12 47 72
12 48 80
12 49 47
12 50 55
12 54 22
12 55 65
12 56 51
12 57 73
12 58 93
12 59 48
12 60 28
12 61 78
12 62 89
12 63 58
12 65 34
12 66 65
12 67 31
12 68 74
12 69 79
12 70 50
12 71 74
12 72 41
12 73 30
12 74 47
12 75 32
12 76 52
12 78 92
12 79 46
12 81 29
12 82 17
12 83 55
12 84 54
12 86 81
12 90 54
12 91 36
12 93 27
12 95 83
12 96 63
12 98 91
12 100 87
12 101 87
12 102 79
12 104 53
12 105 73
12 106 60
12 107 93
12 108 75
12 111 61
12 112 84
12 113 56
12 114 35
12 115 69
12 118 62
13 1 47
13 3 15
13 7 38
13 9 25
13 10 43
13 14 32
13 15 78
13 17 32
13 19 23
13 20 24
13 21 89
13 22 19
13 23 15
13 24 43
13 25 39
13 31 44
13 33 13
13 34 53
13 36 23
13 38 83
13 39 90
13 40 13
13 43 48
13 44 67
13 45 71
13 46 18
13 47 54
13 56 25
13 61 65
13 62 72
13 66 70
13 68 65
13 69 47
13 70 45
13 71 65
13 74 68
13 75 15
13 76 51
13 77 37
13 78 87
13 79 22
13 80 28
13 82 81
13 85 33
13 86 54
13 88 74
13 94 59
13 95 14
13 96 65
13 97 68
13 98 91
13 100 46
13 101 18
13 102 50
13 103 85
13 104 44
13 105 52
13 108 36
13 109 21
13 110 26
13 111 59
13 112 71
13 113 54
13 116 92
13 117 23
13 118 33
13 t 69
14 1 46
14 2 65
14 3 22
14 4 38
14 5 54
14 6 20
14 7 41
14 8 53
14 9 81
14 10 43
14 11 61
14 12 83
14 13 32
14 15 67
14 16 18
14 19 61
14 20 32
14 21 74
14 22 68
14 26 53
14 27 89
14 29 63
14 32 75
14 33 41
14 34 54
14 37 69
14 38 18
14 39 16
14 40 48
14 41 74
14 42 82
14 43 47
14 44 69
14 47 73
14 48 73
14 49 33
14 50 55
14 51 39
14 52 30
14 54 25
14 56 48
14 57 31
14 58 39
14 59 68
14 60 65
14 62 71
14 64 15
14 65 51
14 66 55
14 67 15
14 68 25
14 70 41
14 71 50
14 73 89
14 74 19
14 75 88
14 76 67
14 77 48
14 78 42
14 81 69
14 85 58
14 86 49
14 87 17
14 88 74
14 89 25
14 90 92
14 91 80
14 92 13
14 94 48
14 96 58
14 97 36
14 98 37
14 99 23
14 100 15
14 103 27
14 104 54
14 105 38
14 106 21
14 107 64
14 108 66
14 109 82
14 110 47
14 112 73
14 114 40
14 116 53
14 117 89
14 118 81
14 t 27
15 1 80
15 2 66
15 3 71
15 4 48
15 7 88
15 8 38
15 9 38
15 13 78
15 14 67
15 17 13
15 19 65
15 20 15
15 22 49
15 25 17
15 26 60
15 27 38
15 28 75
15 29 78
15 30 25
15 31 47
15 32 93
15 35 34
15 38 70
15 39 67
15 40 39
15 43 63
15 44 68
15 47 59
15 50 34
15 52 71
15 55 35
15 57 45
15 58 22
15 59 89
15 60 29
15 64 54
15 65 32
15 66 77
15 67 18
15 68 38
15 70 30
15 71 79
15 72 56
15 73 36
15 74 63
15 75 22
15 76 66
15 78 56
15 79 29
15 80 28
15 84 72
15 85 71
15 88 63
15 89 37
15 90 17
15 94 90
15 95 82
15 96 85
15 98 37
15 99 13
15 100 82
15 101 93
15 104 51
15 108 40
15 109 73
15 110 54
15 111 51
15 112 33
15 114 16
15 115 92
15 118 64
15 t 91
16 1 34
16 2 57
16 4 52
16 6 17
16 8 71
16 9 54
16 10 77
16 14 18
16 17 46
16 20 43
16 22 77
16 24 14
16 28 57
16 30 48
16 37 37
16 38 68
16 40 65
16 41 51
16 43 90
16 47 71
16 48 64
16 49 64
16 50 35
16 53 31
16 56 48
16 57 89
16 58 40
16 60 43
16 61 20
16 62 31
16 64 57
16 65 25
16 67 82
16 70 61
16 72 43
16 75 51
16 77 63
16 78 64
16 79 42
16 80 73
16 82 57
16 83 40
16 85 22
16 86 29
16 87 41
16 89 54
16 90 58
16 91 59
16 92 32
16 93 40
16 94 59
16 95 26
16 97 68
16 98 47
16 99 29
16 102 70
16 107 37
16 108 81
16 111 44
16 113 22
16 115 72
16 116 66
16 117 57
16 118 77
16 t 50
17 1 59
17 3 40
17 5 64
17 6 47
17 7 83
17 8 23
17 10 87
17 11 91
17 13 32
17 15 13
17 16 46
17 18 19
17 20 56
17 21 16
17 22 68
17 24 83
17 26 25
17 28 38
17 29 19
17 31 88
17 32 23
17 33 49
17 35 34
17 36 36
17 38 14
17 39 28
17 41 93
17 42 75
17 44 73
17 45 89
17 46 89
17 47 56
17 49 44
17 51 48
17 53 77
17 54 21
17 55 39
17 56 20
17 57 90
17 60 37
17 61 30
17 62 70
17 63 24
17 64 57
17 67 55
17 68 45
17 72 72
17 73 39
17 74 37
17 77 40
17 78 32
17 79 68
17 80 15
17 83 92
17 84 13
17 85 58
17 86 73
17 87 18
17 89 62
17 91 65
17 93 52
17 94 91
17 95 22
17 97 16
17 98 68
17 100 45
17 101 43
17 102 49
17 104 82
17 106 56
17 108 33
17 109 89
17 110 90
17 111 26
17 112 48
17 113 93
17 115 40
17 116 46
17 117 47
17 118 41
17 t 56
18 1 57
18 2 57
18 3 18
18 5 77
18 6 48
18 7 26
18 8 70
18 9 38
18 10 19
18 12 49
18 17 19
18 19 84
18 21 89
18 22 73
18 23 15
18 24 17
18 25 28
18 26 82
18 27 72
18 28 26
18 29 86
18 30 18
18 31 72
18 34 75
18 39 25
18 40 93
18 42 91
18 43 42
18 44 15
18 45 16
18 46 31
18 49 32
18 50 18
18 51 33
18 53 15
18 54 88
18 55 52
18 59 28
18 60 31
18 62 38
18 63 69
18 64 24
18 66 70
18 67 38
18 68 76
18 69 76
18 70 93
18 71 13
18 72 40
18 74 34
18 75 26
18 76 37
18 77 88
18 78 62
18 80 43
18 82 63
18 83 79
18 86 84
18 88 72
18 89 66
18 90 81
18 92 22
18 94 84
18 95 86
18 96 47
18 97 73
18 98 86
18 99 85
18 100 44
18 102 84
18 103 55
18 104 57
18 105 73
18 106 93
18 107 54
18 110 28
18 111 66
18 112 83
18 114 69
18 115 32
18 116 18
18 117 41
18 118 59
18 t 88
19 1 14
19 3 81
19 5 24
19 8 16
19 9 62
19 10 78
19 11 47
19 12 85
19 13 23
19 14 61
19 15 65
19 18 84
19 20 88
19 21 71
19 22 89
19 23 81
19 24 19
19 25 62
19 26 56
19 27 35
19 28 83
19 30 50
19 31 82
19 32 83
19 33 33
19 34 33
19 35 42
19 37 34
19 39 65
19 40 28
19 41 46
19 42 16
19 43 49
19 44 59
19 46 92
19 48 24
19 50 31
19 51 76
19 52 24
19 53 67
19 54 54
19 55 92
19 56 73
19 57 19
19 58 44
19 59 88
19 60 17
19 62 19
19 63 86
19 64 36
19 65 66
19 68 50
19 69 30
19 70 57
19 71 39
19 75 28
19 76 61
19 77 78
19 78 47
19 80 60
19 81 83
19 82 42
19 83 58
19 84 27
19 86 81
19 89 16
19 90 15
19 92 56
19 93 54
19 94 46
19 97 28
19 99 62
19 100 58
19 101 17
19 103 25
19 104 49
19 106 45
19 107 25
19 108 37
19 109 45
19 114 42
19 115 70
19 116 32
19 118 55
19 t 61
20 3 65
20 4 70
20 5 37
20 6 33
20 8 57
20 9 42
20 12 30
20 13 24
20 14 32
20 15 15
20 16 43
20 17 56
20 19 88
20 21 62
20 22 21
20 25 26
20 26 55
20 28 82
20 29 17
20 30 81
20 33 23
20 35 18
20 36 23
20 38 88
20 39 36
20 40 25
20 41 41
20 43 24
20 46 41
20 48 59
20 50 22
20 51 78
20 52 55
20 54 15
20 55 24
20 57 24
20 58 85
20 59 87
20 60 80
20 62 85
20 63 73
20 65 62
20 66 28
20 67 92
20 68 64
20 69 69
20 70 38
20 71 34
20 72 34
20 74 39
20 78 13
20 79 54
20 82 28
20 83 40
20 85 80
20 87 24
20 88 31
20 90 18
20 92 43
20 93 13
20 94 29
20 95 34
20 96 80
20 97 30
20 98 89
20 101 91
20 102 29
20 104 23
20 105 49
20 106 27
20 107 73
20 109 41
20 112 37
20 113 34
20 116 53
20 117 59
21 1 39
21 2 73
21 4 69
21 5 52
21 7 38
21 8 23
21 9 26
21 11 50
21 12 32
21 13 89
21 14 74
21 17 16
21 18 89
21 19 71
21 20 62
21 23 42
21 27 49
21 28 26
21 29 53
21 30 64
21 31 21
21 32 65
21 34 58
21 37 57
21 38 47
21 39 93
21 43 66
21 44 69
21 46 77
21 48 55
21 49 21
21 50 49
21 51 67
21 52 90
21 53 45
21 54 85
21 55 49
21 56 32
21 57 41
21 58 42
21 65 75
21 66 73
21 67 37
21 68 63
21 69 52
21 70 34
21 71 22
21 72 50
21 75 77
21 77 75
21 80 36
21 82 80
21 83 90
21 84 67
21 87 60
21 89 44
21 90 53
21 92 14
21 93 20
21 96 33
21 97 28
21 101 28
21 102 86
21 103 27
21 106 70
21 107 65
21 109 81
21 112 63
21 113 18
21 114 62
21 115 85
21 117 90
21 118 17
22 1 19
22 2 88
22 4 90
22 6 49
22 7 38
22 8 17
22 9 55
22 10 35
22 13 19
22 14 68
22 15 49
22 16 77
22 17 68
22 18 73
22 19 89
22 20 21
22 23 36
22 24 52
22 25 33
22 28 80
22 29 57
22 30 77
22 31 26
22 32 82
22 33 43
22 34 48
22 35 17
22 38 56
22 41 66
22 42 76
22 43 51
22 44 83
22 45 59
22 47 36
22 48 35
22 50 44
22 51 25
22 52 20
22 53 35
22 55 45
22 56 50
22 63 45
22 65 82
22 68 45
22 69 37
22 71 24
22 72 33
22 73 53
22 74 29
22 75 22
22 76 38
22 77 18
22 79 29
22 83 58
22 84 43
22 86 39
22 87 78
22 89 29
22 92 65
22 93 89
22 95 59
22 96 74
22 98 49
22 100 45
22 101 67
22 102 89
22 103 64
22 104 83
22 105 14
22 106 50
22 107 62
22 108 33
22 110 44
22 113 74
22 115 83
22 116 51
22 117 45
23 1 60
23 2 23
23 3 29
23 5 83
23 6 86
23 7 73
23 10 27
23 11 38
23 13 15
23 18 15
23 19 81
23 21 42
23 22 36
23 24 56
23 25 58
23 27 61
23 28 68
23 29 14
23 30 93
23 31 43
23 32 51
23 33 38
23 34 49
23 35 77
23 36 48
23 37 37
23 38 33
23 39 58
23 41 15
23 42 74
23 43 43
23 44 62
23 45 63
23 46 42
23 48 45
23 49 67
23 50 82
23 51 16
23 53 36
23 54 77
23 55 22
23 56 52
23 57 40
23 58 42
23 59 33
23 60 90
23 61 66
23 62 66
23 63 16
23 64 34
23 65 71
23 67 40
23 68 46
23 70 83
23 71 34
23 72 35
23 73 85
23 74 58
23 75 13
23 76 23
23 77 61
23 78 18
23 82 37
23 83 89
23 84 78
23 85 57
23 86 32
23 89 33
23 90 58
23 91 68
23 92 46
23 94 71
23 97 62
23 98 19
23 99 18
23 100 55
23 101 19
23 103 50
23 104 28
23 105 91
23 106 40
23 107 73
23 108 39
23 109 21
23 112 61
23 113 30
23 116 19
23 t 26
24 2 30
24 4 64
24 5 19
24 6 27
24 7 82
24 8 49
24 9 54
24 10 67
24 11 58
24 12 43
24 13 43
24 16 14
24 17 83
24 18 17
24 19 19
24 22 52
24 23 56
24 26 93
24 27 43
24 30 31
24 33 26
24 34 81
24 35 40
24 36 44
24 37 67
24 38 83
24 39 75
24 40 51
24 41 44
24 43 55
24 44 56
24 45 57
24 49 85
24 50 76
24 54 69
24 57 70
24 58 53
24 59 59
24 60 29
24 62 91
24 63 69
24 64 89
24 65 25
24 66 23
24 69 35
24 70 26
24 71 38
24 73 17
24 74 52
24 75 83
24 76 28
24 81 14
24 83 81
24 84 83
24 85 24
24 86 90
24 87 54
24 88 40
24 89 61
24 90 25
24 92 76
24 94 48
24 95 80
24 96 82
24 97 60
24 99 76
24 101 54
24 102 17
24 103 89
24 104 22
24 106 60
24 108 68
24 109 34
24 111 89
24 113 51
24 116 58
24 118 61
24 t 61
25 1 76
25 2 63
25 4 60
25 7 59
25 9 15
25 12 69
25 13 39
25 15 17
25 18 28
25 19 62
25 20 26
25 22 33
25 23 58
25 26 93
25 27 49
25 29 75
25 30 39
25 31 63
25 32 14
25 33 59
25 34 40
25 37 92
25 38 82
25 39 57
25 41 66
25 42 32
25 43 15
25 47 31
25 48 78
25 50 61
25 52 88
25 53 38
25 56 85
25 58 43
25 62 44
25 63 88
25 64 46
25 67 35
25 71 28
25 72 81
25 73 72
25 74 83
25 75 68
25 76 63
25 77 31
25 78 58
25 80 74
25 81 54
25 82 45
25 83 51
25 84 65
25 85 51
25 87 53
25 88 71
25 89 46
25 91 39
25 92 41
25 93 41
25 95 84
25 96 80
25 97 32
25 99 65
25 100 54
25 104 70
25 105 29
25 106 66
25 107 86
25 109 42
25 110 42
25 111 58
25 112 47
25 114 20
25 115 30
25 116 30
25 118 84
26 1 49
26 2 76
26 6 38
26 7 35
26 8 62
26 9 74
26 10 73
26 11 53
26 12 90
26 14 53
26 15 60
26 17 25
26 18 82
26 19 56
26 20 55
26 24 93
26 25 93
26 28 51
26 29 49
26 30 22
26 32 56
26 33 77
26 35 19
26 37 92
26 38 28
26 40 76
26 41 55
26 42 22
26 43 69
26 44 54
26 45 88
26 46 15
26 47 71
26 49 86
26 50 59
26 54 18
26 55 18
26 59 76
26 60 22
26 61 28
26 62 32
26 64 41
26 66 34
26 68 70
26 70 22
26 71 26
26 73 81
26 74 24
26 75 51
26 78 53
26 79 31
26 84 47
26 85 46
26 86 36
26 89 89
26 91 39
26 93 40
26 94 62
26 96 57
26 97 86
26 98 41
26 99 41
26 102 66
26 105 77
26 106 66
26 108 15
26 109 17
26 110 27
26 111 58
26 112 89
26 113 64
26 118 14
26 t 73
27 1 90
27 2 93
27 9 78
27 10 68
27 11 79
27 14 89
27 15 38
27 18 72
27 19 35
27 21 49
27 23 61
27 24 43
27 25 49
27 28 82
27 30 15
27 31 52
27 32 52
27 33 18
27 34 69
27 36 78
27 37 76
27 39 69
27 41 84
27 43 16
27 44 52
27 45 50
27 46 90
27 47 22
27 48 16
27 49 87
27 51 81
27 52 81
27 55 69
27 57 71
27 58 62
27 59 40
27 60 52
27 61 82
27 62 47
27 65 14
27 68 31
27 69 75
27 71 81
27 74 67
27 75 29
27 76 23
27 78 42
27 79 37
27 80 38
27 81 61
27 83 92
27 84 63
27 85 66
27 88 13
27 90 41
27 91 16
27 93 49
27 94 76
27 95 48
27 98 58
27 99 73
27 100 82
27 101 79
27 102 39
27 103 13
27 104 37
27 105 80
27 106 82
27 108 59
27 109 29
27 110 62
27 113 28
27 114 49
27 115 84
27 116 54
27 117 78
27 118 15
27 t 24
28 1 35
28 2 69
28 3 65
28 5 15
28 6 61
28 7 18
28 8 28
28 9 87
28 10 74
28 11 63
28 12 46
28 15 75
28 16 57
28 17 38
28 18 26
28 19 83
28 20 82
28 21 26
28 22 80
28 23 68
28 26 51
28 27 82
28 30 64
28 31 79
28 32 83
28 33 21
28 35 21
28 39 88
28 40 91
28 42 20
28 43 68
28 47 24
28 48 63
28 49 81
28 52 14
28 55 77
28 56 16
28 57 47
28 59 13
28 60 21
28 61 34
28 62 13
28 66 64
28 67 50
28 68 83
28 69 89
28 72 53
28 73 75
28 74 74
28 75 51
28 77 86
28 78 24
28 83 60
28 84 30
28 85 66
28 86 33
28 89 27
28 92 46
28 94 45
28 95 92
28 96 92
28 97 32
28 99 20
28 101 58
28 103 84
28 105 84
28 106 27
28 107 62
28 108 77
28 110 61
28 111 15
28 112 63
28 113 33
28 115 23
28 116 35
28 118 62
29 1 21
29 2 82
29 3 80
29 4 55
29 6 49
29 8 42
29 9 62
29 10 66
29 11 89
29 12 68
29 14 63
29 15 78
29 17 19
29 18 86
29 20 17
29 21 53
29 22 57
29 23 14
29 25 75
29 26 49
29 30 55
29 31 87
29 32 21
29 33 32
29 34 58
29 36 85
29 37 86
29 39 88
29 40 21
29 41 44
29 42 82
29 44 53
29 45 26
29 48 19
29 49 25
29 51 42
29 52 86
29 53 84
29 54 87
29 56 25
29 58 50
29 59 49
29 60 27
29 61 52
29 62 54
29 65 82
29 68 67
29 69 78
29 72 38
29 74 16
29 76 92
29 78 68
29 82 70
29 83 82
29 88 67
29 91 48
29 96 19
29 97 70
29 101 47
29 102 38
29 103 69
29 106 82
29 107 62
29 109 72
29 111 52
29 112 48
29 114 65
29 115 64
29 116 17
29 117 54
29 t 75
30 2 93
30 3 18
30 4 24
30 6 90
30 7 91
30 8 56
30 9 90
30 10 24
30 11 54
30 12 76
30 15 25
30 16 48
30 18 18
30 19 50
30 20 81
30 21 64
30 22 77
30 23 93
30 24 31
30 25 39
30 26 22
30 27 15
30 28 64
30 29 55
30 31 13
30 33 18
30 36 14
30 37 26
30 39 21
30 42 15
30 44 35
30 45 23
30 46 92
30 48 52
30 49 64
30 51 76
30 52 35
30 54 80
30 55 40
30 57 90
30 59 89
30 60 77
30 61 22
30 62 43
30 63 81
30 64 67
30 66 51
30 70 70
30 71 51
30 72 55
30 73 34
30 74 36
30 75 33
30 76 21
30 77 41
30 78 67
30 79 29
30 80 29
30 81 82
30 82 21
30 84 40
30 85 89
30 86 55
30 87 76
30 88 16
30 90 73
30 91 14
30 92 71
30 94 91
30 97 49
30 98 38
30 101 82
30 104 53
30 105 84
30 107 62
30 108 33
30 109 24
30 111 66
30 112 86
30 113 53
30 114 90
30 115 18
30 116 78
30 117 46
30 118 93
31 1 44
31 3 24
31 7 68
31 9 92
31 10 33
31 11 55
31 12 22
31 13 44
31 15 47
31 17 88
31 18 72
31 19 82
31 21 21
31 22 26
31 23 43
31 25 63
31 27 52
31 28 79
31 29 87
31 30 13
31 33 77
31 35 45
31 36 47
31 38 80
31 39 88
31 43 26
31 46 83
31 47 19
31 48 45
31 49 36
31 50 75
31 51 61
31 54 35
31 55 81
31 56 66
31 59 66
31 61 51
31 62 16
31 63 46
31 64 66
31 65 13
31 66 21
31 67 29
31 68 43
31 69 72
31 71 29
31 72 18
31 73 80
31 74 26
31 75 31
31 76 31
31 77 72
31 78 36
31 79 80
31 80 92
31 83 51
31 85 27
31 86 71
31 87 60
31 89 41
31 92 53
31 93 15
31 94 75
31 95 73
31 96 41
31 97 85
31 99 92
31 100 24
31 101 43
31 102 31
31 103 67
31 104 83
31 105 85
31 110 81
31 112 82
31 113 37
31 114 27
31 116 75
31 117 52
31 118 40
31 t 67
32 1 36
32 2 38
32 4 49
32 5 41
32 6 87
32 7 25
32 8 60
32 9 81
32 10 63
32 11 37
32 14 75
32 15 93
32 17 23
32 19 83
32 21 65
32 22 82
32 23 51
32 25 14
32 26 56
32 27 52
32 28 83
32 29 21
32 35 62
32 37 27
32 39 55
32 44 73
32 45 79
32 46 68
32 48 46
32 50 54
32 52 15
32 53 38
32 55 63
32 56 49
32 57 39
32 58 58
32 59 37
32 60 79
32 63 90
32 67 25
32 68 26
32 70 38
32 72 61
32 75 47
32 76 60
32 77 32
32 78 76
32 80 41
32 81 65
32 85 42
32 87 69
32 89 22
32 90 25
32 91 81
32 92 25
32 97 86
32 98 91
32 99 84
32 101 50
32 102 63
32 105 77
32 106 65
32 107 62
32 108 20
32 110 43
32 111 68
32 112 87
32 113 37
32 117 55
32 t 90
33 1 77
33 2 28
33 3 82
33 4 61
33 7 21
33 9 29
33 10 56
33 11 70
33 12 47
33 13 13
33 14 41
33 17 49
33 19 33
33 20 23
33 22 43
33 23 38
33 24 26
33 25 59
33 26 77
33 27 18
33 28 21
33 29 32
33 30 18
33 31 77
33 34 23
33 35 77
33 36 77
33 37 24
33 39 71
33 42 83
33 44 63
33 45 35
33 46 24
33 47 25
33 48 55
33 49 47
33 50 93
33 51 49
33 52 33
33 53 43
33 54 16
33 56 35
33 58 25
33 62 37
33 63 54
33 64 18
33 65 27
33 66 85
33 67 85
33 70 58
33 71 93
33 73 14
33 74 58
33 76 47
33 77 81
33 78 74
33 79 82
33 80 70
33 81 43
33 82 52
33 83 87
33 84 88
33 86 86
33 87 21
33 88 20
33 90 14
33 92 36
33 93 49
33 94 28
33 95 16
33 96 22
33 97 92
33 98 48
33 99 55
33 101 75
33 102 62
33 103 55
33 104 80
33 107 45
33 110 13
33 112 55
33 113 54
33 115 64
33 117 87
33 118 53
33 t 93
34 1 53
34 2 78
34 3 64
34 4 30
34 5 59
34 6 29
34 7 89
34 8 69
34 10 52
34 11 76
34 12 56
34 13 53
34 14 54
34 18 75
34 19 33
34 21 58
34 22 48
34 23 49
34 24 81
34 25 40
34 27 69
34 29 58
34 33 23
34 35 78
34 36 28
34 37 54
34 38 39
34 39 73
34 40 44
34 41 61
34 42 50
34 43 36
34 45 13
34 46 30
34 47 60
34 49 42
34 50 14
34 52 39
34 53 92
34 54 32
34 55 30
34 58 27
34 59 22
34 60 71
34 63 62
34 64 84
34 67 55
34 68 91
34 70 52
34 72 85
34 73 30
34 74 83
34 75 34
34 76 40
34 79 57
34 80 50
34 81 35
34 82 88
34 83 91
34 85 20
34 86 62
34 88 50
34 90 25
34 91 82
34 93 83
34 94 32
34 95 15
34 97 30
34 98 49
34 99 45
34 100 86
34 101 86
34 102 18
34 103 44
34 104 57
34 105 36
34 106 36
34 107 45
34 108 29
34 111 35
34 113 57
34 114 14
34 115 45
34 116 93
34 118 54
34 t 81
35 1 76
35 3 84
35 4 39
35 6 22
35 7 79
35 11 57
35 12 17
35 15 34
35 17 34
35 19 42
35 20 18
35 22 17
35 23 77
35 24 40
35 26 19
35 28 21
35 31 45
35 32 62
35 33 77
35 34 78
35 38 68
35 42 40
35 44 28
35 45 61
35 46 39
35 47 29
35 48 47
35 49 69
35 52 30
35 53 85
35 54 20
35 55 25
35 57 17
35 58 78
35 59 92
35 60 39
35 62 75
35 64 73
35 66 21
35 69 29
35 70 83
35 71 65
35 73 65
35 74 55
35 75 37
35 76 92
35 77 35
35 78 32
35 80 81
35 81 68
35 82 86
35 83 90
35 84 58
35 87 50
35 88 78
35 89 25
35 91 62
35 92 66
35 93 30
35 94 53
35 95 84
35 96 21
35 97 41
35 99 41
35 100 49
35 101 20
35 103 75
35 104 88
35 106 79
35 107 38
35 109 45
35 110 50
35 111 34
35 112 48
35 114 85
35 115 71
35 118 14
36 1 20
36 2 19
36 4 38
36 7 43
36 8 93
36 10 92
36 12 13
36 13 23
36 17 36
36 20 23
36 23 48
36 24 44
36 27 78
36 29 85
36 30 14
36 31 47
36 33 77
36 34 28
36 37 48
36 38 40
36 39 91
36 41 71
36 42 83
36 45 49
36 46 21
36 47 15
36 48 80
36 49 24
36 51 70
36 52 85
36 53 36
36 57 36
36 58 80
36 60 90
36 61 36
36 62 34
36 65 17
36 66 68
36 69 25
36 70 65
36 72 33
36 73 30
36 76 82
36 77 24
36 80 17
36 81 20
36 82 26
36 84 57
36 85 70
36 87 40
36 89 36
36 91 15
36 93 61
36 94 69
36 96 58
36 97 52
36 98 47
36 102 25
36 103 22
36 104 32
36 105 75
36 107 60
36 108 27
36 109 51
36 110 40
36 112 55
36 113 44
36 114 32
36 115 29
36 117 77
36 118 25
36 t 45
37 1 82
37 3 92
37 4 18
37 7 20
37 8 33
37 10 23
37 11 28
37 12 53
37 14 69
37 16 37
37 19 34
37 21 57
37 23 37
37 24 67
37 25 92
37 26 92
37 27 76
37 29 86
37 30 26
37 32 27
37 33 24
37 34 54
37 36 48
37 38 70
37 39 18
37 40 86
37 42 79
37 43 41
37 44 82
37 46 30
37 48 31
37 49 48
37 50 35
37 52 41
37 53 73
37 54 57
37 55 44
37 56 28
37 57 43
37 58 50
37 60 31
37 61 35
37 62 93
37 63 23
37 66 26
37 67 65
37 68 75
37 70 33
37 72 20
37 73 43
37 75 75
37 76 88
37 77 56
37 78 42
37 79 48
37 80 34
37 81 65
37 83 89
37 84 31
37 85 56
37 86 82
37 87 66
37 88 78
37 90 73
37 92 79
37 94 57
37 95 27
37 100 24
37 102 32
37 103 38
37 106 33
37 107 79
37 108 64
37 109 83
37 111 49
37 114 73
37 115 18
37 116 14
37 t 13
38 2 91
38 3 43
38 5 31
38 6 44
38 8 15
38 9 89
38 13 83
38 14 18
38 15 70
38 16 68
38 17 14
38 20 88
38 21 47
38 22 56
38 23 33
38 24 83
38 25 82
38 26 28
38 31 80
38 34 39
38 35 68
38 36 40
38 37 70
38 39 37
38 40 72
38 42 56
38 44 82
38 45 33
38 49 31
38 50 27
38 51 79
38 52 15
38 53 16
38 54 78
38 55 35
38 56 87
38 57 16
38 59 56
38 60 86
38 61 56
38 62 21
38 65 34
38 67 88
38 68 22
38 70 39
38 71 64
38 74 42
38 75 91
38 76 91
38 77 38
38 78 53
38 80 58
38 81 79
38 82 24
38 83 51
38 86 45
38 87 44
38 88 78
38 89 72
38 91 75
38 93 44
38 94 24
38 96 15
38 97 92
38 98 46
38 101 73
38 102 82
38 105 53
38 106 86
38 109 29
38 110 18
38 112 52
38 113 75
38 114 64
38 115 77
38 116 52
38 118 81
39 1 17
39 2 76
39 3 50
39 4 68
39 5 76
39 8 45
39 13 90
39 14 16
39 15 67
39 17 28
39 18 25
39 19 65
39 20 36
39 21 93
39 23 58
39 24 75
39 25 57
39 27 69
39 28 88
39 29 88
39 30 21
39 31 88
39 32 55
39 33 71
39 34 73
39 36 91
39 37 18
39 38 37
39 40 73
39 41 52
39 42 71
39 45 72
39 46 53
39 48 87
39 49 25
39 50 66
39 51 67
39 52 13
39 54 66
39 55 30
39 57 28
39 58 55
39 60 88
39 61 43
39 62 86
39 65 73
39 66 26
39 67 43
39 68 16
39 69 42
39 70 78
39 71 79
39 72 27
39 73 68
39 74 76
39 75 33
39 76 83
39 77 64
39 78 67
39 79 89
39 80 78
39 82 25
39 83 16
39 85 21
39 89 60
39 90 37
39 92 61
39 93 13
39 94 15
39 96 51
39 100 27
39 102 24
39 103 66
39 104 89
39 105 38
39 106 55
39 107 43
39 110 83
39 111 76
39 112 30
39 113 21
39 114 36
39 115 18
39 116 52
39 117 71
39 118 61
39 t 41
40 1 53
40 3 79
40 6 93
40 7 46
40 9 22
40 10 55
40 11 13
40 12 88
40 13 13
40 14 48
40 15 39
40 16 65
40 18 93
40 19 28
40 20 25
40 24 51
40 26 76
40 28 91
40 29 21
40 34 44
40 37 86
40 38 72
40 39 73
40 41 70
40 42 45
40 43 31
40 45 70
40 47 53
40 48 72
40 49 48
40 50 83
40 51 68
40 53 25
40 54 85
40 55 41
40 56 71
40 57 55
40 60 36
40 61 30
40 62 70
40 65 74
40 69 64
40 70 39
40 72 33
40 74 81
40 75 32
40 76 20
40 77 25
40 78 53
40 79 70
40 82 74
40 83 59
40 85 16
40 86 89
40 88 15
40 89 65
40 91 81
40 92 92
40 93 46
40 94 57
40 95 60
40 97 66
40 98 67
40 100 20
40 101 73
40 102 13
40 103 27
40 111 16
40 112 24
40 113 45
40 114 14
40 116 40
40 118 39
40 t 39
41 1 44
41 3 18
41 7 47
41 8 13
41 9 48
41 10 24
41 11 72
41 12 30
41 14 74
41 16 51
41 17 93
41 19 46
41 20 41
41 22 66
41 23 15
41 24 44
41 25 66
41 26 55
41 27 84
41 29 44
41 34 61
41 36 71
41 39 52
41 40 70
41 42 73
41 45 69
41 48 88
41 49 37
41 51 50
41 53 75
41 54 17
41 55 45
41 62 35
41 63 88
41 64 69
41 65 28
41 66 32
41 67 62
41 68 78
41 70 72
41 71 91
41 72 78
41 74 53
41 76 82
41 77 47
41 78 63
41 79 20
41 80 37
41 82 27
41 86 81
41 87 47
41 89 62
41 90 15
41 91 13
41 94 62
41 95 13
41 96 54
41 97 18
41 98 58
41 99 62
41 104 59
41 105 26
41 106 80
41 107 49
41 108 62
41 110 20
41 111 26
41 112 19
41 113 69
41 114 90
41 116 29
41 117 92
41 118 62
41 t 47
42 1 50
42 3 40
42 4 60
42 5 53
42 6 81
42 7 65
42 8 28
42 9 49
42 12 66
42 14 82
42 17 75
42 18 91
42 19 16
42 22 76
42 23 74
42 25 32
42 26 22
42 28 20
42 29 82
42 30 15
42 33 83
42 34 50
42 35 40
42 36 83
42 37 79
42 38 56
42 39 71
42 40 45
42 41 73
42 43 35
42 44 56
42 45 13
42 46 28
42 47 23
42 49 33
42 50 38
42 53 83
42 55 36
42 56 81
42 57 46
42 59 91
42 61 75
42 62 79
42 63 37
42 64 67
42 67 51
42 68 93
42 69 36
42 70 89
42 71 75
42 72 44
42 73 51
42 74 78
42 75 92
42 76 52
42 77 47
42 78 15
42 79 44
42 81 28
42 82 73
42 83 87
42 84 64
42 87 89
42 88 61
42 89 25
42 94 47
42 95 50
42 97 44
42 99 24
42 100 51
42 101 35
42 102 58
42 103 51
42 104 16
42 105 83
42 106 71
42 107 21
42 113 16
42 115 90
42 116 50
42 117 53
42 118 37
42 t 38
43 1 17
43 4 53
43 6 80
43 7 28
43 9 54
43 10 16
43 11 56
43 13 48
43 14 47
43 15 63
43 16 90
43 18 42
43 19 49
43 20 24
43 21 66
43 22 51
43 23 43
43 24 55
43 25 15
43 26 69
43 27 16
43 28 68
43 31 26
43 34 36
43 37 41
43 40 31
43 42 35
43 45 63
43 46 29
43 48 67
43 49 71
43 50 36
43 51 27
43 52 93
43 53 37
43 54 53
43 55 88
43 58 21
43 59 76
43 60 65
43 61 71
43 62 36
43 64 41
43 66 26
43 69 91
43 70 33
43 71 67
43 72 76
43 74 85
43 75 34
43 76 75
43 78 20
43 79 85
43 80 36
43 82 13
43 83 83
43 85 37
43 87 63
43 88 54
43 91 38
43 92 31
43 95 68
43 97 85
43 98 30
43 100 23
43 102 83
43 106 15
43 112 60
43 113 62
43 114 17
43 115 75
43 117 77
43 118 85
43 t 80
44 1 26
44 3 27
44 6 69
44 8 41
44 9 68
44 10 83
44 12 40
44 13 67
44 14 69
44 15 68
44 17 73
44 18 15
44 19 59
44 21 69
44 22 83
44 23 62
44 24 56
44 26 54
44 27 52
44 29 53
44 30 35
44 32 73
44 33 63
44 35 28
44 37 82
44 38 82
44 42 56
44 45 70
44 47 31
44 48 91
44 49 89
44 50 23
44 51 49
44 53 70
44 54 24
44 55 24
44 57 55
44 59 81
44 61 23
44 62 64
44 63 78
44 64 37
44 66 44
44 67 20
44 68 57
44 72 22
44 76 23
44 77 13
44 78 78
44 80 93
44 81 30
44 82 81
44 83 86
44 84 28
44 86 61
44 87 21
44 88 27
44 90 68
44 91 69
44 92 43
44 97 41
44 99 29
44 100 84
44 101 17
44 102 84
44 103 72
44 104 60
44 106 68
44 108 58
44 109 66
44 110 65
44 111 48
44 112 80
44 113 13
44 114 46
44 115 15
44 118 59
44 t 16
45 1 78
45 2 30
45 7 91
45 9 58
45 13 71
45 17 89
45 18 16
45 22 59
45 23 63
45 24 57
45 26 88
45 27 50
45 29 26
45 30 23
45 32 79
45 33 35
45 34 13
45 35 61
45 36 49
45 38 33
45 39 72
45 40 70
45 41 69
45 42 13
45 43 63
45 44 70
45 46 75
45 47 76
45 48 86
45 50 60
45 51 23
45 55 25
45 56 22
45 58 62
45 59 85
45 62 64
45 63 53
45 64 59
45 67 67
45 68 75
45 69 31
45 71 28
45 74 36
45 76 65
45 81 67
45 83 86
45 86 31
45 89 64
45 92 85
45 93 28
45 94 77
45 95 68
45 96 33
45 97 13
45 99 21
45 101 50
45 102 84
45 103 77
45 104 86
45 105 51
45 107 53
45 108 31
45 109 72
45 110 79
45 111 63
45 112 64
45 113 58
45 114 34
45 115 62
45 118 55
45 t 42
46 1 44
46 3 48
46 4 33
46 5 80
46 6 71
46 7 63
46 8 49
46 9 22
46 10 81
46 11 29
46 12 36
46 13 18
46 17 89
46 18 31
46 19 92
46 20 41
46 21 77
46 23 42
46 26 15
46 27 90
46 30 92
46 31 83
46 32 68
46 33 24
46 34 30
46 35 39
46 36 21
46 37 30
46 39 53
46 42 28
46 43 29
46 45 75
46 47 78
46 48 64
46 50 48
46 52 26
46 59 86
46 60 26
46 62 70
46 64 72
46 65 78
46 66 64
46 67 89
46 68 30
46 69 92
46 70 45
46 71 24
46 72 27
46 73 77
46 74 66
46 75 52
46 76 14
46 77 26
46 78 67
46 86 56
46 87 15
46 90 60
46 91 79
46 92 55
46 93 55
46 94 45
46 95 28
46 96 39
46 100 79
46 101 69
46 103 74
46 104 74
46 105 59
46 106 63
46 107 46
46 108 31
46 109 84
46 110 54
46 111 43
46 112 93
46 113 80
46 115 85
46 117 75
46 118 89
46 t 75
47 1 21
47 3 47
47 5 52
47 6 77
47 7 15
47 8 31
47 10 61
47 11 60
47 12 72
47 13 54
47 14 73
47 15 59
47 16 71
47 17 56
47 22 36
47 25 31
47 26 71
47 27 22
47 28 24
47 31 19
47 33 25
47 34 60
47 35 29
47 36 15
47 40 53
47 42 23
47 44 31
47 45 76
47 46 78
47 48 25
47 50 26
47 53 74
47 55 41
47 56 54
47 57 73
47 58 93
47 62 27
47 63 86
47 64 79
47 66 51
47 67 28
47 68 51
47 69 90
47 75 60
47 76 65
47 77 55
47 78 44
47 79 21
47 80 74
47 81 16
47 82 85
47 83 77
47 84 27
47 87 89
47 88 79
47 89 71
47 91 16
47 93 66
47 94 63
47 96 18
47 97 27
47 98 23
47 99 52
47 100 19
47 102 40
47 103 91
47 104 22
47 105 16
47 107 63
47 108 52
47 109 45
47 111 30
47 112 24
47 113 25
47 115 41
47 116 48
47 118 84
47 t 56
48 3 19
48 4 35
48 5 51
48 7 78
48 8 49
48 10 27
48 11 24
48 12 80
48 14 73
48 16 64
48 19 24
48 20 59
48 21 55
48 22 35
48 23 45
48 25 78
48 27 16
48 28 63
48 29 19
48 30 52
48 31 45
48 32 46
48 33 55
48 35 47
48 36 80
48 37 31
48 39 87
48 40 72
48 41 88
48 43 67
48 44 91
48 45 86
48 46 64
48 47 25
48 50 48
48 51 47
48 52 75
48 54 53
48 55 91
48 57 20
48 58 53
48 59 84
48 62 48
48 63 20
48 64 92
48 65 52
48 66 73
48 68 48
48 69 61
48 70 27
48 71 58
48 73 41
48 74 57
48 75 26
48 77 61
48 80 29
48 81 74
48 82 50
48 83 30
48 86 92
48 88 81
48 89 91
48 90 48
48 91 81
48 92 87
48 94 42
48 95 70
48 96 70
48 97 79
48 98 66
48 101 21
48 103 42
48 104 35
48 106 64
48 108 89
48 115 81
48 116 18
48 118 56
48 t 82
49 1 16
49 3 91
49 4 66
49 7 26
49 8 23
49 10 47
49 11 65
49 12 47
49 14 33
49 16 64
49 17 44
49 18 32
49 21 21
49 23 67
49 24 85
49 26 86
49 27 87
49 28 81
49 29 25
49 30 64
49 31 36
49 33 47
49 34 42
49 35 69
49 36 24
49 37 48
49 38 31
49 39 25
49 40 48
49 41 37
49 42 33
49 43 71
49 44 89
49 50 51
49 51 90
49 52 32
49 53 40
49 54 36
49 55 63
49 56 13
49 57 88
49 58 40
49 59 79
49 60 79
49 61 14
49 65 41
49 66 44
49 68 86
49 69 54
49 70 87
49 71 70
49 73 77
49 74 72
49 76 77
49 78 37
49 80 40
49 82 31
49 83 70
49 84 72
49 86 17
49 87 17
49 89 62
49 90 32
49 91 22
49 92 35
49 93 26
49 94 43
49 95 25
49 96 80
49 97 43
49 98 71
49 99 78
49 100 80
49 102 63
49 104 22
49 106 27
49 107 77
49 109 36
49 113 19
49 115 32
49 118 30
50 1 31
50 2 23
50 3 63
50 5 68
50 7 82
50 8 38
50 10 87
50 12 55
50 14 55
50 15 34
50 16 35
50 18 18
50 19 31
50 20 22
50 21 49
50 22 44
50 23 82
50 24 76
50 25 61
50 26 59
50 31 75
50 32 54
50 33 93
50 34 14
50 37 35
50 38 27
50 39 66
50 40 83
50 42 38
50 43 36
50 44 23
50 45 60
50 46 48
50 47 26
50 48 48
50 49 51
50 52 30
50 53 62
50 56 27
50 57 52
50 58 27
50 60 39
50 61 34
50 62 43
50 63 87
50 67 92
50 69 66
50 70 54
50 72 17
50 74 33
50 76 50
50 78 71
50 79 63
50 80 91
50 82 53
50 83 42
50 84 92
50 85 50
50 86 64
50 87 46
50 88 71
50 91 80
50 92 54
50 93 71
50 94 53
50 95 88
50 96 85
50 97 66
50 100 85
50 102 26
50 103 48
50 104 36
50 105 51
50 106 65
50 107 51
50 108 34
50 109 65
50 110 34
50 111 20
50 113 18
50 114 65
50 115 59
50 117 80
51 1 18
51 3 49
51 5 39
51 8 75
51 9 26
51 11 21
51 14 39
51 17 48
51 18 33
51 19 76
51 20 78
51 21 67
51 22 25
51 23 16
51 27 81
51 29 42
51 30 76
51 31 61
51 33 49
51 36 70
51 38 79
51 39 67
51 40 68
51 41 50
51 43 27
51 44 49
51 45 23
51 48 47
51 49 90
51 52 37
51 54 35
51 55 50
51 56 60
51 58 89
51 59 80
51 60 32
51 61 47
51 62 67
51 64 63
51 65 91
51 66 88
51 68 84
51 69 60
51 70 30
51 71 35
51 72 89
51 74 30
51 76 25
51 77 25
51 79 55
51 81 40
51 82 67
51 83 67
51 84 39
51 88 82
51 90 93
51 91 26
51 92 73
51 93 15
51 94 32
51 95 69
51 96 88
51 99 14
51 100 47
51 102 67
51 103 19
51 104 42
51 106 15
51 107 73
51 108 78
51 112 20
51 114 16
51 115 33
51 116 13
51 118 49
52 1 30
52 2 31
52 3 64
52 4 78
52 8 17
52 9 21
52 11 77
52 14 30
52 15 71
52 19 24
52 20 55
52 21 90
52 22 20
52 25 88
52 27 81
52 28 14
52 29 86
52 30 35
52 32 15
52 33 33
52 34 39
52 35 30
52 36 85
52 37 41
52 38 15
52 39 13
52 43 93
52 46 26
52 48 75
52 49 32
52 50 30
52 51 37
52 53 74
52 54 67
52 55 15
52 58 48
52 59 33
52 60 49
52 61 39
52 63 51
52 66 91
52 67 89
52 68 57
52 69 54
52 70 63
52 71 65
52 72 72
52 74 93
52 77 86
52 78 43
52 79 69
52 82 39
52 83 21
52 84 89
52 86 33
52 87 81
52 88 76
52 89 49
52 91 92
52 93 81
52 96 30
52 97 39
52 98 30
52 99 59
52 100 14
52 101 43
52 103 42
52 104 43
52 105 53
52 106 22
52 107 72
52 110 93
52 111 25
52 112 71
52 113 65
52 114 55
52 116 47
53 2 43
53 3 63
53 4 52
53 5 32
53 6 46
53 7 28
53 8 30
53 9 75
53 10 78
53 16 31
53 17 77
53 18 15
53 19 67
53 21 45
53 22 35
53 23 36
53 25 38
53 29 84
53 32 38
53 33 43
53 34 92
53 35 85
53 36 36
53 37 73
53 38 16
53 40 25
53 41 75
53 42 83
53 43 37
53 44 70
53 47 74
53 49 40
53 50 62
53 52 74
53 54 62
53 55 80
53 56 82
53 57 62
53 58 73
53 59 57
53 60 79
53 61 69
53 62 53
53 63 76
53 66 69
53 68 41
53 69 60
53 70 92
53 71 42
53 73 45
53 75 44
53 77 33
53 78 69
53 79 39
53 82 68
53 83 32
53 84 47
53 85 24
53 89 31
53 92 33
53 93 64
53 94 92
53 95 85
53 96 73
53 98 23
53 100 30
53 102 51
53 103 86
53 104 19
53 105 87
53 106 40
53 108 89
53 109 39
53 111 69
53 112 71
53 113 60
53 114 91
53 115 52
53 116 64
53 118 53
54 1 21
54 3 55
54 5 61
54 8 60
54 10 34
54 11 73
54 12 22
54 14 25
54 17 21
54 18 88
54 19 54
54 20 15
54 21 85
54 23 77
54 24 69
54 26 18
54 29 87
54 30 80
54 31 35
54 33 16
54 34 32
54 35 20
54 37 57
54 38 78
54 39 66
54 40 85
54 41 17
54 43 53
54 44 24
54 48 53
54 49 36
54 51 35
54 52 67
54 53 62
54 55 27
54 56 52
54 59 41
54 60 74
54 61 46
54 62 81
54 63 74
54 64 37
54 65 23
54 66 87
54 68 34
54 69 27
54 70 46
54 71 64
54 72 93
54 73 49
54 74 13
54 75 51
54 76 35
54 77 46
54 80 17
54 81 34
54 82 70
54 84 41
54 85 67
54 86 64
54 88 37
54 90 36
54 92 35
54 93 82
54 94 20
54 95 82
54 96 74
54 97 30
54 99 14
54 100 40
54 101 36
54 103 55
54 104 65
54 106 58
54 107 56
54 108 93
54 109 25
54 110 48
54 114 47
54 115 14
54 116 50
54 117 18
54 118 66
54 t 22
55 1 53
55 2 66
55 3 24
55 4 83
55 5 17
55 6 30
55 7 42
55 8 30
55 9 81
55 10 70
55 11 13
55 12 65
55 15 35
55 17 39
55 18 52
55 19 92
55 20 24
55 21 49
55 22 45
55 23 22
55 26 18
55 27 69
55 28 77
55 30 40
55 31 81
55 32 63
55 34 30
55 35 25
55 37 44
55 38 35
55 39 30
55 40 41
55 41 45
55 42 36
55 43 88
55 44 24
55 45 25
55 47 41
55 48 91
55 49 63
55 51 50
55 52 15
55 53 80
55 54 27
55 56 28
55 57 43
55 58 28
55 59 92
55 60 30
55 61 75
55 62 23
55 63 83
55 64 71
55 65 61
55 67 13
55 68 46
55 70 60
55 72 18
55 76 91
55 77 49
55 78 54
55 80 76
55 81 75
55 82 32
55 84 32
55 86 77
55 87 80
55 88 22
55 90 80
55 91 25
55 92 23
55 93 70
55 94 57
55 97 62
55 102 13
55 103 54
55 104 33
55 106 64
55 107 55
55 110 16
55 111 84
55 112 63
55 113 93
55 114 77
55 115 30
55 116 67
55 117 91
55 118 67
55 t 53
56 1 42
56 4 62
56 6 61
56 8 33
56 11 37
56 12 51
56 13 25
56 14 48
56 16 48
56 17 20
56 19 73
56 21 32
56 22 50
56 23 52
56 25 85
56 28 16
56 29 25
56 31 66
56 32 49
56 33 35
56 37 28
56 38 87
56 40 71
56 42 81
56 45 22
56 47 54
56 49 13
56 50 27
56 51 60
56 53 82
56 54 52
56 55 28
56 59 30
56 60 20
56 61 91
56 63 13
56 64 91
56 65 22
56 66 23
56 68 71
56 71 63
56 72 26
56 73 30
56 74 56
56 77 16
56 78 67
56 81 49
56 83 56
56 84 75
56 85 29
56 86 25
56 91 29
56 93 43
56 94 81
56 95 65
56 96 49
56 97 84
56 98 40
56 99 69
56 101 80
56 102 28
56 103 35
56 104 37
56 107 20
56 109 47
56 110 69
56 111 82
56 112 60
56 113 29
56 114 89
56 116 32
56 118 56
57 1 55
57 3 13
57 6 17
57 8 81
57 11 84
57 12 73
57 14 31
57 15 45
57 16 89
57 17 90
57 19 19
57 20 24
57 21 41
57 23 40
57 24 70
57 27 71
57 28 47
57 30 90
57 32 39
57 35 17
57 36 36
57 37 43
57 38 16
57 39 28
57 40 55
57 42 46
57 44 55
57 47 73
57 48 20
57 49 88
57 50 52
57 53 62
57 55 43
57 58 50
57 59 42
57 61 87
57 62 76
57 63 39
57 65 35
57 66 37
57 68 49
57 69 73
57 70 57
57 71 91
57 74 66
57 76 58
57 79 56
57 80 83
57 82 37
57 83 84
57 84 60
57 85 21
57 86 39
57 87 67
57 88 77
57 89 48
57 90 35
57 92 66
57 93 75
57 95 69
57 98 79
57 99 78
57 100 16
57 101 37
57 102 23
57 103 59
57 106 73
57 107 74
57 109 55
57 110 58
57 111 55
57 112 77
57 113 40
57 114 86
57 115 72
57 116 34
57 117 47
58 2 29
58 3 18
58 4 49
58 5 46
58 6 37
58 7 65
58 8 36
58 9 65
58 11 53
58 12 93
58 14 39
58 15 22
58 16 40
58 19 44
58 20 85
58 21 42
58 23 42
58 24 53
58 25 43
58 27 62
58 29 50
58 32 58
58 33 25
58 34 27
58 35 78
58 36 80
58 37 50
58 39 55
58 43 21
58 45 62
58 47 93
58 48 53
58 49 40
58 50 27
58 51 89
58 52 48
58 53 73
58 55 28
58 57 50
58 60 82
58 61 56
58 68 56
58 69 24
58 74 63
58 76 83
58 79 78
58 80 77
58 83 36
58 84 76
58 87 69
58 89 67
58 90 75
58 91 70
58 92 40
58 93 78
58 94 16
58 95 82
58 96 48
58 99 52
58 100 34
58 101 43
58 102 76
58 104 14
58 105 92
58 107 38
58 109 49
58 110 93
58 111 23
58 112 18
58 113 90
58 114 51
58 116 60
58 117 23
58 118 43
59 1 69
59 3 65
59 4 81
59 9 25
59 12 48
59 14 68
59 15 89
59 18 28
59 19 88
59 20 87
59 23 33
59 24 59
59 26 76
59 27 40
59 28 13
59 29 49
59 30 89
59 31 66
59 32 37
59 34 22
59 35 92
59 38 56
59 42 91
59 43 76
59 44 81
59 45 85
59 46 86
59 48 84
59 49 79
59 51 80
59 52 33
59 53 57
59 54 41
59 55 92
59 56 30
59 57 42
59 60 37
59 61 62
59 62 37
59 63 50
59 64 34
59 65 38
59 66 46
59 68 90
59 69 78
59 70 54
59 71 35
59 72 48
59 73 40
59 74 28
59 76 87
59 77 65
59 78 47
59 79 73
59 80 70
59 81 71
59 82 15
59 83 59
59 84 62
59 85 78
59 88 68
59 91 16
59 92 18
59 94 29
59 95 84
59 98 67
59 99 63
59 104 71
59 105 47
59 107 60
59 109 83
59 110 84
59 112 32
59 113 34
59 116 79
59 117 86
59 118 86
59 t 85
60 2 72
60 3 62
60 4 64
60 5 14
60 6 82
60 7 55
60 9 61
60 11 54
60 12 28
60 14 65
60 15 29
60 16 43
60 17 37
60 18 31
60 19 17
60 20 80
60 23 90
60 24 29
60 26 22
60 27 52
60 28 21
60 29 27
60 30 77
60 32 79
60 34 71
60 35 39
60 36 90
60 37 31
60 38 86
60 39 88
60 40 36
60 43 65
60 46 26
60 49 79
60 50 39
60 51 32
60 52 49
60 53 79
60 54 74
60 55 30
60 56 20
60 58 82
60 59 37
60 62 42
60 63 62
60 67 23
60 70 91
60 71 65
60 73 37
60 75 65
60 76 45
60 77 14
60 78 27
60 80 42
60 82 35
60 86 87
60 87 93
60 88 41
60 89 64
60 90 42
60 91 43
60 94 60
60 95 13
60 96 64
60 97 19
60 98 38
60 100 64
60 102 23
60 103 79
60 104 76
60 105 27
60 106 16
60 108 66
60 109 30
60 110 87
60 114 75
60 115 44
60 116 51
60 t 44
61 4 75
61 5 55
61 6 87
61 9 78
61 11 20
61 12 78
61 13 65
61 16 20
61 17 30
61 23 66
61 26 28
61 27 82
61 28 34
61 29 52
61 30 22
61 31 51
61 36 36
61 37 35
61 38 56
61 39 43
61 40 30
61 42 75
61 43 71
61 44 23
61 49 14
61 50 34
61 51 47
61 52 39
61 53 69
61 54 46
61 55 75
61 56 91
61 57 87
61 58 56
61 59 62
61 64 28
61 65 74
61 66 44
61 68 40
61 69 21
61 70 76
61 71 13
61 72 63
61 73 85
61 75 62
61 77 40
61 80 66
61 81 86
61 82 25
61 83 17
61 84 35
61 86 33
61 88 70
61 89 42
61 90 14
61 91 56
61 92 29
61 94 38
61 96 20
61 98 18
61 99 13
61 100 46
61 102 47
61 104 72
61 105 73
61 107 17
61 108 61
61 109 31
61 110 13
61 111 15
61 112 31
61 113 75
61 114 74
61 115 44
61 117 42
62 1 46
62 4 35
62 5 57
62 6 61
62 8 77
62 9 51
62 11 15
62 12 89
62 13 72
62 14 71
62 16 31
62 17 70
62 18 38
62 19 19
62 20 85
62 23 66
62 24 91
62 25 44
62 26 32
62 27 47
62 28 13
62 29 54
62 30 43
62 31 16
62 33 37
62 35 75
62 36 34
62 37 93
62 38 21
62 39 86
62 40 70
62 41 35
62 42 79
62 43 36
62 44 64
62 45 64
62 46 70
62 47 27
62 48 48
62 50 43
62 51 67
62 53 53
62 54 81
62 55 23
62 57 76
62 59 37
62 60 42
62 63 81
62 65 70
62 67 29
62 68 44
62 71 42
62 72 49
62 74 13
62 75 32
62 76 45
62 77 70
62 79 87
62 80 75
62 81 87
62 83 64
62 84 17
62 85 37
62 87 49
62 88 29
62 90 14
62 91 78
62 94 67
62 95 26
62 99 14
62 100 47
62 101 26
62 102 85
62 103 33
62 104 41
62 105 50
62 106 46
62 108 73
62 110 53
62 111 90
62 112 86
62 113 83
62 115 71
62 117 16
62 118 72
63 1 62
63 2 73
63 3 34
63 4 69
63 6 41
63 7 50
63 8 82
63 10 73
63 11 59
63 12 58
63 17 24
63 18 69
63 19 86
63 20 73
63 22 45
63 23 16
63 24 69
63 25 88
63 30 81
63 31 46
63 32 90
63 33 54
63 34 62
63 37 23
63 41 88
63 42 37
63 44 78
63 45 53
63 47 86
63 48 20
63 50 87
63 52 51
63 53 76
63 54 74
63 55 83
63 56 13
63 57 39
63 59 50
63 60 62
63 62 81
63 64 60
63 65 19
63 66 71
63 67 44
63 69 72
63 70 33
63 71 22
63 73 89
63 74 53
63 76 53
63 77 82
63 81 46
63 83 65
63 89 25
63 90 25
63 93 63
63 95 37
63 97 20
63 98 46
63 100 26
63 104 78
63 105 69
63 106 83
63 107 35
63 108 43
63 109 74
63 110 28
63 111 62
63 112 42
63 113 82
63 114 14
63 115 87
63 117 39
63 118 33
64 1 34
64 2 53
64 3 56
64 4 91
64 5 41
64 6 50
64 7 42
64 8 29
64 10 13
64 11 71
64 14 15
64 15 54
64 16 57
64 17 57
64 18 24
64 19 36
64 23 34
64 24 89
64 25 46
64 26 41
64 30 67
64 31 66
64 33 18
64 34 84
64 35 73
64 41 69
64 42 67
64 43 41
64 44 37
64 45 59
64 46 72
64 47 79
64 48 92
64 51 63
64 54 37
64 55 71
64 56 91
64 59 34
64 61 28
64 63 60
64 65 70
64 67 69
64 68 58
64 69 91
64 70 47
64 71 86
64 74 69
64 76 90
64 82 84
64 84 24
64 85 64
64 86 75
64 87 62
64 88 89
64 96 14
64 97 19
64 98 47
64 101 45
64 102 32
64 103 14
64 104 75
64 105 13
64 107 51
64 108 30
64 109 87
64 111 72
64 112 65
64 114 41
64 115 43
64 116 69
64 t 14
65 1 52
65 3 42
65 5 76
65 6 75
65 8 24
65 9 76
65 10 61
65 11 33
65 12 34
65 14 51
65 15 32
65 16 25
65 19 66
65 20 62
65 21 75
65 22 82
65 23 71
65 24 25
65 27 14
65 29 82
65 31 13
65 33 27
65 36 17
65 38 34
65 39 73
65 40 74
65 41 28
65 46 78
65 48 52
65 49 41
65 51 91
65 54 23
65 55 61
65 56 22
65 57 35
65 59 38
65 61 74
65 62 70
65 63 19
65 64 70
65 66 59
65 67 90
65 68 46
65 69 44
65 71 72
65 72 91
65 74 48
65 76 77
65 77 60
65 78 66
65 82 92
65 83 64
65 86 46
65 87 19
65 88 88
65 89 68
65 91 50
65 92 80
65 93 23
65 95 53
65 96 77
65 99 23
65 100 16
65 101 71
65 102 89
65 103 29
65 104 71
65 105 63
65 107 30
65 111 74
65 112 20
65 113 48
65 114 20
65 115 87
65 116 77
65 117 23
65 118 43
65 t 44
66 2 58
66 3 53
66 5 15
66 6 72
66 7 87
66 8 64
66 10 44
66 11 78
66 12 65
66 13 70
66 14 55
66 15 77
66 18 70
66 20 28
66 21 73
66 24 23
66 26 34
66 28 64
66 30 51
66 31 21
66 33 85
66 35 21
66 36 68
66 37 26
66 39 26
66 41 32
66 43 26
66 44 44
66 46 64
66 47 51
66 48 73
66 49 44
66 51 88
66 52 91
66 53 69
66 54 87
66 56 23
66 57 37
66 59 46
66 61 44
66 63 71
66 65 59
66 69 45
66 70 84
66 71 41
66 73 67
66 74 31
66 75 43
66 77 30
66 78 71
66 79 70
66 80 51
66 82 56
66 84 58
66 85 60
66 87 90
66 88 58
66 90 31
66 92 19
66 93 75
66 94 82
66 96 75
66 98 24
66 99 89
66 100 93
66 101 93
66 103 69
66 104 88
66 105 78
66 106 29
66 108 74
66 109 84
66 110 14
66 116 17
66 117 50
67 3 56
67 4 14
67 7 51
67 9 18
67 12 31
67 14 15
67 15 18
67 16 82
67 17 55
67 18 38
67 20 92
67 21 37
67 23 40
67 25 35
67 28 50
67 31 29
67 32 25
67 33 85
67 34 55
67 37 65
67 38 88
67 39 43
67 41 62
67 42 51
67 44 20
67 45 67
67 46 89
67 47 28
67 50 92
67 52 89
67 55 13
67 60 23
67 62 29
67 63 44
67 64 69
67 65 90
67 68 51
67 69 36
67 71 84
67 72 15
67 73 46
67 74 46
67 79 61
67 80 72
67 82 54
67 83 75
67 84 16
67 85 42
67 88 82
67 89 25
67 91 92
67 94 86
67 95 82
67 96 48
67 97 34
67 98 39
67 99 42
67 100 27
67 101 14
67 102 45
67 104 62
67 107 85
67 108 81
67 109 34
67 110 91
67 111 87
67 112 24
67 113 77
67 114 14
67 115 80
67 116 49
68 1 20
68 2 16
68 3 16
68 4 32
68 5 19
68 6 30
68 8 64
68 9 86
68 11 20
68 12 74
68 13 65
68 14 25
68 15 38
68 17 45
68 18 76
68 19 50
68 20 64
68 21 63
68 22 45
68 23 46
68 26 70
68 27 31
68 28 83
68 29 67
68 31 43
68 32 26
68 34 91
68 37 75
68 38 22
68 39 16
68 41 78
68 42 93
68 44 57
68 45 75
68 46 30
68 47 51
68 48 48
68 49 86
68 51 84
68 52 57
68 53 41
68 54 34
68 55 46
68 56 71
68 57 49
68 58 56
68 59 90
68 61 40
68 62 44
68 64 58
68 65 46
68 67 51
68 73 63
68 74 87
68 75 72
68 77 70
68 78 76
68 79 85
68 80 14
68 81 89
68 82 93
68 83 29
68 84 80
68 85 82
68 87 62
68 89 65
68 91 59
68 92 57
68 96 82
68 99 28
68 100 20
68 101 90
68 102 23
68 103 16
68 104 28
68 106 77
68 107 45
68 108 62
68 109 80
68 110 26
68 111 72
68 112 13
68 113 18
68 114 61
68 116 23
68 117 68
68 t 53
69 1 24
69 2 41
69 4 35
69 5 77
69 7 55
69 8 75
69 9 24
69 11 64
69 12 79
69 13 47
69 18 76
69 19 30
69 20 69
69 21 52
69 22 37
69 24 35
69 27 75
69 28 89
69 29 78
69 31 72
69 35 29
69 36 25
69 39 42
69 40 64
69 42 36
69 43 91
69 45 31
69 46 92
69 47 90
69 48 61
69 49 54
69 50 66
69 51 60
69 52 54
69 53 60
69 54 27
69 57 73
69 58 24
69 59 78
69 61 21
69 63 72
69 64 91
69 65 44
69 66 45
69 67 36
69 71 22
69 73 76
69 74 48
69 78 38
69 79 81
69 80 37
69 81 30
69 83 16
69 87 34
69 88 38
69 89 17
69 90 73
69 91 32
69 92 32
69 95 70
69 97 89
69 98 38
69 100 15
69 102 61
69 103 49
69 104 81
69 105 43
69 106 30
69 110 33
69 111 46
69 112 48
69 114 51
69 115 37
69 117 23
70 3 57
70 5 16
70 8 90
70 9 31
70 12 50
70 13 45
70 14 41
70 15 30
70 16 61
70 18 93
70 19 57
70 20 38
70 21 34
70 23 83
70 24 26
70 26 22
70 30 70
70 32 38
70 33 58
70 34 52
70 35 83
70 36 65
70 37 33
70 38 39
70 39 78
70 40 39
70 41 72
70 42 89
70 43 33
70 46 45
70 48 27
70 49 87
70 50 54
70 51 30
70 52 63
70 53 92
70 54 46
70 55 60
70 57 57
70 59 54
70 60 91
70 61 76
70 63 33
70 64 47
70 66 84
70 73 70
70 74 46
70 75 57
70 76 71
70 78 79
70 79 59
70 80 87
70 83 65
70 84 28
70 87 75
70 88 44
70 89 22
70 91 63
70 93 46
70 94 22
70 96 74
70 97 44
70 99 31
70 100 28
70 102 46
70 105 18
70 106 92
70 107 22
70 108 49
70 109 86
70 110 47
70 111 71
70 112 81
70 113 46
70 117 30
70 118 76
71 2 75
71 3 63
71 5 39
71 6 79
71 9 25
71 10 78
71 11 45
71 12 74
71 13 65
71 14 50
71 15 79
71 18 13
71 19 39
71 20 34
71 21 22
71 22 24
71 23 34
71 24 38
71 25 28
71 26 26
71 27 81
71 30 51
71 31 29
71 33 93
71 35 65
71 38 64
71 39 79
71 41 91
71 42 75
71 43 67
71 45 28
71 46 24
71 48 58
71 49 70
71 51 35
71 52 65
71 53 42
71 54 64
71 56 63
71 57 91
71 59 35
71 60 65
71 61 13
71 62 42
71 63 22
71 64 86
71 65 72
71 66 41
71 67 84
71 69 22
71 73 56
71 74 35
71 75 61
71 76 36
71 77 68
71 82 61
71 83 34
71 86 39
71 88 72
71 92 64
71 94 83
71 95 88
71 97 78
71 98 88
71 99 29
71 100 80
71 102 84
71 103 21
71 107 85
71 108 85
71 109 89
71 112 63
71 113 53
71 114 32
71 115 21
71 116 51
72 1 68
72 3 43
72 4 53
72 6 26
72 8 60
72 9 77
72 10 28
72 12 41
72 15 56
72 16 43
72 17 72
72 18 40
72 20 34
72 21 50
72 22 33
72 23 35
72 25 81
72 28 53
72 29 38
72 30 55
72 31 18
72 32 61
72 34 85
72 36 33
72 37 20
72 39 27
72 40 33
72 41 78
72 42 44
72 43 76
72 44 22
72 46 27
72 50 17
72 51 89
72 52 72
72 54 93
72 55 18
72 56 26
72 59 48
72 61 63
72 62 49
72 65 91
72 67 15
72 73 61
72 75 55
72 76 17
72 77 23
72 78 39
72 80 17
72 82 32
72 83 34
72 85 57
72 86 34
72 88 86
72 91 58
72 92 32
72 93 25
72 94 22
72 95 38
72 96 26
72 97 32
72 99 66
72 100 31
72 101 32
72 102 24
72 104 29
72 105 25
72 106 59
72 107 60
72 109 27
72 116 42
72 117 82
72 118 38
72 t 85
73 2 27
73 4 89
73 5 17
73 7 15
73 8 92
73 9 14
73 10 59
73 11 45
73 12 30
73 14 89
73 15 36
73 17 39
73 22 53
73 23 85
73 24 17
73 25 72
73 26 81
73 28 75
73 30 34
73 31 80
73 33 14
73 34 30
73 35 65
73 36 30
73 37 43
73 39 68
73 42 51
73 46 77
73 48 41
73 49 77
73 53 45
73 54 49
73 56 30
73 59 40
73 60 37
73 61 85
73 63 89
73 66 67
73 67 46
73 68 63
73 69 76
73 70 70
73 71 56
73 72 61
73 75 80
73 77 44
73 78 16
73 79 52
73 80 47
73 81 54
73 85 76
73 86 59
73 87 48
73 89 68
73 91 30
73 93 29
73 94 38
73 95 73
73 96 64
73 98 91
73 99 60
73 103 24
73 104 22
73 111 24
73 115 14
73 117 35
74 2 54
74 4 31
74 6 44
74 8 82
74 10 67
74 12 47
74 13 68
74 14 19
74 15 63
74 17 37
74 18 34
74 20 39
74 22 29
74 23 58
74 24 52
74 25 83
74 26 24
74 27 67
74 28 74
74 29 16
74 30 36
74 31 26
74 33 58
74 34 83
74 35 55
74 38 42
74 39 76
74 40 81
74 41 53
74 42 78
74 43 85
74 45 36
74 46 66
74 48 57
74 49 72
74 50 33
74 51 30
74 52 93
74 54 13
74 56 56
74 57 66
74 58 63
74 59 28
74 62 13
74 63 53
74 64 69
74 65 48
74 66 31
74 67 46
74 68 87
74 69 48
74 70 46
74 71 35
74 75 47
74 76 73
74 77 45
74 78 26
74 79 71
74 80 72
74 81 75
74 84 83
74 87 36
74 88 69
74 90 84
74 91 88
74 92 55
74 93 90
74 97 42
74 98 64
74 99 50
74 100 63
74 101 92
74 102 25
74 104 48
74 107 25
74 108 60
74 110 31
74 112 32
74 114 16
74 117 47
74 t 67
75 2 78
75 3 49
75 6 74
75 7 37
75 8 47
75 9 39
75 10 75
75 12 32
75 13 15
75 14 88
75 15 22
75 16 51
75 18 26
75 19 28
75 21 77
75 22 22
75 23 13
75 24 83
75 25 68
75 26 51
75 27 29
75 28 51
75 30 33
75 31 31
75 32 47
75 34 34
75 35 37
75 37 75
75 38 91
75 39 33
75 40 32
75 42 92
75 43 34
75 46 52
75 47 60
75 48 26
75 53 44
75 54 51
75 60 65
75 61 62
75 62 32
75 66 43
75 68 72
75 70 57
75 71 61
75 72 55
75 73 80
75 74 47
75 76 76
75 77 36
75 79 79
75 80 39
75 82 45
75 83 64
75 84 55
75 85 18
75 86 18
75 87 14
75 88 43
75 90 38
75 93 87
75 94 87
75 95 18
75 96 44
75 99 86
75 102 56
75 103 77
75 105 21
75 106 69
75 107 47
75 108 81
75 109 63
75 110 33
75 111 31
75 113 18
75 115 75
75 116 16
75 117 48
76 1 64
76 2 31
76 3 24
76 4 72
76 6 54
76 8 83
76 9 80
76 10 84
76 11 91
76 12 52
76 13 51
76 14 67
76 15 66
76 18 37
76 19 61
76 22 38
76 23 23
76 24 28
76 25 63
76 27 23
76 29 92
76 30 21
76 31 31
76 32 60
76 33 47
76 34 40
76 35 92
76 36 82
76 37 88
76 38 91
76 39 83
76 40 20
76 41 82
76 42 52
76 43 75
76 44 23
76 45 65
76 46 14
76 47 65
76 49 77
76 50 50
76 51 25
76 54 35
76 55 91
76 57 58
76 58 83
76 59 87
76 60 45
76 62 45
76 63 53
76 64 90
76 65 77
76 70 71
76 71 36
76 72 17
76 74 73
76 75 76
76 77 81
76 81 91
76 83 86
76 85 91
76 86 29
76 88 70
76 89 92
76 90 53
76 91 75
76 94 23
76 95 77
76 96 65
76 98 58
76 99 89
76 102 90
76 104 48
76 105 13
76 108 76
76 110 50
76 111 27
76 112 90
76 113 36
76 114 65
76 115 66
76 117 67
76 118 28
77 4 33
77 5 63
77 6 55
77 8 76
77 9 34
77 11 84
77 13 37
77 14 48
77 16 63
77 17 40
77 18 88
77 19 78
77 21 75
77 22 18
77 23 61
77 25 31
77 28 86
77 30 41
77 31 72
77 32 32
77 33 81
77 35 35
77 36 24
77 37 56
77 38 38
77 39 64
77 40 25
77 41 47
77 42 47
77 44 13
77 46 26
77 47 55
77 48 61
77 51 25
77 52 86
77 53 33
77 54 46
77 55 49
77 56 16
77 59 65
77 60 14
77 61 40
77 62 70
77 63 82
77 65 60
77 66 30
77 68 70
77 71 68
77 72 23
77 73 44
77 74 45
77 75 36
77 76 81
77 78 55
77 80 36
77 81 24
77 83 15
77 84 39
77 85 55
77 87 69
77 89 77
77 90 76
77 95 53
77 96 47
77 98 56
77 100 54
77 102 82
77 103 62
77 105 49
77 106 83
77 110 81
77 111 84
77 114 78
77 115 81
77 118 64
77 t 38
78 1 47
78 2 74
78 5 30
78 6 56
78 11 23
78 12 92
78 13 87
78 14 42
78 15 56
78 16 64
78 17 32
78 18 62
78 19 47
78 20 13
78 23 18
78 25 58
78 26 53
78 27 42
78 28 24
78 29 68
78 30 67
78 31 36
78 32 76
78 33 74
78 35 32
78 37 42
78 38 53
78 39 67
78 40 53
78 41 63
78 42 15
78 43 20
78 44 78
78 46 67
78 47 44
78 49 37
78 50 71
78 52 43
78 53 69
78 55 54
78 56 67
78 59 47
78 60 27
78 65 66
78 66 71
78 68 76
78 69 38
78 70 79
78 72 39
78 73 16
78 74 26
78 77 55
78 79 25
78 80 67
78 81 71
78 82 76
78 83 19
78 84 31
78 85 18
78 87 53
78 88 29
78 89 79
78 90 67
78 93 21
78 94 24
78 96 82
78 98 57
78 99 61
78 100 59
78 102 71
78 104 40
78 105 61
78 106 20
78 107 66
78 109 20
78 112 75
78 113 36
78 114 39
78 115 65
78 116 82
78 117 24
78 118 48
78 t 76
79 1 19
79 2 17
79 4 55
79 5 82
79 6 86
79 7 47
79 8 22
79 9 50
79 10 25
79 11 55
79 12 46
79 13 22
79 15 29
79 16 42
79 17 68
79 20 54
79 22 29
79 26 31
79 27 37
79 30 29
79 31 80
79 33 82
79 34 57
79 37 48
79 39 89
79 40 70
79 41 20
79 42 44
79 43 85
79 47 21
79 50 63
79 51 55
79 52 69
79 53 39
79 57 56
79 58 78
79 59 73
79 62 87
79 66 70
79 67 61
79 68 85
79 69 81
79 70 59
79 73 52
79 74 71
79 75 79
79 78 25
79 80 74
79 81 73
79 84 66
79 86 88
79 89 60
79 90 27
79 91 55
79 92 18
79 93 64
79 94 66
79 96 20
79 97 78
79 98 42
79 99 26
79 100 69
79 101 28
79 102 53
79 104 62
79 105 80
79 107 75
79 110 91
79 111 74
79 112 15
79 113 67
79 115 29
79 117 69
79 118 61
79 t 71
80 1 59
80 4 45
80 5 92
80 6 72
80 7 49
80 8 39
80 10 48
80 11 14
80 13 28
80 15 28
80 16 73
80 17 15
80 18 43
80 19 60
80 21 36
80 25 74
80 27 38
80 30 29
80 31 92
80 32 41
80 33 70
80 34 50
80 35 81
80 36 17
80 37 34
80 38 58
80 39 78
80 41 37
80 43 36
80 44 93
80 47 74
80 48 29
80 49 40
80 50 91
80 54 17
80 55 76
80 57 83
80 58 77
80 59 70
80 60 42
80 61 66
80 62 75
80 66 51
80 67 72
80 68 14
80 69 37
80 70 87
80 72 17
80 73 47
80 74 72
80 75 39
80 77 36
80 78 67
80 79 74
80 81 54
80 83 67
80 84 19
80 85 48
80 86 39
80 88 43
80 89 92
80 90 32
80 91 57
80 92 47
80 93 46
80 95 59
80 96 54
80 97 54
80 98 91
80 100 69
80 101 47
80 102 18
80 104 48
80 106 87
80 107 21
80 108 78
80 110 81
80 111 39
80 114 92
80 117 83
80 118 74
80 t 58
81 1 21
81 2 65
81 3 88
81 4 92
81 5 84
81 11 26
81 12 29
81 14 69
81 19 83
81 24 14
81 25 54
81 27 61
81 30 82
81 32 65
81 33 43
81 34 35
81 35 68
81 36 20
81 37 65
81 38 79
81 42 28
81 44 30
81 45 67
81 47 16
81 48 74
81 51 40
81 54 34
81 55 75
81 56 49
81 59 71
81 61 86
81 62 87
81 63 46
81 68 89
81 69 30
81 73 54
81 74 75
81 76 91
81 77 24
81 78 71
81 79 73
81 80 54
81 84 79
81 86 76
81 88 64
81 89 52
81 90 44
81 91 69
81 92 85
81 93 71
81 94 85
81 95 14
81 96 88
81 97 60
81 98 40
81 100 66
81 101 86
81 103 13
81 105 46
81 107 15
81 108 93
81 110 43
81 111 52
81 112 59
81 113 13
81 115 15
82 1 90
82 2 74
82 3 81
82 5 79
82 6 66
82 7 68
82 9 75
82 10 64
82 12 17
82 13 81
82 16 57
82 18 63
82 19 42
82 20 28
82 21 80
82 23 37
82 25 45
82 29 70
82 30 21
82 33 52
82 34 88
82 35 86
82 36 26
82 38 24
82 39 25
82 40 74
82 41 27
82 42 73
82 43 13
82 44 81
82 47 85
82 48 50
82 49 31
82 50 53
82 51 67
82 52 39
82 53 68
82 54 70
82 55 32
82 57 37
82 59 15
82 60 35
82 61 25
82 64 84
82 65 92
82 66 56
82 67 54
82 68 93
82 71 61
82 72 32
82 75 45
82 78 76
82 83 45
82 84 78
82 85 29
82 87 22
82 88 39
82 89 24
82 90 46
82 93 47
82 94 93
82 95 24
82 97 44
82 98 16
82 101 55
82 103 76
82 104 66
82 105 19
82 106 87
82 107 70
82 108 74
82 109 18
82 111 16
82 114 20
82 115 25
82 116 54
83 2 69
83 3 41
83 6 88
83 7 88
83 8 59
83 10 66
83 11 32
83 12 55
83 16 40
83 17 92
83 18 79
83 19 58
83 20 40
83 21 90
83 22 58
83 23 89
83 24 81
83 25 51
83 27 92
83 28 60
83 29 82
83 31 51
83 33 87
83 34 91
83 35 90
83 37 89
83 38 51
83 39 16
83 40 59
83 42 87
83 43 83
83 44 86
83 45 86
83 47 77
83 48 30
83 49 70
83 50 42
83 51 67
83 52 21
83 53 32
83 56 56
83 57 84
83 58 36
83 59 59
83 61 17
83 62 64
83 63 65
83 65 64
83 67 75
83 68 29
83 69 16
83 70 65
83 71 34
83 72 34
83 75 64
83 76 86
83 77 15
83 78 19
83 80 67
83 82 45
83 86 21
83 87 13
83 88 47
83 90 63
83 91 30
83 92 21
83 93 80
83 95 14
83 96 58
83 97 49
83 98 44
83 100 23
83 101 36
83 104 24
83 106 37
83 107 56
83 108 58
83 110 17
83 111 68
83 112 32
83 114 61
83 115 68
83 116 59
83 117 24
83 118 34
84 1 38
84 2 20
84 3 81
84 4 51
84 5 86
84 6 85
84 7 27
84 9 51
84 10 35
84 11 68
84 12 54
84 15 72
84 17 13
84 19 27
84 21 67
84 22 43
84 23 78
84 24 83
84 25 65
84 26 47
84 27 63
84 28 30
84 30 40
84 33 88
84 35 58
84 36 57
84 37 31
84 42 64
84 44 28
84 47 27
84 49 72
84 50 92
84 51 39
84 52 89
84 53 47
84 54 41
84 55 32
84 56 75
84 57 60
84 58 76
84 59 62
84 61 35
84 62 17
84 64 24
84 66 58
84 67 16
84 68 80
84 70 28
84 74 83
84 75 55
84 77 39
84 78 31
84 79 66
84 80 19
84 81 79
84 82 78
84 85 93
84 87 31
84 90 53
84 91 67
84 92 52
84 94 18
84 100 84
84 101 17
84 102 93
84 103 89
84 104 90
84 105 24
84 106 50
84 107 27
84 108 33
84 110 19
84 111 50
84 112 85
84 113 37
84 114 14
84 115 35
84 116 66
85 1 31
85 2 68
85 3 68
85 4 24
85 6 28
85 8 34
85 11 56
85 13 33
85 14 58
85 15 71
85 16 22
85 17 58
85 20 80
85 23 57
85 24 24
85 25 51
85 26 46
85 27 66
85 28 66
85 30 89
85 31 27
85 32 42
85 34 20
85 36 70
85 37 56
85 39 21
85 40 16
85 43 37
85 50 50
85 53 24
85 54 67
85 56 29
85 57 21
85 59 78
85 62 37
85 64 64
85 66 60
85 67 42
85 68 82
85 72 57
85 73 76
85 75 18
85 76 91
85 77 55
85 78 18
85 80 48
85 82 29
85 84 93
85 86 85
85 87 84
85 91 22
85 92 66
85 93 84
85 94 74
85 96 44
85 98 86
85 101 54
85 103 13
85 104 52
85 105 14
85 107 54
85 108 19
85 110 23
85 112 27
85 113 52
85 114 86
85 115 30
85 116 30
85 118 67
86 1 33
86 2 93
86 3 90
86 4 27
86 5 84
86 7 74
86 8 80
86 9 16
86 11 50
86 12 81
86 13 54
86 14 49
86 16 29
86 17 73
86 18 84
86 19 81
86 22 39
86 23 32
86 24 90
86 26 36
86 28 33
86 30 55
86 31 71
86 33 86
86 34 62
86 37 82
86 38 45
86 40 89
86 41 81
86 44 61
86 45 31
86 46 56
86 48 92
86 49 17
86 50 64
86 52 33
86 54 64
86 55 77
86 56 25
86 57 39
86 60 87
86 61 33
86 64 75
86 65 46
86 71 39
86 72 34
86 73 59
86 75 18
86 76 29
86 79 88
86 80 39
86 81 76
86 83 21
86 85 85
86 87 83
86 88 56
86 89 68
86 91 13
86 92 60
86 94 52
86 95 50
86 97 65
86 99 70
86 100 90
86 101 17
86 102 63
86 103 48
86 104 52
86 106 60
86 107 56
86 108 91
86 109 41
86 110 27
86 111 25
86 114 32
86 115 76
86 116 38
86 117 36
86 118 27
86 t 48
87 1 39
87 2 39
87 9 71
87 10 74
87 11 52
87 14 17
87 16 41
87 17 18
87 20 24
87 21 60
87 22 78
87 24 54
87 25 53
87 30 76
87 31 60
87 32 69
87 33 21
87 35 50
87 36 40
87 37 66
87 38 44
87 41 47
87 42 89
87 43 63
87 44 21
87 46 15
87 47 89
87 49 17
87 50 46
87 52 81
87 55 80
87 57 67
87 58 69
87 60 93
87 62 49
87 64 62
87 65 19
87 66 90
87 68 62
87 69 34
87 70 75
87 73 48
87 74 36
87 75 14
87 77 69
87 78 53
87 82 22
87 83 13
87 84 31
87 85 84
87 86 83
87 88 71
87 90 78
87 91 91
87 92 83
87 93 73
87 94 70
87 95 71
87 96 17
87 97 41
87 98 89
87 99 13
87 100 53
87 101 46
87 102 28
87 103 61
87 106 35
87 107 55
87 108 74
87 109 50
87 110 63
87 111 45
87 115 24
87 117 76
87 118 92
87 t 62
88 1 56
88 2 54
88 3 17
88 5 16
88 6 36
88 8 81
88 13 74
88 14 74
88 15 63
88 18 72
88 20 31
88 24 40
88 25 71
88 27 13
88 29 67
88 30 16
88 33 20
88 34 50
88 35 78
88 37 78
88 38 78
88 40 15
88 42 61
88 43 54
88 44 27
88 47 79
88 48 81
88 50 71
88 51 82
88 52 76
88 54 37
88 55 22
88 57 77
88 59 68
88 60 41
88 61 70
88 62 29
88 64 89
88 65 88
88 66 58
88 67 82
88 69 38
88 70 44
88 71 72
88 72 86
88 74 69
88 75 43
88 76 70
88 78 29
88 80 43
88 81 64
88 82 39
88 83 47
88 86 56
88 87 71
88 89 35
88 90 14
88 92 17
88 93 33
88 95 34
88 97 51
88 98 18
88 100 77
88 101 18
88 102 36
88 103 22
88 105 82
88 106 70
88 108 69
88 109 24
88 110 40
88 112 40
88 113 33
88 114 25
88 116 82
89 2 18
89 3 49
89 4 27
89 5 83
89 6 41
89 9 82
89 10 65
89 11 56
89 14 25
89 15 37
89 16 54
89 17 62
89 18 66
89 19 16
89 21 44
89 22 29
89 23 33
89 24 61
89 25 46
89 26 89
89 28 27
89 31 41
89 32 22
89 35 25
89 36 36
89 38 72
89 39 60
89 40 65
89 41 62
89 42 25
89 45 64
89 47 71
89 48 91
89 49 62
89 52 49
89 53 31
89 57 48
89 58 67
89 60 64
89 61 42
89 63 25
89 65 68
89 67 25
89 68 65
89 69 17
89 70 22
89 73 68
89 76 92
89 77 77
89 78 79
89 79 60
89 80 92
89 81 52
89 82 24
89 86 68
89 88 35
89 90 22
89 92 50
89 94 46
89 95 58
89 98 19
89 99 57
89 100 74
89 101 78
89 102 24
89 104 70
89 105 69
89 106 24
89 108 71
89 109 17
89 110 78
89 111 84
89 112 29
89 113 52
89 114 22
89 116 25
89 117 58
89 118 66
89 t 41
90 2 72
90 3 55
90 4 82
90 6 32
90 8 90
90 10 56
90 12 54
90 14 92
90 15 17
90 16 58
90 18 81
90 19 15
90 20 18
90 21 53
90 23 58
90 24 25
90 27 41
90 30 73
90 32 25
90 33 14
90 34 25
90 37 73
90 39 37
90 41 15
90 44 68
90 46 60
90 48 48
90 49 32
90 51 93
90 54 36
90 55 80
90 57 35
90 58 75
90 60 42
90 61 14
90 62 14
90 63 25
90 66 31
90 69 73
90 74 84
90 75 38
90 76 53
90 77 76
90 78 67
90 79 27
90 80 32
90 81 44
90 82 46
90 83 63
90 84 53
90 87 78
90 88 14
90 89 22
90 91 44
90 92 28
90 93 13
90 94 47
90 95 76
90 96 48
90 97 34
90 98 19
90 101 26
90 103 76
90 104 32
90 105 53
90 106 61
90 107 35
90 108 17
90 111 80
90 113 88
90 114 71
90 118 89
91 1 76
91 2 81
91 3 47
91 5 49
91 6 76
91 7 68
91 9 63
91 10 64
91 11 20
91 12 36
91 14 80
91 16 59
91 17 65
91 23 68
91 25 39
91 26 39
91 27 16
91 29 48
91 30 14
91 32 81
91 34 82
91 35 62
91 36 15
91 38 75
91 40 81
91 41 13
91 43 38
91 44 69
91 46 79
91 47 16
91 48 81
91 49 22
91 50 80
91 51 26
91 52 92
91 55 25
91 56 29
91 58 70
91 59 16
91 60 43
91 61 56
91 62 78
91 65 50
91 67 92
91 68 59
91 69 32
91 70 63
91 72 58
91 73 30
91 74 88
91 76 75
91 79 55
91 80 57
91 81 69
91 83 30
91 84 67
91 85 22
91 86 13
91 87 91
91 90 44
91 92 32
91 93 73
91 97 90
91 98 47
91 99 76
91 100 85
91 101 87
91 102 70
91 103 35
91 104 86
91 106 85
91 107 18
91 108 51
91 109 63
91 110 41
91 111 40
91 112 53
91 113 65
91 114 73
91 117 34
91 118 59
91 t 40
92 1 61
92 4 56
92 5 47
92 6 68
92 9 59
92 11 89
92 14 13
92 16 32
92 18 22
92 19 56
92 20 43
92 21 14
92 22 65
92 23 46
92 24 76
92 25 41
92 28 46
92 30 71
92 31 53
92 32 25
92 33 36
92 35 66
92 37 79
92 39 61
92 40 92
92 43 31
92 44 43
92 45 85
92 46 55
92 48 87
92 49 35
92 50 54
92 51 73
92 53 33
92 54 35
92 55 23
92 57 66
92 58 40
92 59 18
92 61 29
92 65 80
92 66 19
92 68 57
92 69 32
92 71 64
92 72 32
92 74 55
92 79 18
92 80 47
92 81 85
92 83 21
92 84 52
92 85 66
92 86 60
92 87 83
92 88 17
92 89 50
92 90 28
92 91 32
92 94 57
92 95 58
92 98 31
92 102 26
92 105 18
92 106 82
92 107 38
92 108 64
92 109 63
92 110 76
92 111 37
92 116 36
92 t 36
93 2 46
93 4 64
93 6 31
93 8 27
93 9 80
93 10 83
93 11 33
93 12 27
93 16 40
93 17 52
93 19 54
93 20 13
93 21 20
93 22 89
93 25 41
93 26 40
93 27 49
93 31 15
93 33 49
93 34 83
93 35 30
93 36 61
93 38 44
93 39 13
93 40 46
93 45 28
93 46 55
93 47 66
93 49 26
93 50 71
93 51 15
93 52 81
93 53 64
93 54 82
93 55 70
93 56 43
93 57 75
93 58 78
93 63 63
93 65 23
93 66 75
93 70 46
93 72 25
93 73 29
93 74 90
93 75 87
93 78 21
93 79 64
93 80 46
93 81 71
93 82 47
93 83 80
93 85 84
93 87 73
93 88 33
93 90 13
93 91 73
93 94 48
93 96 65
93 97 38
93 98 47
93 99 90
93 102 82
93 104 21
93 105 48
93 108 69
93 114 90
93 115 18
93 116 92
93 117 77
93 118 81
93 t 71
94 2 90
94 4 18
94 5 88
94 6 67
94 8 56
94 9 54
94 10 16
94 11 24
94 13 59
94 14 48
94 15 90
94 16 59
94 17 91
94 18 84
94 19 46
94 20 29
94 23 71
94 24 48
94 26 62
94 27 76
94 28 45
94 30 91
94 31 75
94 33 28
94 34 32
94 35 53
94 36 69
94 37 57
94 38 24
94 39 15
94 40 57
94 41 62
94 42 47
94 45 77
94 46 45
94 47 63
94 48 42
94 49 43
94 50 53
94 51 32
94 53 92
94 54 20
94 55 57
94 56 81
94 58 16
94 59 29
94 60 60
94 61 38
94 62 67
94 66 82
94 67 86
94 70 22
94 71 83
94 72 22
94 73 38
94 75 87
94 76 23
94 78 24
94 79 66
94 81 85
94 82 93
94 84 18
94 85 74
94 86 52
94 87 70
94 89 46
94 90 47
94 92 57
94 93 48
94 95 53
94 96 63
94 98 89
94 99 84
94 100 88
94 101 93
94 103 64
94 104 93
94 106 68
94 107 31
94 109 93
94 110 53
94 111 90
94 113 45
94 114 86
94 115 46
94 116 35
94 117 90
94 118 32
95 1 41
95 2 90
95 3 49
95 4 34
95 5 53
95 6 14
95 8 63
95 9 86
95 10 77
95 12 83
95 13 14
95 15 82
95 16 26
95 17 22
95 18 86
95 20 34
95 22 59
95 24 80
95 25 84
95 27 48
95 28 92
95 31 73
95 33 16
95 34 15
95 35 84
95 37 27
95 40 60
95 41 13
95 42 50
95 43 68
95 45 68
95 46 28
95 48 70
95 49 25
95 50 88
95 51 69
95 53 85
95 54 82
95 56 65
95 57 69
95 58 82
95 59 84
95 60 13
95 62 26
95 63 37
95 65 53
95 67 82
95 69 70
95 71 88
95 72 38
95 73 73
95 75 18
95 76 77
95 77 53
95 80 59
95 81 14
95 82 24
95 83 14
95 86 50
95 87 71
95 88 34
95 89 58
95 90 76
95 92 58
95 94 53
95 96 52
95 98 50
95 99 90
95 100 27
95 103 16
95 104 44
95 106 83
95 108 63
95 111 14
95 113 48
95 114 50
95 115 56
95 116 53
95 117 56
95 118 88
96 3 15
96 4 84
96 5 54
96 6 63
96 7 87
96 8 77
96 12 63
96 13 65
96 14 58
96 15 85
96 18 47
96 20 80
96 21 33
96 22 74
96 24 82
96 25 80
96 26 57
96 28 92
96 29 19
96 31 41
96 33 22
96 35 21
96 36 58
96 38 15
96 39 51
96 41 54
96 45 33
96 46 39
96 47 18
96 48 70
96 49 80
96 50 85
96 51 88
96 52 30
96 53 73
96 54 74
96 56 49
96 58 48
96 60 64
96 61 20
96 64 14
96 65 77
96 66 75
96 67 48
96 68 82
96 70 74
96 72 26
96 73 64
96 75 44
96 76 65
96 77 47
96 78 82
96 79 20
96 80 54
96 81 88
96 83 58
96 85 44
96 87 17
96 90 48
96 93 65
96 94 63
96 95 52
96 97 20
96 98 45
96 99 93
96 100 71
96 102 68
96 104 87
96 106 71
96 107 92
96 109 15
96 112 59
96 113 58
96 114 75
96 115 69
96 116 70
96 117 74
96 118 40
96 t 66
97 1 75
97 2 77
97 3 69
97 5 44
97 7 67
97 8 55
97 9 56
97 10 58
97 13 68
97 14 36
97 16 68
97 17 16
97 18 73
97 19 28
97 20 30
97 21 28
97 23 62
97 24 60
97 25 32
97 26 86
97 28 32
97 29 70
97 30 49
97 31 85
97 32 86
97 33 92
97 34 30
97 35 41
97 36 52
97 38 92
97 40 66
97 41 18
97 42 44
97 43 85
97 44 41
97 45 13
97 47 27
97 48 79
97 49 43
97 50 66
97 52 39
97 54 30
97 55 62
97 56 84
97 60 19
97 63 20
97 64 19
97 67 34
97 69 89
97 70 44
97 71 78
97 72 32
97 74 42
97 79 78
97 80 54
97 81 60
97 82 44
97 83 49
97 86 65
97 87 41
97 88 51
97 90 34
97 91 90
97 93 38
97 96 20
97 98 50
97 100 56
97 101 86
97 102 93
97 103 37
97 104 42
97 105 14
97 108 41
97 110 80
97 111 57
97 112 72
97 113 28
97 114 79
97 115 61
97 116 70
97 117 54
98 2 48
98 3 68
98 4 39
98 5 47
98 6 36
98 9 31
98 11 13
98 12 91
98 13 91
98 14 37
98 15 37
98 16 47
98 17 68
98 18 86
98 20 89
98 22 49
98 23 19
98 26 41
98 27 58
98 30 38
98 32 91
98 33 48
98 34 49
98 36 47
98 38 46
98 40 67
98 41 58
98 43 30
98 47 23
98 48 66
98 49 71
98 52 30
98 53 23
98 56 40
98 57 79
98 59 67
98 60 38
98 61 18
98 63 46
98 64 47
98 66 24
98 67 39
98 69 38
98 71 88
98 73 91
98 74 64
98 76 58
98 77 56
98 78 57
98 79 42
98 80 91
98 81 40
98 82 16
98 83 44
98 85 86
98 87 89
98 88 18
98 89 19
98 90 19
98 91 47
98 92 31
98 93 47
98 94 89
98 95 50
98 96 45
98 97 50
98 99 61
98 100 24
98 101 51
98 102 50
98 104 67
98 105 73
98 106 58
98 107 54
98 108 85
98 109 78
98 110 27
98 113 47
98 114 66
98 115 35
98 116 53
98 117 73
99 2 25
99 5 28
99 6 66
99 7 86
99 8 52
99 9 75
99 10 48
99 14 23
99 15 13
99 16 29
99 18 85
99 19 62
99 23 18
99 24 76
99 25 65
99 26 41
99 27 73
99 28 20
99 31 92
99 32 84
99 33 55
99 34 45
99 35 41
99 41 62
99 42 24
99 44 29
99 45 21
99 47 52
99 49 78
99 51 14
99 52 59
99 54 14
99 56 69
99 57 78
99 58 52
99 59 63
99 61 13
99 62 14
99 65 23
99 66 89
99 67 42
99 68 28
99 70 31
99 71 29
99 72 66
99 73 60
99 74 50
99 75 86
99 76 89
99 78 61
99 79 26
99 86 70
99 87 13
99 89 57
99 91 76
99 93 90
99 94 84
99 95 90
99 96 93
99 98 61
99 100 47
99 101 45
99 102 61
99 104 45
99 106 15
99 108 73
99 109 22
99 111 35
99 112 45
99 114 89
99 116 51
99 117 90
99 118 40
100 1 53
100 3 36
100 6 74
100 7 55
100 10 26
100 11 51
100 12 87
100 13 46
100 14 15
100 15 82
100 17 45
100 18 44
100 19 58
100 22 45
100 23 55
100 25 54
100 27 82
100 31 24
100 34 86
100 35 49
100 37 24
100 39 27
100 40 20
100 42 51
100 43 23
100 44 84
100 46 79
100 47 19
100 49 80
100 50 85
100 51 47
100 52 14
100 53 30
100 54 40
100 57 16
100 58 34
100 60 64
100 61 46
100 62 47
100 63 26
100 65 16
100 66 93
100 67 27
100 68 20
100 69 15
100 70 28
100 71 80
100 72 31
100 74 63
100 77 54
100 78 59
100 79 69
100 80 69
100 81 66
100 83 23
100 84 84
100 86 90
100 87 53
100 88 77
100 89 74
100 91 85
100 94 88
100 95 27
100 96 71
100 97 56
100 98 24
100 99 47
100 101 25
100 102 66
100 103 25
100 105 65
100 106 91
100 109 56
100 110 66
100 111 89
100 114 53
100 115 47
100 116 60
100 118 82
101 2 59
101 3 39
101 4 20
101 5 28
101 6 48
101 7 61
101 9 20
101 10 50
101 11 91
101 12 87
101 13 18
101 15 93
101 17 43
101 19 17
101 20 91
101 21 28
101 22 67
101 23 19
101 24 54
101 27 79
101 28 58
101 29 47
101 30 82
101 31 43
101 32 50
101 33 75
101 34 86
101 35 20
101 38 73
101 40 73
101 42 35
101 44 17
101 45 50
101 46 69
101 48 21
101 52 43
101 54 36
101 56 80
101 57 37
101 58 43
101 62 26
101 64 45
101 65 71
101 66 93
101 67 14
101 68 90
101 72 32
101 74 92
101 79 28
101 80 47
101 81 86
101 82 55
101 83 36
101 84 17
101 85 54
101 86 17
101 87 46
101 88 18
101 89 78
101 90 26
101 91 87
101 94 93
101 97 86
101 98 51
101 99 45
101 100 25
101 102 21
101 103 81
101 104 21
101 105 24
101 106 35
101 107 79
101 108 80
101 109 85
101 111 70
101 112 39
101 116 62
101 117 67
101 118 58
101 t 36
102 1 43
102 2 18
102 4 69
102 8 82
102 10 85
102 11 58
102 12 79
102 13 50
102 16 70
102 17 49
102 18 84
102 20 29
102 21 86
102 22 89
102 24 17
102 26 66
102 27 39
102 29 38
102 31 31
102 32 63
102 33 62
102 34 18
102 36 25
102 37 32
102 38 82
102 39 24
102 40 13
102 42 58
102 43 83
102 44 84
102 45 84
102 47 40
102 49 63
102 50 26
102 51 67
102 53 51
102 55 13
102 56 28
102 57 23
102 58 76
102 60 23
102 61 47
102 62 85
102 64 32
102 65 89
102 67 45
102 68 23
102 69 61
102 70 46
102 71 84
102 72 24
102 74 25
102 75 56
102 76 90
102 77 82
102 78 71
102 79 53
102 80 18
102 84 93
102 86 63
102 87 28
102 88 36
102 89 24
102 91 70
102 92 26
102 93 82
102 96 68
102 97 93
102 98 50
102 99 61
102 100 66
102 101 21
102 103 36
102 104 90
102 105 72
102 106 40
102 107 69
102 109 71
102 111 66
102 114 90
102 116 62
102 117 15
103 1 77
103 3 43
103 5 93
103 6 16
103 7 39
103 9 65
103 11 65
103 13 85
103 14 27
103 18 55
103 19 25
103 21 27
103 22 64
103 23 50
103 24 89
103 27 13
103 28 84
103 29 69
103 31 67
103 33 55
103 34 44
103 35 75
103 36 22
103 37 38
103 39 66
103 40 27
103 42 51
103 44 72
103 45 77
103 46 74
103 47 91
103 48 42
103 50 48
103 51 19
103 52 42
103 53 86
103 54 55
103 55 54
103 56 35
103 57 59
103 60 79
103 62 33
103 64 14
103 65 29
103 66 69
103 68 16
103 69 49
103 71 21
103 73 24
103 75 77
103 77 62
103 81 13
103 82 76
103 84 89
103 85 13
103 86 48
103 87 61
103 88 22
103 90 76
103 91 35
103 94 64
103 95 16
103 97 37
103 100 25
103 101 81
103 102 36
103 105 55
103 106 52
103 107 78
103 108 62
103 110 18
103 113 54
103 114 84
103 115 29
103 116 73
103 117 68
103 t 71
104 1 69
104 2 66
104 3 18
104 4 15
104 5 62
104 6 67
104 7 74
104 8 21
104 9 92
104 10 77
104 11 15
104 12 53
104 13 44
104 14 54
104 15 51
104 17 82
104 18 57
104 19 49
104 20 23
104 22 83
104 23 28
104 24 22
104 25 70
104 27 37
104 30 53
104 31 83
104 33 80
104 34 57
104 35 88
104 36 32
104 39 89
104 41 59
104 42 16
104 44 60
104 45 86
104 46 74
104 47 22
104 48 35
104 49 22
104 50 36
104 51 42
104 52 43
104 53 19
104 54 65
104 55 33
104 56 37
104 58 14
104 59 71
104 60 76
104 61 72
104 62 41
104 63 78
104 64 75
104 65 71
104 66 88
104 67 62
104 68 28
104 69 81
104 72 29
104 73 22
104 74 48
104 76 48
104 78 40
104 79 62
104 80 48
104 82 66
104 83 24
104 84 90
104 85 52
104 86 52
104 89 70
104 90 32
104 91 86
104 93 21
104 94 93
104 95 44
104 96 87
104 97 42
104 98 67
104 99 45
104 101 21
104 102 90
104 107 51
104 108 20
104 109 75
104 110 56
104 111 31
104 112 84
104 113 15
104 114 73
104 116 61
104 117 64
104 t 49
105 1 64
105 3 54
105 4 53
105 5 21
105 6 82
105 7 77
105 8 37
105 9 88
105 11 42
105 12 73
105 13 52
105 14 38
105 18 73
105 20 49
105 22 14
105 23 91
105 25 29
105 26 77
105 27 80
105 28 84
105 30 84
105 31 85
105 32 77
105 34 36
105 36 75
105 38 53
105 39 38
105 41 26
105 42 83
105 45 51
105 46 59
105 47 16
105 50 51
105 52 53
105 53 87
105 58 92
105 59 47
105 60 27
105 61 73
105 62 50
105 63 69
105 64 13
105 65 63
105 66 78
105 69 43
105 70 18
105 72 25
105 75 21
105 76 13
105 77 49
105 78 61
105 79 80
105 81 46
105 82 19
105 84 24
105 85 14
105 88 82
105 89 69
105 90 53
105 92 18
105 93 48
105 97 14
105 98 73
105 100 65
105 101 24
105 102 72
105 103 55
105 106 72
105 109 47
105 111 35
105 112 54
105 113 93
105 114 84
105 116 56
105 118 86
105 t 26
106 2 34
106 3 60
106 5 44
106 6 88
106 7 55
106 9 66
106 11 48
106 12 60
106 14 21
106 17 56
106 18 93
106 19 45
106 20 27
106 21 70
106 22 50
106 23 40
106 24 60
106 25 66
106 26 66
106 27 82
106 28 27
106 29 82
106 32 65
106 34 36
106 35 79
106 37 33
106 38 86
106 39 55
106 41 80
106 42 71
106 43 15
106 44 68
106 46 63
106 48 64
106 49 27
106 50 65
106 51 15
106 52 22
106 53 40
106 54 58
106 55 64
106 57 73
106 60 16
106 62 46
106 63 83
106 66 29
106 68 77
106 69 30
106 70 92
106 72 59
106 75 69
106 77 83
106 78 20
106 80 87
106 82 87
106 83 37
106 84 50
106 86 60
106 87 35
106 88 70
106 89 24
106 90 61
106 91 85
106 92 82
106 94 68
106 95 83
106 96 71
106 98 58
106 99 15
106 100 91
106 101 35
106 102 40
106 103 52
106 105 72
106 108 39
106 109 47
106 110 17
106 111 36
106 113 13
106 114 87
106 116 50
106 117 17
106 118 41
106 t 39
107 1 58
107 3 46
107 4 74
107 6 81
107 7 17
107 8 71
107 10 77
107 11 93
107 12 93
107 14 64
107 16 37
107 18 54
107 19 25
107 20 73
107 21 65
107 22 62
107 23 73
107 25 86
107 28 62
107 29 62
107 30 62
107 32 62
107 33 45
107 34 45
107 35 38
107 36 60
107 37 79
107 39 43
107 41 49
107 42 21
107 45 53
107 46 46
107 47 63
107 49 77
107 50 51
107 51 73
107 52 72
107 54 56
107 55 55
107 56 20
107 57 74
107 58 38
107 59 60
107 61 17
107 63 35
107 64 51
107 65 30
107 67 85
107 68 45
107 70 22
107 71 85
107 72 60
107 74 25
107 75 47
107 78 66
107 79 75
107 80 21
107 81 15
107 82 70
107 83 56
107 84 27
107 85 54
107 86 56
107 87 55
107 90 35
107 91 18
107 92 38
107 94 31
107 96 92
107 98 54
107 101 79
107 102 69
107 103 78
107 104 51
107 109 49
107 110 92
107 111 22
107 112 43
107 113 60
107 114 81
107 116 65
107 117 89
108 6 77
108 10 75
108 12 75
108 13 36
108 14 66
108 15 40
108 16 81
108 17 33
108 19 37
108 22 33
108 23 39
108 24 68
108 26 15
108 27 59
108 28 77
108 30 33
108 32 20
108 34 29
108 36 27
108 37 64
108 41 62
108 44 58
108 45 31
108 46 31
108 47 52
108 48 89
108 50 34
108 51 78
108 53 89
108 54 93
108 60 66
108 61 61
108 62 73
108 63 43
108 64 30
108 66 74
108 67 81
108 68 62
108 70 49
108 71 85
108 74 60
108 75 81
108 76 76
108 80 78
108 81 93
108 82 74
108 83 58
108 84 33
108 85 19
108 86 91
108 87 74
108 88 69
108 89 71
108 90 17
108 91 51
108 92 64
108 93 69
108 95 63
108 97 41
108 98 85
108 99 73
108 101 80
108 103 62
108 104 20
108 106 39
108 109 72
108 110 25
108 111 61
108 112 70
108 113 44
108 114 15
108 118 54
108 t 40
109 1 49
109 2 21
109 4 76
109 5 13
109 6 16
109 8 62
109 11 25
109 13 21
109 14 82
109 15 73
109 17 89
109 19 45
109 20 41
109 21 81
109 23 21
109 24 34
109 25 42
109 26 17
109 27 29
109 29 72
109 30 24
109 35 45
109 36 51
109 37 83
109 38 29
109 44 66
109 45 72
109 46 84
109 47 45
109 49 36
109 50 65
109 53 39
109 54 25
109 56 47
109 57 55
109 58 49
109 59 83
109 60 30
109 61 31
109 63 74
109 64 87
109 66 84
109 67 34
109 68 80
109 70 86
109 71 89
109 72 27
109 75 63
109 78 20
109 82 18
109 86 41
109 87 50
109 88 24
109 89 17
109 91 63
109 92 63
109 94 93
109 96 15
109 98 78
109 99 22
109 100 56
109 101 85
109 102 71
109 104 75
109 105 47
109 106 47
109 107 49
109 108 72
109 111 37
109 112 24
109 113 30
109 114 61
109 115 76
109 116 23
109 117 81
109 118 62
109 t 88
110 1 52
110 2 28
110 4 38
110 6 88
110 8 77
110 9 40
110 11 85
110 13 26
110 14 47
110 15 54
110 17 90
110 18 28
110 22 44
110 25 42
110 26 27
110 27 62
110 28 61
110 31 81
110 32 43
110 33 13
110 35 50
110 36 40
110 38 18
110 39 83
110 41 20
110 44 65
110 45 79
110 46 54
110 50 34
110 52 93
110 54 48
110 55 16
110 56 69
110 57 58
110 58 93
110 59 84
110 60 87
110 61 13
110 62 53
110 63 28
110 66 14
110 67 91
110 68 26
110 69 33
110 70 47
110 74 31
110 75 33
110 76 50
110 77 81
110 79 91
110 80 81
110 81 43
110 83 17
110 84 19
110 85 23
110 86 27
110 87 63
110 88 40
110 89 78
110 91 41
110 92 76
110 94 53
110 97 80
110 98 27
110 100 66
110 103 18
110 104 56
110 106 17
110 107 92
110 108 25
110 111 61
110 112 15
110 114 59
110 116 42
110 118 39
110 t 44
111 1 13
111 3 67
111 6 86
111 7 61
111 10 53
111 11 75
111 12 61
111 13 59
111 15 51
111 16 44
111 17 26
111 18 66
111 24 89
111 25 58
111 26 58
111 28 15
111 29 52
111 30 66
111 32 68
111 34 35
111 35 34
111 37 49
111 39 76
111 40 16
111 41 26
111 44 48
111 45 63
111 46 43
111 47 30
111 50 20
111 52 25
111 53 69
111 55 84
111 56 82
111 57 55
111 58 23
111 61 15
111 62 90
111 63 62
111 64 72
111 65 74
111 67 87
111 68 72
111 69 46
111 70 71
111 73 24
111 75 31
111 76 27
111 77 84
111 79 74
111 80 39
111 81 52
111 82 16
111 83 68
111 84 50
111 86 25
111 87 45
111 89 84
111 90 80
111 91 40
111 92 37
111 94 90
111 95 14
111 97 57
111 99 35
111 100 89
111 101 70
111 102 66
111 104 31
111 105 35
111 106 36
111 107 22
111 108 61
111 109 37
111 110 61
111 113 36
111 114 32
111 117 60
111 118 77
111 t 16
112 2 62
112 4 57
112 5 40
112 6 29
112 8 74
112 11 81
112 12 84
112 13 71
112 14 73
112 15 33
112 17 48
112 18 83
112 20 37
112 21 63
112 23 61
112 25 47
112 26 89
112 28 63
112 29 48
112 30 86
112 31 82
112 32 87
112 33 55
112 35 48
112 36 55
112 38 52
112 39 30
112 40 24
112 41 19
112 43 60
112 44 80
112 45 64
112 46 93
112 47 24
112 51 20
112 52 71
112 53 71
112 55 63
112 56 60
112 57 77
112 58 18
112 59 32
112 61 31
112 62 86
112 63 42
112 64 65
112 65 20
112 67 24
112 68 13
112 69 48
112 70 81
112 71 63
112 74 32
112 76 90
112 78 75
112 79 15
112 81 59
112 83 32
112 84 85
112 85 27
112 88 40
112 89 29
112 91 53
112 96 59
112 97 72
112 99 45
112 101 39
112 104 84
112 105 54
112 107 43
112 108 70
112 109 24
112 110 15
112 115 90
112 118 81
112 t 41
113 1 72
113 2 91
113 4 52
113 5 38
113 6 30
113 7 74
113 8 78
113 9 49
113 10 16
113 12 56
113 13 54
113 16 22
113 17 93
113 20 34
113 21 18
113 22 74
113 23 30
113 24 51
113 26 64
113 27 28
113 28 33
113 30 53
113 31 37
113 32 37
113 33 54
113 34 57
113 36 44
113 38 75
113 39 21
113 40 45
113 41 69
113 42 16
113 43 62
113 44 13
113 45 58
113 46 80
113 47 25
113 49 19
113 50 18
113 52 65
113 53 60
113 55 93
113 56 29
113 57 40
113 58 90
113 59 34
113 61 75
113 62 83
113 63 82
113 65 48
113 67 77
113 68 18
113 70 46
113 71 53
113 75 18
113 76 36
113 78 36
113 79 67
113 81 13
113 84 37
113 85 52
113 88 33
113 89 52
113 90 88
113 91 65
113 94 45
113 95 48
113 96 58
113 97 28
113 98 47
113 103 54
113 104 15
113 105 93
113 106 13
113 107 60
113 108 44
113 109 30
113 111 36
113 114 36
113 115 73
113 116 91
113 117 36
113 118 43
114 2 50
114 3 47
114 4 28
114 5 64
114 6 26
114 7 78
114 8 64
114 9 60
114 12 35
114 14 40
114 15 16
114 18 69
114 19 42
114 21 62
114 25 20
114 27 49
114 29 65
114 30 90
114 31 27
114 34 14
114 35 85
114 36 32
114 37 73
114 38 64
114 39 36
114 40 14
114 41 90
114 43 17
114 44 46
114 45 34
114 50 65
114 51 16
114 52 55
114 53 91
114 54 47
114 55 77
114 56 89
114 57 86
114 58 51
114 60 75
114 61 74
114 63 14
114 64 41
114 65 20
114 67 14
114 68 61
114 69 51
114 71 32
114 74 16
114 76 65
114 77 78
114 78 39
114 80 92
114 82 20
114 83 61
114 84 14
114 85 86
114 86 32
114 88 25
114 89 22
114 90 71
114 91 73
114 93 90
114 94 86
114 95 50
114 96 75
114 97 79
114 98 66
114 99 89
114 100 53
114 102 90
114 103 84
114 104 73
114 105 84
114 106 87
114 107 81
114 108 15
114 109 61
114 110 59
114 111 32
114 113 36
114 115 35
114 116 54
114 117 26
114 118 57
115 3 85
115 4 33
115 7 63
115 8 72
115 9 86
115 10 56
115 11 26
115 12 69
115 15 92
115 16 72
115 17 40
115 18 32
115 19 70
115 21 85
115 22 83
115 25 30
115 27 84
115 28 23
115 29 64
115 30 18
115 33 64
115 34 45
115 35 71
115 36 29
115 37 18
115 38 77
115 39 18
115 42 90
115 43 75
115 44 15
115 45 62
115 46 85
115 47 41
115 48 81
115 49 32
115 50 59
115 51 33
115 53 52
115 54 14
115 55 30
115 57 72
115 60 44
115 61 44
115 62 71
115 63 87
115 64 43
115 65 87
115 67 80
115 69 37
115 71 21
115 73 14
115 75 75
115 76 66
115 77 81
115 78 65
115 79 29
115 81 15
115 82 25
115 83 68
115 84 35
115 85 30
115 86 76
115 87 24
115 93 18
115 94 46
115 95 56
115 96 69
115 97 61
115 98 35
115 100 47
115 103 29
115 109 76
115 112 90
115 113 73
115 114 35
115 116 58
115 117 93
115 118 18
115 t 56
116 3 15
116 4 72
116 5 43
116 6 55
116 8 61
116 9 81
116 13 92
116 14 53
116 16 66
116 17 46
116 18 18
116 19 32
116 20 53
116 22 51
116 23 19
116 24 58
116 25 30
116 27 54
116 28 35
116 29 17
116 30 78
116 31 75
116 34 93
116 37 14
116 38 52
116 39 52
116 40 40
116 41 29
116 42 50
116 47 48
116 48 18
116 51 13
116 52 47
116 53 64
116 54 50
116 55 67
116 56 32
116 57 34
116 58 60
116 59 79
116 60 51
116 64 69
116 65 77
116 66 17
116 67 49
116 68 23
116 71 51
116 72 42
116 75 16
116 78 82
116 82 54
116 83 59
116 84 66
116 85 30
116 86 38
116 88 82
116 89 25
116 92 36
116 93 92
116 94 35
116 95 53
116 96 70
116 97 70
116 98 53
116 99 51
116 100 60
116 101 62
116 102 62
116 103 73
116 104 61
116 105 56
116 106 50
116 107 65
116 109 23
116 110 42
116 113 91
116 114 54
116 115 58
116 117 33
116 t 69
117 1 43
117 3 89
117 4 25
117 5 63
117 7 77
117 8 75
117 10 51
117 11 64
117 13 23
117 14 89
117 16 57
117 17 47
117 18 41
117 20 59
117 21 90
117 22 45
117 27 78
117 29 54
117 30 46
117 31 52
117 32 55
117 33 87
117 36 77
117 39 71
117 41 92
117 42 53
117 43 77
117 46 75
117 50 80
117 54 18
117 55 91
117 57 47
117 58 23
117 59 86
117 61 42
117 62 16
117 63 39
117 65 23
117 66 50
117 68 68
117 69 23
117 70 30
117 72 82
117 73 35
117 74 47
117 75 48
117 76 67
117 78 24
117 79 69
117 80 83
117 83 24
117 86 36
117 87 76
117 89 58
117 91 34
117 93 77
117 94 90
117 95 56
117 96 74
117 97 54
117 98 73
117 99 90
117 101 67
117 102 15
117 103 68
117 104 64
117 106 17
117 107 89
117 109 81
117 111 60
117 113 36
117 114 26
117 115 93
117 116 33
117 118 79
118 1 13
118 3 34
118 4 16
118 6 16
118 8 82
118 12 62
118 13 33
118 14 81
118 15 64
118 16 77
118 17 41
118 18 59
118 19 55
118 21 17
118 24 61
118 25 84
118 26 14
118 27 15
118 28 62
118 30 93
118 31 40
118 33 53
118 34 54
118 35 14
118 36 25
118 38 81
118 39 61
118 40 39
118 41 62
118 42 37
118 43 85
118 44 59
118 45 55
118 46 89
118 47 84
118 48 56
118 49 30
118 51 49
118 53 53
118 54 66
118 55 67
118 56 56
118 58 43
118 59 86
118 62 72
118 63 33
118 65 43
118 70 76
118 72 38
118 76 28
118 77 64
118 78 48
118 79 61
118 80 74
118 83 34
118 85 67
118 86 27
118 87 92
118 89 66
118 90 89
118 91 59
118 93 81
118 94 32
118 95 88
118 96 40
118 99 40
118 100 82
118 101 58
118 105 86
118 106 41
118 108 54
118 109 62
118 110 39
118 111 77
118 112 81
118 113 43
118 114 57
118 115 18
118 117 79
118 t 87
