s 1 99
s 2 118
s 3 91
s 4 45
s 7 52
s 10 20
s 11 18
s 14 53
s 15 55
s 17 68
s 18 93
s 19 95
s 22 82
s 23 123
s 24 45
s 25 41
s 26 89
s 27 71
s 29 120
s 31 64
s 32 31
s 33 41
s 34 88
s 35 123
s 36 120
s 38 49
s 40 61
s 42 53
s 43 110
s 44 103
s 46 84
s 47 87
s 48 74
s 50 77
s 51 45
s 53 43
s 54 114
s 55 36
s 56 32
s 57 101
s 58 121
s 59 116
s 60 37
s 62 56
s 63 78
s 64 43
s 65 64
s 66 96
s 67 93
s 68 111
s 69 76
s 72 27
s 73 61
s 76 84
s 79 61
s 80 90
s 81 124
s 82 119
s 83 123
s 84 60
s 85 113
s 86 19
s 91 57
s t 125
1 3 91
1 5 53
1 6 78
1 7 112
1 9 65
1 10 21
1 11 29
1 12 99
1 13 78
1 14 52
1 19 82
1 22 71
1 23 114
1 24 33
1 25 124
1 26 23
1 27 89
1 28 36
1 29 97
1 30 125
1 31 52
1 32 110
1 33 40
1 36 82
1 38 28
1 40 117
1 41 65
1 42 125
1 43 55
1 45 82
1 46 48
1 48 67
1 50 62
1 51 40
1 54 41
1 55 98
1 56 80
1 57 119
1 60 65
1 61 99
1 63 61
1 64 46
1 66 76
1 67 19
1 68 70
1 69 80
1 71 120
1 72 78
1 73 122
1 75 119
1 76 42
1 77 42
1 78 63
1 80 62
1 81 35
1 82 95
1 83 69
1 88 112
1 90 76
1 91 76
2 5 49
2 6 125
2 7 102
2 8 42
2 9 29
2 11 92
2 12 107
2 13 83
2 15 41
2 19 106
2 21 95
2 23 113
2 24 58
2 25 72
2 26 60
2 27 86
2 28 70
2 30 33
2 31 33
2 32 119
2 33 26
2 35 58
2 36 24
2 37 30
2 39 89
2 41 41
2 42 17
2 46 85
2 47 92
2 49 62
2 50 49
2 51 105
2 53 40
2 54 119
2 55 56
2 57 107
2 58 115
2 59 111
2 60 101
2 61 20
2 63 111
2 68 77
2 69 73
2 70 86
2 71 58
2 72 81
2 77 30
2 79 51
2 80 48
2 81 120
2 82 15
2 83 50
2 85 44
2 86 92
2 87 98
2 89 114
2 90 80
2 t 64
3 1 91
3 4 42
3 5 33
3 7 73
3 8 109
3 9 33
3 11 101
3 12 19
3 13 72
3 15 19
3 17 74
3 18 84
3 19 72
3 21 36
3 22 90
3 23 35
3 24 111
3 25 63
3 26 39
3 27 73
3 28 119
3 30 84
3 31 43
3 32 75
3 33 51
3 34 102
3 36 24
3 37 42
3 39 80
3 41 99
3 42 115
3 43 97
3 45 81
3 46 14
3 47 106
3 48 48
3 49 122
3 50 13
3 51 17
3 53 31
3 54 73
3 56 95
3 57 71
3 58 58
3 60 62
3 62 15
3 63 85
3 65 91
3 66 39
3 67 43
3 69 50
3 70 61
3 71 25
3 72 84
3 74 74
3 75 40
3 76 62
3 82 82
3 84 50
3 85 39
3 86 50
3 87 25
3 88 104
3 91 69
3 t 116
4 3 42
4 7 40
4 8 19
4 9 41
4 10 102
4 12 84
4 13 63
4 14 71
4 15 73
4 16 25
4 17 53
4 18 43
4 19 79
4 20 35
4 21 95
4 23 81
4 24 78
4 25 121
4 26 95
4 28 50
4 30 110
4 31 57
4 32 19
4 33 65
4 34 68
4 35 38
4 36 83
4 37 35
4 39 101
4 40 18
4 41 83
4 42 59
4 43 96
4 44 51
4 45 52
4 46 38
4 47 89
4 48 100
4 49 63
4 50 16
4 51 36
4 53 81
4 54 113
4 55 97
4 56 20
4 59 19
4 60 42
4 61 107
4 62 64
4 63 29
4 64 14
4 65 13
4 66 127
4 67 67
4 68 106
4 69 94
4 70 65
4 71 106
4 72 76
4 73 98
4 75 89
4 77 32
4 78 48
4 80 127
4 85 82
4 86 63
4 90 120
4 t 30
5 1 53
5 2 49
5 3 33
5 6 67
5 7 57
5 8 122
5 11 71
5 14 123
5 15 127
5 16 55
5 17 84
5 18 101
5 20 73
5 22 48
5 23 78
5 24 95
5 25 112
5 28 70
5 29 124
5 30 45
5 31 35
5 32 106
5 33 14
5 34 120
5 35 49
5 37 76
5 38 17
5 40 70
5 41 15
5 43 16
5 45 105
5 46 37
5 47 126
5 52 82
5 53 40
5 57 72
5 59 94
5 60 124
5 61 45
5 62 112
5 63 113
5 65 79
5 69 48
5 70 59
5 71 90
5 72 28
5 73 73
5 76 59
5 77 126
5 78 27
5 79 106
5 80 48
5 81 37
5 82 28
5 84 19
5 88 81
5 90 75
5 91 124
5 t 98
6 1 78
6 2 125
6 5 67
6 12 33
6 13 20
6 14 21
6 15 35
6 16 18
6 17 125
6 18 23
6 21 118
6 22 23
6 23 67
6 24 79
6 25 77
6 26 63
6 27 106
6 28 25
6 29 106
6 30 81
6 31 40
6 32 63
6 35 13
6 37 124
6 40 117
6 41 25
6 43 81
6 44 40
6 46 127
6 49 122
6 51 118
6 52 81
6 53 34
6 55 111
6 57 47
6 58 109
6 59 96
6 62 95
6 63 124
6 64 82
6 65 46
6 66 64
6 67 110
6 69 95
6 72 30
6 73 114
6 74 21
6 75 89
6 76 99
6 78 66
6 79 13
6 81 36
6 83 52
6 84 14
6 85 54
6 86 104
6 87 98
6 88 86
6 90 61
6 91 118
7 1 112
7 2 102
7 3 73
7 4 40
7 5 57
7 8 19
7 9 17
7 10 103
7 12 70
7 15 35
7 16 56
7 17 119
7 18 48
7 19 24
7 20 62
7 21 98
7 22 102
7 24 63
7 26 64
7 27 67
7 28 36
7 29 82
7 30 57
7 31 66
7 34 17
7 36 72
7 37 102
7 38 23
7 39 27
7 40 101
7 41 87
7 43 98
7 44 98
7 45 24
7 46 71
7 47 66
7 48 106
7 49 75
7 51 84
7 52 60
7 54 100
7 55 110
7 57 57
7 58 45
7 59 28
7 63 47
7 64 110
7 65 22
7 66 32
7 67 106
7 69 111
7 70 88
7 71 31
7 73 43
7 74 91
7 75 58
7 78 82
7 80 111
7 83 125
7 84 73
7 86 48
7 87 19
7 89 20
7 91 115
8 2 42
8 3 109
8 4 19
8 5 122
8 7 19
8 9 104
8 13 26
8 14 123
8 15 23
8 17 32
8 18 118
8 20 112
8 21 90
8 22 36
8 23 13
8 24 34
8 25 98
8 27 21
8 31 114
8 32 53
8 34 54
8 35 110
8 36 31
8 38 52
8 39 85
8 40 62
8 41 81
8 42 96
8 43 13
8 45 107
8 46 101
8 48 58
8 49 31
8 50 36
8 52 44
8 54 98
8 55 85
8 56 16
8 57 112
8 58 120
8 60 78
8 61 56
8 62 29
8 63 70
8 65 33
8 66 70
8 67 69
8 68 20
8 70 54
8 71 106
8 72 69
8 74 51
8 76 82
8 77 52
8 78 13
8 83 100
8 84 54
8 85 29
8 87 94
8 88 112
8 89 87
8 90 127
8 91 53
8 t 88
9 1 65
9 2 29
9 3 33
9 4 41
9 7 17
9 8 104
9 12 117
9 13 100
9 15 114
9 18 58
9 19 48
9 21 115
9 22 69
9 24 118
9 25 115
9 26 121
9 27 24
9 28 45
9 31 27
9 34 67
9 35 19
9 36 45
9 37 46
9 38 96
9 39 123
9 41 75
9 42 124
9 43 52
9 44 20
9 45 93
9 48 88
9 51 72
9 52 74
9 53 90
9 54 106
9 55 17
9 56 83
9 59 34
9 60 110
9 61 42
9 63 97
9 64 21
9 71 40
9 72 126
9 73 47
9 74 52
9 75 110
9 76 27
9 77 94
9 78 90
9 79 119
9 80 100
9 84 29
9 85 88
9 87 24
9 88 124
9 89 66
9 90 96
9 91 66
9 t 69
10 1 21
10 4 102
10 7 103
10 11 107
10 13 32
10 14 109
10 16 71
10 17 65
10 18 120
10 21 20
10 24 120
10 27 120
10 28 13
10 29 91
10 30 89
10 31 106
10 32 21
10 33 99
10 34 83
10 35 75
10 36 80
10 37 91
10 38 106
10 39 14
10 40 46
10 41 101
10 42 43
10 43 78
10 44 13
10 45 34
10 46 119
10 47 98
10 48 43
10 49 32
10 50 48
10 51 85
10 53 93
10 54 127
10 55 56
10 56 48
10 57 62
10 58 127
10 59 88
10 60 40
10 61 96
10 62 18
10 64 74
10 66 45
10 67 22
10 68 117
10 69 74
10 70 113
10 71 109
10 72 72
10 73 52
10 74 46
10 75 105
10 76 93
10 77 19
10 78 59
10 80 28
10 81 56
10 82 43
10 84 118
10 85 35
10 86 102
10 87 103
10 88 33
10 89 57
10 t 121
11 1 29
11 2 92
11 3 101
11 5 71
11 10 107
11 12 75
11 13 79
11 16 72
11 19 111
11 26 123
11 27 28
11 28 116
11 30 75
11 31 22
11 34 27
11 36 78
11 37 38
11 38 69
11 40 32
11 41 111
11 42 15
11 43 21
11 44 38
11 45 69
11 46 100
11 47 60
11 50 96
11 51 13
11 53 96
11 55 70
11 56 106
11 57 121
11 58 88
11 59 110
11 60 108
11 64 113
11 66 55
11 67 98
11 70 27
11 71 67
11 73 90
11 75 39
11 76 58
11 77 101
11 78 117
11 79 102
11 80 79
11 81 74
11 82 77
11 83 26
11 84 63
11 86 101
11 87 117
11 88 48
11 89 98
11 90 74
11 91 48
11 t 80
12 1 99
12 2 107
12 3 19
12 4 84
12 6 33
12 7 70
12 9 117
12 11 75
12 14 107
12 16 50
12 17 26
12 19 21
12 20 113
12 21 52
12 22 25
12 23 22
12 24 62
12 25 88
12 26 105
12 27 39
12 28 102
12 29 94
12 30 64
12 31 81
12 32 55
12 33 114
12 35 56
12 36 104
12 37 26
12 38 86
12 41 93
12 43 43
12 45 56
12 46 32
12 48 96
12 49 22
12 51 70
12 52 73
12 53 113
12 55 56
12 57 92
12 58 17
12 59 99
12 62 56
12 63 55
12 64 53
12 65 106
12 67 23
12 68 91
12 69 97
12 70 52
12 71 40
12 73 47
12 74 110
12 75 78
12 76 51
12 77 87
12 79 112
12 80 64
12 81 127
12 83 92
12 84 113
12 85 28
12 86 88
12 87 50
12 88 50
12 89 62
12 t 21
13 1 78
13 2 83
13 3 72
13 4 63
13 6 20
13 8 26
13 9 100
13 10 32
13 11 79
13 17 99
13 18 41
13 19 99
13 20 69
13 21 73
13 22 53
13 24 103
13 25 49
13 26 73
13 27 58
13 30 36
13 31 102
13 32 125
13 33 77
13 34 30
13 35 80
13 38 34
13 39 53
13 40 79
13 41 56
13 42 119
13 43 96
13 44 118
13 46 20
13 47 47
13 49 49
13 52 95
13 53 56
13 54 63
13 55 24
13 56 60
13 57 107
13 59 96
13 60 77
13 61 27
13 63 33
13 64 122
13 66 72
13 72 95
13 74 91
13 75 64
13 76 58
13 78 30
13 79 52
13 80 89
13 81 76
13 82 124
13 85 106
13 86 22
13 87 38
13 88 56
13 90 93
13 91 90
14 1 52
14 4 71
14 5 123
14 6 21
14 8 123
14 10 109
14 12 107
14 15 25
14 18 49
14 19 122
14 20 19
14 21 105
14 24 27
14 26 93
14 27 87
14 30 21
14 32 83
14 33 15
14 34 50
14 36 114
14 37 20
14 38 60
14 39 123
14 40 104
14 41 44
14 42 101
14 45 118
14 46 105
14 48 78
14 49 104
14 50 104
14 51 87
14 52 25
14 53 26
14 54 91
14 55 19
14 56 89
14 58 53
14 59 22
14 60 106
14 61 74
14 65 59
14 66 53
14 68 76
14 69 116
14 70 107
14 71 74
14 72 105
14 73 70
14 75 31
14 77 81
14 78 100
14 79 53
14 80 78
14 84 32
14 85 119
14 86 22
14 88 17
14 89 20
14 90 43
14 t 125
15 2 41
15 3 19
15 4 73
15 5 127
15 6 35
15 7 35
15 8 23
15 9 114
15 14 25
15 16 19
15 17 114
15 18 30
15 19 79
15 21 84
15 25 44
15 27 67
15 28 45
15 30 73
15 31 120
15 33 20
15 36 22
15 37 120
15 38 116
15 39 27
15 41 95
15 42 73
15 43 53
15 44 58
15 47 38
15 49 70
15 50 66
15 52 124
15 54 51
15 55 101
15 58 39
15 59 48
15 60 80
15 63 15
15 64 16
15 66 60
15 67 49
15 68 96
15 70 39
15 71 84
15 73 38
15 75 125
15 76 90
15 77 106
15 78 109
15 80 36
15 82 54
15 83 124
15 84 93
15 87 37
15 89 115
15 90 110
15 91 57
15 t 26
16 4 25
16 5 55
16 6 18
16 7 56
16 10 71
16 11 72
16 12 50
16 15 19
16 17 111
16 18 39
16 20 46
16 21 23
16 22 51
16 23 53
16 25 101
16 26 47
16 27 111
16 28 40
16 30 72
16 31 86
16 32 53
16 33 76
16 34 41
16 37 47
16 40 58
16 41 106
16 44 29
16 45 40
16 46 63
16 47 79
16 48 105
16 49 37
16 50 27
16 52 127
16 53 125
16 54 19
16 55 62
16 56 34
16 57 47
16 58 60
16 60 44
16 61 39
16 62 94
16 65 40
16 68 45
16 69 102
16 70 81
16 71 27
16 72 113
16 75 48
16 76 108
16 78 66
16 80 74
16 81 76
16 86 124
16 88 69
16 90 74
16 t 18
17 3 74
17 4 53
17 5 84
17 6 125
17 7 119
17 8 32
17 10 65
17 12 26
17 13 99
17 15 114
17 16 111
17 19 62
17 20 93
17 22 88
17 23 95
17 25 19
17 27 63
17 29 38
17 30 118
17 31 25
17 32 73
17 34 85
17 35 14
17 37 72
17 40 76
17 42 121
17 43 64
17 45 53
17 46 112
17 48 125
17 49 45
17 50 81
17 51 66
17 52 103
17 53 98
17 54 49
17 55 18
17 57 123
17 59 79
17 60 42
17 62 116
17 65 83
17 68 48
17 69 45
17 71 42
17 72 36
17 74 96
17 76 30
17 78 41
17 79 77
17 80 103
17 82 60
17 83 100
17 84 82
17 85 71
17 86 25
17 87 67
17 88 85
17 t 31
18 3 84
18 4 43
18 5 101
18 6 23
18 7 48
18 8 118
18 9 58
18 10 120
18 13 41
18 14 49
18 15 30
18 16 39
18 19 19
18 23 101
18 24 124
18 25 72
18 26 74
18 27 106
18 28 111
18 29 22
18 30 90
18 31 30
18 34 29
18 36 100
18 38 49
18 43 45
18 44 103
18 45 102
18 47 63
18 48 85
18 49 100
18 50 114
18 51 79
18 52 32
18 53 53
18 55 47
18 56 42
18 58 42
18 59 114
18 60 38
18 61 89
18 62 65
18 63 101
18 64 54
18 65 51
18 66 122
18 67 32
18 68 14
18 69 111
18 71 79
18 73 112
18 75 68
18 76 38
18 77 18
18 79 75
18 80 52
18 81 23
18 82 21
18 83 50
18 84 14
18 85 47
18 87 15
18 88 80
18 89 49
18 91 122
19 1 82
19 2 106
19 3 72
19 4 79
19 7 24
19 9 48
19 11 111
19 12 21
19 13 99
19 14 122
19 15 79
19 17 62
19 18 19
19 21 34
19 22 37
19 23 20
19 24 81
19 25 37
19 26 42
19 27 45
19 29 42
19 33 94
19 34 89
19 35 72
19 36 122
19 38 121
19 40 46
19 42 51
19 43 77
19 44 21
19 45 73
19 46 94
19 47 75
19 49 40
19 51 50
19 53 114
19 54 84
19 55 64
19 58 60
19 59 19
19 60 30
19 64 66
19 65 65
19 68 87
19 71 61
19 72 88
19 73 40
19 75 54
19 76 20
19 79 14
19 80 63
19 82 110
19 83 30
19 84 37
19 85 28
19 88 14
19 89 104
19 90 58
19 91 80
19 t 107
20 4 35
20 5 73
20 7 62
20 8 112
20 12 113
20 13 69
20 14 19
20 16 46
20 17 93
20 24 64
20 25 31
20 26 62
20 27 52
20 28 114
20 30 93
20 33 68
20 34 44
20 35 92
20 36 21
20 38 64
20 39 118
20 40 14
20 41 99
20 43 37
20 44 104
20 46 53
20 49 79
20 52 32
20 54 86
20 55 73
20 58 43
20 60 46
20 61 64
20 63 45
20 64 55
20 66 33
20 68 58
20 69 78
20 70 111
20 71 66
20 72 109
20 73 113
20 75 59
20 78 36
20 79 96
20 81 37
20 82 66
20 84 27
20 85 119
20 86 33
20 88 87
20 90 123
20 91 113
21 2 95
21 3 36
21 4 95
21 6 118
21 7 98
21 8 90
21 9 115
21 10 20
21 12 52
21 13 73
21 14 105
21 15 84
21 16 23
21 19 34
21 22 27
21 24 117
21 25 45
21 26 118
21 27 35
21 29 35
21 30 15
21 32 101
21 34 65
21 37 63
21 38 56
21 40 117
21 41 42
21 42 25
21 43 29
21 44 83
21 46 125
21 47 20
21 48 41
21 49 20
21 50 26
21 51 59
21 53 105
21 55 40
21 56 37
21 57 101
21 58 23
21 59 30
21 62 13
21 66 102
21 67 48
21 68 19
21 70 33
21 71 113
21 73 35
21 74 72
21 75 75
21 77 50
21 78 36
21 79 75
21 80 89
21 81 14
21 83 107
21 87 66
21 88 17
21 90 117
21 t 92
22 1 71
22 3 90
22 5 48
22 6 23
22 7 102
22 8 36
22 9 69
22 12 25
22 13 53
22 16 51
22 17 88
22 19 37
22 21 27
22 23 76
22 27 17
22 28 53
22 29 98
22 30 109
22 31 20
22 35 38
22 38 115
22 39 109
22 40 115
22 44 91
22 46 102
22 47 52
22 48 83
22 49 112
22 50 17
22 52 19
22 53 16
22 54 40
22 55 58
22 56 101
22 59 26
22 60 117
22 63 103
22 64 49
22 65 97
22 66 48
22 67 75
22 69 30
22 71 118
22 74 92
22 75 101
22 79 71
22 80 34
22 85 97
22 86 121
22 87 29
22 88 48
22 89 86
22 90 17
22 91 30
22 t 21
23 1 114
23 2 113
23 3 35
23 4 81
23 5 78
23 6 67
23 8 13
23 12 22
23 16 53
23 17 95
23 18 101
23 19 20
23 22 76
23 24 61
23 25 34
23 27 124
23 28 111
23 29 18
23 31 110
23 32 22
23 34 24
23 35 70
23 36 106
23 38 70
23 40 72
23 41 44
23 42 104
23 43 47
23 44 123
23 45 45
23 46 61
23 49 58
23 50 126
23 51 51
23 52 35
23 53 14
23 55 111
23 57 102
23 58 77
23 60 123
23 61 39
23 63 15
23 65 41
23 66 49
23 67 31
23 69 44
23 71 40
23 72 106
23 73 23
23 74 59
23 75 112
23 76 88
23 77 111
23 78 88
23 79 32
23 81 106
23 83 57
23 84 107
23 85 103
23 86 89
23 89 49
23 90 30
23 91 63
24 1 33
24 2 58
24 3 111
24 4 78
24 5 95
24 6 79
24 7 63
24 8 34
24 9 118
24 10 120
24 12 62
24 13 103
24 14 27
24 18 124
24 19 81
24 20 64
24 21 117
24 23 61
24 28 25
24 29 28
24 30 50
24 31 47
24 32 46
24 33 20
24 35 37
24 37 111
24 42 90
24 45 67
24 47 16
24 48 75
24 50 32
24 52 59
24 54 73
24 59 28
24 61 33
24 62 108
24 64 69
24 67 14
24 68 80
24 69 35
24 70 25
24 74 14
24 75 109
24 76 25
24 77 126
24 78 54
24 79 123
24 80 59
24 82 91
24 83 110
24 84 81
24 85 114
24 86 16
24 88 70
25 1 124
25 2 72
25 3 63
25 4 121
25 5 112
25 6 77
25 8 98
25 9 115
25 12 88
25 13 49
25 15 44
25 16 101
25 17 19
25 18 72
25 19 37
25 20 31
25 21 45
25 23 34
25 26 13
25 29 101
25 31 79
25 32 17
25 33 55
25 35 67
25 36 81
25 38 47
25 39 127
25 40 35
25 43 70
25 44 30
25 45 101
25 46 70
25 47 83
25 48 51
25 49 85
25 50 54
25 51 38
25 52 50
25 53 118
25 54 119
25 56 95
25 57 37
25 58 35
25 60 124
25 61 73
25 62 103
25 63 115
25 65 81
25 66 62
25 67 117
25 69 85
25 70 62
25 71 97
25 72 110
25 74 65
25 79 114
25 82 127
25 84 66
25 85 77
25 88 105
25 89 96
25 90 107
25 91 71
25 t 112
26 1 23
26 2 60
26 3 39
26 4 95
26 6 63
26 7 64
26 9 121
26 11 123
26 12 105
26 13 73
26 14 93
26 16 47
26 18 74
26 19 42
26 20 62
26 21 118
26 25 13
26 29 24
26 30 20
26 31 75
26 32 15
26 33 54
26 34 69
26 35 105
26 36 120
26 37 51
26 38 103
26 39 87
26 40 113
26 41 107
26 42 120
26 43 125
26 44 47
26 45 127
26 46 33
26 47 19
26 50 62
26 52 36
26 53 124
26 55 86
26 56 98
26 57 101
26 58 84
26 59 112
26 60 67
26 62 53
26 64 28
26 65 125
26 66 93
26 67 93
26 69 97
26 70 39
26 71 112
26 73 54
26 74 38
26 77 78
26 80 56
26 83 101
26 84 38
26 85 55
26 88 118
26 89 118
26 90 93
26 91 25
26 t 95
27 1 89
27 2 86
27 3 73
27 6 106
27 7 67
27 8 21
27 9 24
27 10 120
27 11 28
27 12 39
27 13 58
27 14 87
27 15 67
27 16 111
27 17 63
27 18 106
27 19 45
27 20 52
27 21 35
27 22 17
27 23 124
27 28 52
27 29 113
27 30 89
27 31 41
27 32 78
27 36 93
27 39 83
27 40 59
27 42 110
27 43 66
27 44 13
27 45 24
27 46 19
27 47 90
27 49 52
27 50 92
27 51 49
27 52 72
27 53 40
27 54 40
27 57 23
27 58 62
27 60 71
27 64 40
27 66 88
27 68 103
27 69 54
27 70 91
27 71 93
27 73 77
27 76 21
27 77 89
27 79 77
27 81 120
27 84 88
27 85 19
27 86 89
27 87 78
27 89 38
27 91 32
28 1 36
28 2 70
28 3 119
28 4 50
28 5 70
28 6 25
28 7 36
28 9 45
28 10 13
28 11 116
28 12 102
28 15 45
28 16 40
28 18 111
28 20 114
28 22 53
28 23 111
28 24 25
28 27 52
28 29 119
28 30 122
28 31 81
28 32 66
28 33 74
28 34 25
28 35 83
28 36 50
28 37 27
28 38 114
28 39 84
28 43 57
28 44 37
28 47 56
28 48 47
28 49 41
28 50 109
28 52 67
28 53 85
28 54 44
28 55 96
28 57 35
28 58 16
28 61 78
28 62 109
28 63 105
28 64 67
28 65 94
28 66 120
28 67 85
28 69 60
28 70 109
28 71 122
28 73 58
28 74 47
28 77 82
28 78 42
28 79 17
28 80 60
28 83 43
28 84 112
28 85 119
28 86 110
28 87 80
28 88 21
28 89 46
28 90 75
28 91 83
28 t 105
29 1 97
29 5 124
29 6 106
29 7 82
29 10 91
29 12 94
29 17 38
29 18 22
29 19 42
29 21 35
29 22 98
29 23 18
29 24 28
29 25 101
29 26 24
29 27 113
29 28 119
29 30 122
29 32 50
29 38 77
29 39 83
29 42 86
29 43 24
29 44 18
29 45 100
29 46 110
29 47 114
29 48 124
29 50 13
29 52 67
29 53 13
29 54 17
29 56 83
29 57 57
29 58 34
29 59 36
29 60 47
29 61 40
29 62 101
29 65 118
29 67 58
29 68 122
29 69 115
29 70 100
29 74 112
29 75 107
29 76 113
29 77 73
29 78 34
29 83 85
29 85 31
29 86 76
29 90 66
29 91 110
29 t 122
30 1 125
30 2 33
30 3 84
30 4 110
30 5 45
30 6 81
30 7 57
30 10 89
30 11 75
30 12 64
30 13 36
30 14 21
30 15 73
30 16 72
30 17 118
30 18 90
30 20 93
30 21 15
30 22 109
30 24 50
30 26 20
30 27 89
30 28 122
30 29 122
30 31 75
30 32 29
30 36 95
30 38 117
30 39 16
30 41 79
30 42 38
30 44 25
30 46 90
30 47 85
30 49 103
30 50 67
30 53 83
30 54 115
30 55 106
30 56 59
30 57 62
30 59 124
30 60 110
30 62 123
30 63 100
30 64 111
30 66 83
30 67 51
30 68 116
30 69 24
30 70 19
30 73 65
30 74 60
30 75 104
30 76 77
30 77 94
30 80 16
30 81 92
30 83 94
30 84 81
30 85 116
30 86 121
30 91 72
30 t 45
31 1 52
31 2 33
31 3 43
31 4 57
31 5 35
31 6 40
31 7 66
31 8 114
31 9 27
31 10 106
31 11 22
31 12 81
31 13 102
31 15 120
31 16 86
31 17 25
31 18 30
31 22 20
31 23 110
31 24 47
31 25 79
31 26 75
31 27 41
31 28 81
31 30 75
31 32 99
31 33 123
31 34 108
31 36 24
31 39 98
31 40 118
31 43 18
31 44 59
31 45 75
31 46 51
31 47 47
31 48 51
31 49 92
31 50 64
31 51 71
31 54 68
31 55 109
31 56 57
31 57 21
31 58 119
31 59 60
31 60 75
31 61 68
31 63 40
31 66 76
31 67 103
31 68 59
31 69 77
31 70 86
31 71 40
31 72 60
31 73 105
31 74 13
31 76 73
31 78 97
31 79 54
31 81 119
31 82 64
31 85 86
31 86 114
31 88 57
31 t 43
32 1 110
32 2 119
32 3 75
32 4 19
32 5 106
32 6 63
32 8 53
32 10 21
32 12 55
32 13 125
32 14 83
32 16 53
32 17 73
32 21 101
32 23 22
32 24 46
32 25 17
32 26 15
32 27 78
32 28 66
32 29 50
32 30 29
32 31 99
32 33 81
32 35 39
32 37 56
32 38 80
32 39 67
32 40 125
32 41 94
32 43 68
32 44 43
32 45 61
32 48 104
32 50 57
32 51 15
32 52 72
32 55 99
32 60 114
32 61 111
32 62 119
32 63 104
32 65 70
32 66 127
32 67 123
32 68 76
32 70 66
32 71 93
32 73 125
32 74 118
32 76 100
32 77 36
32 78 87
32 79 57
32 80 53
32 81 45
32 82 126
32 83 123
32 84 57
32 86 95
32 87 81
32 88 101
32 90 99
32 91 90
33 1 40
33 2 26
33 3 51
33 4 65
33 5 14
33 10 99
33 12 114
33 13 77
33 14 15
33 15 20
33 16 76
33 19 94
33 20 68
33 24 20
33 25 55
33 26 54
33 28 74
33 31 123
33 32 81
33 35 73
33 37 71
33 38 63
33 39 106
33 41 20
33 42 119
33 43 126
33 44 94
33 45 76
33 48 30
33 49 125
33 50 21
33 51 105
33 52 89
33 53 84
33 54 106
33 55 25
33 57 90
33 58 36
33 60 81
33 61 106
33 62 103
33 63 80
33 64 110
33 66 13
33 67 40
33 69 105
33 70 45
33 71 50
33 72 18
33 73 82
33 74 100
33 75 28
33 77 59
33 79 83
33 80 88
33 81 115
33 82 14
33 83 14
33 84 94
33 87 42
33 88 100
33 89 41
33 90 87
33 t 44
34 3 102
34 4 68
34 5 120
34 7 17
34 8 54
34 9 67
34 10 83
34 11 27
34 13 30
34 14 50
34 16 41
34 17 85
34 18 29
34 19 89
34 20 44
34 21 65
34 23 24
34 26 69
34 28 25
34 31 108
34 36 85
34 37 58
34 40 127
34 42 120
34 47 62
34 48 105
34 50 54
34 51 54
34 52 101
34 55 117
34 56 127
34 57 53
34 58 57
34 59 42
34 60 57
34 61 16
34 63 94
34 65 29
34 66 27
34 67 66
34 69 121
34 70 25
34 72 22
34 73 84
34 75 21
34 77 73
34 80 22
34 81 71
34 82 101
34 83 84
34 84 41
34 85 35
34 86 65
34 87 66
34 88 51
34 90 37
34 91 57
34 t 106
35 2 58
35 4 38
35 5 49
35 6 13
35 8 110
35 9 19
35 10 75
35 12 56
35 13 80
35 17 14
35 19 72
35 20 92
35 22 38
35 23 70
35 24 37
35 25 67
35 26 105
35 28 83
35 32 39
35 33 73
35 36 24
35 38 114
35 39 121
35 41 126
35 43 22
35 44 72
35 46 110
35 47 39
35 49 28
35 51 13
35 53 22
35 54 88
35 56 13
35 57 108
35 58 90
35 61 64
35 62 108
35 63 125
35 66 57
35 68 35
35 71 112
35 72 18
35 75 31
35 78 94
35 80 104
35 81 71
35 82 76
35 83 48
35 85 93
35 87 78
35 88 120
35 89 102
35 90 64
35 91 53
35 t 89
36 1 82
36 2 24
36 3 24
36 4 83
36 7 72
36 8 31
36 9 45
36 10 80
36 11 78
36 12 104
36 14 114
36 15 22
36 18 100
36 19 122
36 20 21
36 23 106
36 25 81
36 26 120
36 27 93
36 28 50
36 30 95
36 31 24
36 34 85
36 35 24
36 37 53
36 38 78
36 39 53
36 40 50
36 41 110
36 43 64
36 45 76
36 46 79
36 48 85
36 49 28
36 52 30
36 53 39
36 54 47
36 56 52
36 57 88
36 58 112
36 59 103
36 62 90
36 64 103
36 68 103
36 69 77
36 70 106
36 73 105
36 74 75
36 75 24
36 76 21
36 77 16
36 78 112
36 80 115
36 81 96
36 82 88
36 83 42
36 85 98
36 86 25
36 88 73
36 90 96
37 2 30
37 3 42
37 4 35
37 5 76
37 6 124
37 7 102
37 9 46
37 10 91
37 11 38
37 12 26
37 14 20
37 15 120
37 16 47
37 17 72
37 21 63
37 24 111
37 26 51
37 28 27
37 32 56
37 33 71
37 34 58
37 36 53
37 38 58
37 39 51
37 41 105
37 42 77
37 45 64
37 46 64
37 48 13
37 52 16
37 53 100
37 54 104
37 55 32
37 56 98
37 57 81
37 59 108
37 60 102
37 61 58
37 62 36
37 64 24
37 65 23
37 66 112
37 67 40
37 68 77
37 69 69
37 71 43
37 72 29
37 73 119
37 74 17
37 76 109
37 77 81
37 78 116
37 79 106
37 80 19
37 81 97
37 82 14
37 83 51
37 84 42
37 85 35
37 86 98
37 87 73
37 88 19
37 90 99
37 91 83
37 t 29
38 1 28
38 5 17
38 7 23
38 8 52
38 9 96
38 10 106
38 11 69
38 12 86
38 13 34
38 14 60
38 15 116
38 18 49
38 19 121
38 20 64
38 21 56
38 22 115
38 23 70
38 25 47
38 26 103
38 28 114
38 29 77
38 30 117
38 32 80
38 33 63
38 35 114
38 36 78
38 37 58
38 40 19
38 41 109
38 42 103
38 46 14
38 47 61
38 49 38
38 50 115
38 51 109
38 52 75
38 55 31
38 56 27
38 57 93
38 58 87
38 59 119
38 61 92
38 62 44
38 63 95
38 65 35
38 66 123
38 67 21
38 68 38
38 69 99
38 72 108
38 74 102
38 76 52
38 79 127
38 80 112
38 81 67
38 82 60
38 83 110
38 84 78
38 86 90
38 87 32
38 88 101
38 89 22
38 91 87
39 2 89
39 3 80
39 4 101
39 7 27
39 8 85
39 9 123
39 10 14
39 13 53
39 14 123
39 15 27
39 20 118
39 22 109
39 25 127
39 26 87
39 27 83
39 28 84
39 29 83
39 30 16
39 31 98
39 32 67
39 33 106
39 35 121
39 36 53
39 37 51
39 40 68
39 41 36
39 42 40
39 45 87
39 46 52
39 47 52
39 49 31
39 50 25
39 51 55
39 52 27
39 55 32
39 56 28
39 57 113
39 58 122
39 59 35
39 60 112
39 62 58
39 63 60
39 64 50
39 65 115
39 66 117
39 67 19
39 68 115
39 69 88
39 70 77
39 71 15
39 72 58
39 73 95
39 76 55
39 77 109
39 79 13
39 81 17
39 82 67
39 84 91
39 85 82
39 86 98
39 87 90
39 88 86
39 90 34
39 t 107
40 1 117
40 4 18
40 5 70
40 6 117
40 7 101
40 8 62
40 10 46
40 11 32
40 13 79
40 14 104
40 16 58
40 17 76
40 19 46
40 20 14
40 21 117
40 22 115
40 23 72
40 25 35
40 26 113
40 27 59
40 31 118
40 32 125
40 34 127
40 36 50
40 38 19
40 39 68
40 41 98
40 42 45
40 43 50
40 44 119
40 45 24
40 47 73
40 48 79
40 49 97
40 50 107
40 51 81
40 53 13
40 54 107
40 55 32
40 57 88
40 58 33
40 59 103
40 60 73
40 61 56
40 62 111
40 63 48
40 65 22
40 66 126
40 67 32
40 68 62
40 71 119
40 72 90
40 73 36
40 74 47
40 76 99
40 78 31
40 79 111
40 81 41
40 84 104
40 85 96
40 86 114
40 88 49
40 89 53
40 90 119
40 91 13
40 t 76
41 1 65
41 2 41
41 3 99
41 4 83
41 5 15
41 6 25
41 7 87
41 8 81
41 9 75
41 10 101
41 11 111
41 12 93
41 13 56
41 14 44
41 15 95
41 16 106
41 20 99
41 21 42
41 23 44
41 26 107
41 30 79
41 32 94
41 33 20
41 35 126
41 36 110
41 37 105
41 38 109
41 39 36
41 40 98
41 42 73
41 43 64
41 44 41
41 45 52
41 47 68
41 48 96
41 54 70
41 61 56
41 63 69
41 65 34
41 67 110
41 68 39
41 69 98
41 70 87
41 72 81
41 73 71
41 74 112
41 75 103
41 78 34
41 79 20
41 82 35
41 84 14
41 86 20
41 87 32
41 88 95
41 91 79
41 t 30
42 1 125
42 2 17
42 3 115
42 4 59
42 8 96
42 9 124
42 10 43
42 11 15
42 13 119
42 14 101
42 15 73
42 17 121
42 19 51
42 21 25
42 23 104
42 24 90
42 26 120
42 27 110
42 29 86
42 30 38
42 33 119
42 34 120
42 37 77
42 38 103
42 39 40
42 40 45
42 41 73
42 44 101
42 46 23
42 47 122
42 49 107
42 50 54
42 51 14
42 52 15
42 54 19
42 57 113
42 58 114
42 59 73
42 60 61
42 61 48
42 62 118
42 64 118
42 67 75
42 70 85
42 71 88
42 72 88
42 75 62
42 77 108
42 78 33
42 79 122
42 80 118
42 81 102
42 82 113
42 84 37
42 86 81
42 88 118
42 91 93
42 t 65
43 1 55
43 3 97
43 4 96
43 5 16
43 6 81
43 7 98
43 8 13
43 9 52
43 10 78
43 11 21
43 12 43
43 13 96
43 15 53
43 17 64
43 18 45
43 19 77
43 20 37
43 21 29
43 23 47
43 25 70
43 26 125
43 27 66
43 28 57
43 29 24
43 31 18
43 32 68
43 33 126
43 35 22
43 36 64
43 40 50
43 41 64
43 45 40
43 46 76
43 47 47
43 48 29
43 50 25
43 52 98
43 53 41
43 56 84
43 57 95
43 58 125
43 59 74
43 60 46
43 61 44
43 62 95
43 64 25
43 66 13
43 68 72
43 70 59
43 72 68
43 73 75
43 74 108
43 75 21
43 76 73
43 77 53
43 80 35
43 81 74
43 83 17
43 85 20
43 86 90
43 87 101
43 88 103
43 90 21
43 91 66
43 t 77
44 4 51
44 6 40
44 7 98
44 9 20
44 10 13
44 11 38
44 13 118
44 15 58
44 16 29
44 18 103
44 19 21
44 20 104
44 21 83
44 22 91
44 23 123
44 25 30
44 26 47
44 27 13
44 28 37
44 29 18
44 30 25
44 31 59
44 32 43
44 33 94
44 35 72
44 40 119
44 41 41
44 42 101
44 45 72
44 46 95
44 48 89
44 49 15
44 51 87
44 52 86
44 53 84
44 55 15
44 56 92
44 57 115
44 58 127
44 59 43
44 60 69
44 61 63
44 62 127
44 67 93
44 68 117
44 69 22
44 70 98
44 75 56
44 77 95
44 78 124
44 79 110
44 80 14
44 81 30
44 82 52
44 83 22
44 84 38
44 85 39
44 86 123
44 87 35
44 90 80
44 t 92
45 1 82
45 3 81
45 4 52
45 5 105
45 7 24
45 8 107
45 9 93
45 10 34
45 11 69
45 12 56
45 14 118
45 16 40
45 17 53
45 18 102
45 19 73
45 23 45
45 24 67
45 25 101
45 26 127
45 27 24
45 29 100
45 31 75
45 32 61
45 33 76
45 36 76
45 37 64
45 39 87
45 40 24
45 41 52
45 43 40
45 44 72
45 46 100
45 47 54
45 48 70
45 49 23
45 51 90
45 52 15
45 55 13
45 59 80
45 60 85
45 61 101
45 62 66
45 63 31
45 64 45
45 65 90
45 66 19
45 67 113
45 68 94
45 69 95
45 70 69
45 71 50
45 72 74
45 73 61
45 74 112
45 76 76
45 78 39
45 79 74
45 80 119
45 82 19
45 84 55
45 85 104
45 87 57
45 89 87
45 90 28
45 91 61
45 t 113
46 1 48
46 2 85
46 3 14
46 4 38
46 5 37
46 6 127
46 7 71
46 8 101
46 10 119
46 11 100
46 12 32
46 13 20
46 14 105
46 16 63
46 17 112
46 19 94
46 20 53
46 21 125
46 22 102
46 23 61
46 25 70
46 26 33
46 27 19
46 29 110
46 30 90
46 31 51
46 35 110
46 36 79
46 37 64
46 38 14
46 39 52
46 42 23
46 43 76
46 44 95
46 45 100
46 47 111
46 48 14
46 49 21
46 50 51
46 51 93
46 53 107
46 55 107
46 56 85
46 57 28
46 58 65
46 59 63
46 60 53
46 61 27
46 63 42
46 64 53
46 65 27
46 66 114
46 67 41
46 68 109
46 69 39
46 71 57
46 72 98
46 73 106
46 74 62
46 75 67
46 76 121
46 78 44
46 79 30
46 80 108
46 81 69
46 82 114
46 83 20
46 85 22
46 86 63
46 87 116
46 90 94
46 91 43
46 t 30
47 2 92
47 3 106
47 4 89
47 5 126
47 7 66
47 10 98
47 11 60
47 13 47
47 15 38
47 16 79
47 18 63
47 19 75
47 21 20
47 22 52
47 24 16
47 25 83
47 26 19
47 27 90
47 28 56
47 29 114
47 30 85
47 31 47
47 34 62
47 35 39
47 38 61
47 39 52
47 40 73
47 41 68
47 42 122
47 43 47
47 45 54
47 46 111
47 50 85
47 51 95
47 52 32
47 53 42
47 54 43
47 55 77
47 56 51
47 59 42
47 61 55
47 64 117
47 65 17
47 69 126
47 70 44
47 73 57
47 74 19
47 76 42
47 77 86
47 78 56
47 79 26
47 80 40
47 82 73
47 83 111
47 84 93
47 86 100
47 87 107
47 88 103
47 89 42
47 t 93
48 1 67
48 3 48
48 4 100
48 7 106
48 8 58
48 9 88
48 10 43
48 12 96
48 14 78
48 16 105
48 17 125
48 18 85
48 21 41
48 22 83
48 24 75
48 25 51
48 28 47
48 29 124
48 31 51
48 32 104
48 33 30
48 34 105
48 36 85
48 37 13
48 40 79
48 41 96
48 43 29
48 44 89
48 45 70
48 46 14
48 49 28
48 50 103
48 51 46
48 53 92
48 54 57
48 55 42
48 56 89
48 57 106
48 58 15
48 60 93
48 61 70
48 62 30
48 63 49
48 64 81
48 66 114
48 67 45
48 68 36
48 69 30
48 71 75
48 72 117
48 74 33
48 76 94
48 80 70
48 81 85
48 82 55
48 83 79
48 84 106
48 85 33
48 87 42
48 89 66
48 91 17
48 t 125
49 2 62
49 3 122
49 4 63
49 6 122
49 7 75
49 8 31
49 10 32
49 12 22
49 13 49
49 14 104
49 15 70
49 16 37
49 17 45
49 18 100
49 19 40
49 20 79
49 21 20
49 22 112
49 23 58
49 25 85
49 27 52
49 28 41
49 30 103
49 31 92
49 33 125
49 35 28
49 36 28
49 38 38
49 39 31
49 40 97
49 42 107
49 44 15
49 45 23
49 46 21
49 48 28
49 52 22
49 53 27
49 54 82
49 55 24
49 56 106
49 57 77
49 58 26
49 60 48
49 61 33
49 64 55
49 65 91
49 66 46
49 67 40
49 68 83
49 69 40
49 70 14
49 72 85
49 73 51
49 74 84
49 76 120
49 78 81
49 79 46
49 82 56
49 83 70
49 84 67
49 85 80
49 86 35
49 89 53
49 90 58
49 91 86
49 t 97
50 1 62
50 2 49
50 3 13
50 4 16
50 8 36
50 10 48
50 11 96
50 14 104
50 15 66
50 16 27
50 17 81
50 18 114
50 21 26
50 22 17
50 23 126
50 24 32
50 25 54
50 26 62
50 27 92
50 28 109
50 29 13
50 30 67
50 31 64
50 32 57
50 33 21
50 34 54
50 38 115
50 39 25
50 40 107
50 42 54
50 43 25
50 46 51
50 47 85
50 48 103
50 51 54
50 52 93
50 53 80
50 54 86
50 55 43
50 56 34
50 57 110
50 58 52
50 59 76
50 61 91
50 62 51
50 64 118
50 65 47
50 66 108
50 68 55
50 69 94
50 71 66
50 72 47
50 74 36
50 75 32
50 76 39
50 78 25
50 79 107
50 80 109
50 84 99
50 85 84
50 86 117
50 87 54
50 88 90
50 90 95
50 91 109
50 t 66
51 1 40
51 2 105
51 3 17
51 4 36
51 6 118
51 7 84
51 9 72
51 10 85
51 11 13
51 12 70
51 14 87
51 17 66
51 18 79
51 19 50
51 21 59
51 23 51
51 25 38
51 27 49
51 31 71
51 32 15
51 33 105
51 34 54
51 35 13
51 38 109
51 39 55
51 40 81
51 42 14
51 44 87
51 45 90
51 46 93
51 47 95
51 48 46
51 50 54
51 53 14
51 54 59
51 55 120
51 56 108
51 58 44
51 59 110
51 60 50
51 61 84
51 62 75
51 63 111
51 64 64
51 65 85
51 66 34
51 70 39
51 72 15
51 73 43
51 76 69
51 77 23
51 78 35
51 80 65
51 81 91
51 82 115
51 84 17
51 85 63
51 86 47
51 87 18
51 88 115
51 89 95
51 90 116
51 t 101
52 5 82
52 6 81
52 7 60
52 8 44
52 9 74
52 12 73
52 13 95
52 14 25
52 15 124
52 16 127
52 17 103
52 18 32
52 20 32
52 22 19
52 23 35
52 24 59
52 25 50
52 26 36
52 27 72
52 28 67
52 29 67
52 32 72
52 33 89
52 34 101
52 36 30
52 37 16
52 38 75
52 39 27
52 42 15
52 43 98
52 44 86
52 45 15
52 47 32
52 49 22
52 50 93
52 54 106
52 55 84
52 56 119
52 57 21
52 59 27
52 60 98
52 61 45
52 62 65
52 64 75
52 65 122
52 66 80
52 67 92
52 69 65
52 70 92
52 71 22
52 72 25
52 73 126
52 74 125
52 75 45
52 76 125
52 77 22
52 78 55
52 79 98
52 80 114
52 82 68
52 83 97
52 84 54
52 85 18
52 87 110
52 88 90
52 89 50
52 90 97
52 t 32
53 2 40
53 3 31
53 4 81
53 5 40
53 6 34
53 9 90
53 10 93
53 11 96
53 12 113
53 13 56
53 14 26
53 16 125
53 17 98
53 18 53
53 19 114
53 21 105
53 22 16
53 23 14
53 25 118
53 26 124
53 27 40
53 28 85
53 29 13
53 30 83
53 33 84
53 35 22
53 36 39
53 37 100
53 40 13
53 43 41
53 44 84
53 46 107
53 47 42
53 48 92
53 49 27
53 50 80
53 51 14
53 54 13
53 57 69
53 58 124
53 59 45
53 60 46
53 63 49
53 65 49
53 66 105
53 67 50
53 68 13
53 70 63
53 71 81
53 73 58
53 74 66
53 76 117
53 78 83
53 79 117
53 81 74
53 82 49
53 83 79
53 84 100
53 85 101
53 86 51
53 87 109
53 88 81
53 89 127
53 90 116
53 91 94
53 t 94
54 1 41
54 2 119
54 3 73
54 4 113
54 7 100
54 8 98
54 9 106
54 10 127
54 13 63
54 14 91
54 15 51
54 16 19
54 17 49
54 19 84
54 20 86
54 22 40
54 24 73
54 25 119
54 27 40
54 28 44
54 29 17
54 30 115
54 31 68
54 33 106
54 35 88
54 36 47
54 37 104
54 40 107
54 41 70
54 42 19
54 47 43
54 48 57
54 49 82
54 50 86
54 51 59
54 52 106
54 53 13
54 56 66
54 57 114
54 58 43
54 59 84
54 60 38
54 61 104
54 62 30
54 64 44
54 65 34
54 66 66
54 67 13
54 68 80
54 69 22
54 73 14
54 74 14
54 75 33
54 76 20
54 78 37
54 79 43
54 80 84
54 82 74
54 83 33
54 84 66
54 87 58
54 88 53
54 89 120
54 90 41
54 91 82
55 1 98
55 2 56
55 4 97
55 6 111
55 7 110
55 8 85
55 9 17
55 10 56
55 11 70
55 12 56
55 13 24
55 14 19
55 15 101
55 16 62
55 17 18
55 18 47
55 19 64
55 20 73
55 21 40
55 22 58
55 23 111
55 26 86
55 28 96
55 30 106
55 31 109
55 32 99
55 33 25
55 34 117
55 37 32
55 38 31
55 39 32
55 40 32
55 44 15
55 45 13
55 46 107
55 47 77
55 48 42
55 49 24
55 50 43
55 51 120
55 52 84
55 56 50
55 57 84
55 58 89
55 59 17
55 60 87
55 61 90
55 62 60
55 63 65
55 65 126
55 67 106
55 70 38
55 72 39
55 74 76
55 76 100
55 77 45
55 78 127
55 79 14
55 81 97
55 82 83
55 83 79
55 84 91
55 85 20
55 86 101
55 87 72
55 90 50
56 1 80
56 3 95
56 4 20
56 8 16
56 9 83
56 10 48
56 11 106
56 13 60
56 14 89
56 16 34
56 18 42
56 21 37
56 22 101
56 25 95
56 26 98
56 29 83
56 30 59
56 31 57
56 34 127
56 35 13
56 36 52
56 37 98
56 38 27
56 39 28
56 43 84
56 44 92
56 46 85
56 47 51
56 48 89
56 49 106
56 50 34
56 51 108
56 52 119
56 54 66
56 55 50
56 57 42
56 58 77
56 60 15
56 61 118
56 63 61
56 64 40
56 67 50
56 69 64
56 71 113
56 72 69
56 73 33
56 74 112
56 75 71
56 77 51
56 78 78
56 80 54
56 81 104
56 82 70
56 83 95
56 84 33
56 85 26
56 87 117
56 88 104
56 89 94
56 91 112
56 t 89
57 1 119
57 2 107
57 3 71
57 5 72
57 6 47
57 7 57
57 8 112
57 10 62
57 11 121
57 12 92
57 13 107
57 16 47
57 17 123
57 21 101
57 23 102
57 25 37
57 26 101
57 27 23
57 28 35
57 29 57
57 30 62
57 31 21
57 33 90
57 34 53
57 35 108
57 36 88
57 37 81
57 38 93
57 39 113
57 40 88
57 42 113
57 43 95
57 44 115
57 46 28
57 48 106
57 49 77
57 50 110
57 52 21
57 53 69
57 54 114
57 55 84
57 56 42
57 58 29
57 59 89
57 60 125
57 61 103
57 64 70
57 66 22
57 68 73
57 69 17
57 70 67
57 72 34
57 73 119
57 74 38
57 75 34
57 77 56
57 78 47
57 79 85
57 80 126
57 81 40
57 82 31
57 83 100
57 84 112
57 85 42
57 86 19
57 87 115
57 88 102
57 90 124
57 91 113
57 t 43
58 2 115
58 3 58
58 6 109
58 7 45
58 8 120
58 10 127
58 11 88
58 12 17
58 14 53
58 15 39
58 16 60
58 18 42
58 19 60
58 20 43
58 21 23
58 23 77
58 25 35
58 26 84
58 27 62
58 28 16
58 29 34
58 31 119
58 33 36
58 34 57
58 35 90
58 36 112
58 38 87
58 39 122
58 40 33
58 42 114
58 43 125
58 44 127
58 46 65
58 48 15
58 49 26
58 50 52
58 51 44
58 53 124
58 54 43
58 55 89
58 56 77
58 57 29
58 59 32
58 61 16
58 62 82
58 63 96
58 64 40
58 67 92
58 68 118
58 69 28
58 70 28
58 71 87
58 72 101
58 73 62
58 75 114
58 76 80
58 77 124
58 80 79
58 82 62
58 83 78
58 85 116
58 86 14
58 87 108
58 88 96
58 89 65
58 t 77
59 2 111
59 4 19
59 5 94
59 6 96
59 7 28
59 9 34
59 10 88
59 11 110
59 12 99
59 13 96
59 14 22
59 15 48
59 17 79
59 18 114
59 19 19
59 21 30
59 22 26
59 24 28
59 26 112
59 29 36
59 30 124
59 31 60
59 34 42
59 36 103
59 37 108
59 38 119
59 39 35
59 40 103
59 42 73
59 43 74
59 44 43
59 45 80
59 46 63
59 47 42
59 50 76
59 51 110
59 52 27
59 53 45
59 54 84
59 55 17
59 57 89
59 58 32
59 61 56
59 63 95
59 64 55
59 65 51
59 66 39
59 67 30
59 68 115
59 69 34
59 70 21
59 71 40
59 72 98
59 73 29
59 74 74
59 76 36
59 77 82
59 79 46
59 80 99
59 81 98
59 82 21
59 83 101
59 85 97
59 88 24
59 89 38
59 90 29
59 91 98
60 1 65
60 2 101
60 3 62
60 4 42
60 5 124
60 8 78
60 9 110
60 10 40
60 11 108
60 13 77
60 14 106
60 15 80
60 16 44
60 17 42
60 18 38
60 19 30
60 20 46
60 22 117
60 23 123
60 25 124
60 26 67
60 27 71
60 29 47
60 30 110
60 31 75
60 32 114
60 33 81
60 34 57
60 37 102
60 39 112
60 40 73
60 42 61
60 43 46
60 44 69
60 45 85
60 46 53
60 48 93
60 49 48
60 51 50
60 52 98
60 53 46
60 54 38
60 55 87
60 56 15
60 57 125
60 61 118
60 62 16
60 65 102
60 67 117
60 69 89
60 70 74
60 72 115
60 74 16
60 75 110
60 76 104
60 77 50
60 78 123
60 79 52
60 80 91
60 81 23
60 82 60
60 83 75
60 85 88
60 86 122
60 87 45
60 89 88
60 91 20
61 1 99
61 2 20
61 4 107
61 5 45
61 8 56
61 9 42
61 10 96
61 13 27
61 14 74
61 16 39
61 18 89
61 20 64
61 23 39
61 24 33
61 25 73
61 28 78
61 29 40
61 31 68
61 32 111
61 33 106
61 34 16
61 35 64
61 37 58
61 38 92
61 40 56
61 41 56
61 42 48
61 43 44
61 44 63
61 45 101
61 46 27
61 47 55
61 48 70
61 49 33
61 50 91
61 51 84
61 52 45
61 54 104
61 55 90
61 56 118
61 57 103
61 58 16
61 59 56
61 60 118
61 64 15
61 65 51
61 66 44
61 67 89
61 70 14
61 71 43
61 74 107
61 75 38
61 76 31
61 77 68
61 78 103
61 79 76
61 80 107
61 81 60
61 84 50
61 87 70
61 90 48
61 91 118
62 3 15
62 4 64
62 5 112
62 6 95
62 8 29
62 10 18
62 12 56
62 16 94
62 17 116
62 18 65
62 21 13
62 24 108
62 25 103
62 26 53
62 28 109
62 29 101
62 30 123
62 32 119
62 33 103
62 35 108
62 36 90
62 37 36
62 38 44
62 39 58
62 40 111
62 42 118
62 43 95
62 44 127
62 45 66
62 48 30
62 50 51
62 51 75
62 52 65
62 54 30
62 55 60
62 58 82
62 60 16
62 64 79
62 65 89
62 66 72
62 68 83
62 69 124
62 70 87
62 71 99
62 72 41
62 74 46
62 75 96
62 76 93
62 77 23
62 78 102
62 79 124
62 84 99
62 85 73
62 86 92
62 88 93
62 90 107
62 91 51
62 t 48
63 1 61
63 2 111
63 3 85
63 4 29
63 5 113
63 6 124
63 7 47
63 8 70
63 9 97
63 12 55
63 13 33
63 15 15
63 18 101
63 20 45
63 22 103
63 23 15
63 25 115
63 28 105
63 30 100
63 31 40
63 32 104
63 33 80
63 34 94
63 35 125
63 38 95
63 39 60
63 40 48
63 41 69
63 45 31
63 46 42
63 48 49
63 51 111
63 53 49
63 55 65
63 56 61
63 58 96
63 59 95
63 65 121
63 66 34
63 68 87
63 69 68
63 70 75
63 72 105
63 74 75
63 75 98
63 77 71
63 78 42
63 80 79
63 81 118
63 82 116
63 83 14
63 84 109
63 85 66
63 86 19
63 87 35
63 88 57
63 91 16
63 t 21
64 1 46
64 4 14
64 6 82
64 7 110
64 9 21
64 10 74
64 11 113
64 12 53
64 13 122
64 15 16
64 18 54
64 19 66
64 20 55
64 22 49
64 24 69
64 26 28
64 27 40
64 28 67
64 30 111
64 33 110
64 36 103
64 37 24
64 39 50
64 42 118
64 43 25
64 45 45
64 46 53
64 47 117
64 48 81
64 49 55
64 50 118
64 51 64
64 52 75
64 54 44
64 56 40
64 57 70
64 58 40
64 59 55
64 61 15
64 62 79
64 65 63
64 66 57
64 67 96
64 69 67
64 70 50
64 72 77
64 74 20
64 76 77
64 77 98
64 78 26
64 79 57
64 80 114
64 81 87
64 82 69
64 83 21
64 84 118
64 85 91
64 87 68
64 90 127
64 91 51
64 t 85
65 3 91
65 4 13
65 5 79
65 6 46
65 7 22
65 8 33
65 12 106
65 14 59
65 16 40
65 17 83
65 18 51
65 19 65
65 22 97
65 23 41
65 25 81
65 26 125
65 28 94
65 29 118
65 32 70
65 34 29
65 37 23
65 38 35
65 39 115
65 40 22
65 41 34
65 45 90
65 46 27
65 47 17
65 49 91
65 50 47
65 51 85
65 52 122
65 53 49
65 54 34
65 55 126
65 59 51
65 60 102
65 61 51
65 62 89
65 63 121
65 64 63
65 66 58
65 67 124
65 68 92
65 71 22
65 72 62
65 73 42
65 74 61
65 75 93
65 77 122
65 78 110
65 79 82
65 80 60
65 81 47
65 82 60
65 84 31
65 85 89
65 86 103
65 87 18
65 90 109
65 t 25
66 1 76
66 3 39
66 4 127
66 6 64
66 7 32
66 8 70
66 10 45
66 11 55
66 13 72
66 14 53
66 15 60
66 18 122
66 20 33
66 21 102
66 22 48
66 23 49
66 25 62
66 26 93
66 27 88
66 28 120
66 30 83
66 31 76
66 32 127
66 33 13
66 34 27
66 35 57
66 37 112
66 38 123
66 39 117
66 40 126
66 43 13
66 45 19
66 46 114
66 48 114
66 49 46
66 50 108
66 51 34
66 52 80
66 53 105
66 54 66
66 57 22
66 59 39
66 61 44
66 62 72
66 63 34
66 64 57
66 65 58
66 67 34
66 68 65
66 69 53
66 70 94
66 71 16
66 72 86
66 75 35
66 76 35
66 77 103
66 78 50
66 79 76
66 80 43
66 81 16
66 83 117
66 84 47
66 87 79
66 88 94
66 89 101
66 90 45
66 91 47
66 t 62
67 1 19
67 3 43
67 4 67
67 6 110
67 7 106
67 8 69
67 10 22
67 11 98
67 12 23
67 15 49
67 18 32
67 21 48
67 22 75
67 23 31
67 24 14
67 25 117
67 26 93
67 28 85
67 29 58
67 30 51
67 31 103
67 32 123
67 33 40
67 34 66
67 37 40
67 38 21
67 39 19
67 40 32
67 41 110
67 42 75
67 44 93
67 45 113
67 46 41
67 48 45
67 49 40
67 52 92
67 53 50
67 54 13
67 55 106
67 56 50
67 58 92
67 59 30
67 60 117
67 61 89
67 64 96
67 65 124
67 66 34
67 69 62
67 71 70
67 73 124
67 75 24
67 78 69
67 79 123
67 83 32
67 86 46
67 87 56
67 88 17
67 89 97
67 91 38
67 t 100
68 1 70
68 2 77
68 4 106
68 8 20
68 10 117
68 12 91
68 14 76
68 15 96
68 16 45
68 17 48
68 18 14
68 19 87
68 20 58
68 21 19
68 24 80
68 27 103
68 29 122
68 30 116
68 31 59
68 32 76
68 35 35
68 36 103
68 37 77
68 38 38
68 39 115
68 40 62
68 41 39
68 43 72
68 44 117
68 45 94
68 46 109
68 48 36
68 49 83
68 50 55
68 53 13
68 54 80
68 57 73
68 58 118
68 59 115
68 62 83
68 63 87
68 65 92
68 66 65
68 69 18
68 71 57
68 72 74
68 73 73
68 76 51
68 78 40
68 79 42
68 81 75
68 82 105
68 84 49
68 85 112
68 89 107
68 90 56
68 91 119
68 t 119
69 1 80
69 2 73
69 3 50
69 4 94
69 5 48
69 6 95
69 7 111
69 10 74
69 12 97
69 14 116
69 16 102
69 17 45
69 18 111
69 20 78
69 22 30
69 23 44
69 24 35
69 25 85
69 26 97
69 27 54
69 28 60
69 29 115
69 30 24
69 31 77
69 33 105
69 34 121
69 36 77
69 37 69
69 38 99
69 39 88
69 41 98
69 44 22
69 45 95
69 46 39
69 47 126
69 48 30
69 49 40
69 50 94
69 52 65
69 54 22
69 56 64
69 57 17
69 58 28
69 59 34
69 60 89
69 62 124
69 63 68
69 64 67
69 66 53
69 67 62
69 68 18
69 72 87
69 74 61
69 75 102
69 76 51
69 77 46
69 78 98
69 79 76
69 80 30
69 81 66
69 82 124
69 83 65
69 85 96
69 86 29
69 88 113
69 89 92
69 90 86
69 91 95
69 t 106
70 2 86
70 3 61
70 4 65
70 5 59
70 7 88
70 8 54
70 10 113
70 11 27
70 12 52
70 14 107
70 15 39
70 16 81
70 20 111
70 21 33
70 24 25
70 25 62
70 26 39
70 27 91
70 28 109
70 29 100
70 30 19
70 31 86
70 32 66
70 33 45
70 34 25
70 36 106
70 39 77
70 41 87
70 42 85
70 43 59
70 44 98
70 45 69
70 47 44
70 49 14
70 51 39
70 52 92
70 53 63
70 55 38
70 57 67
70 58 28
70 59 21
70 60 74
70 61 14
70 62 87
70 63 75
70 64 50
70 66 94
70 72 106
70 73 88
70 75 72
70 76 122
70 77 101
70 78 64
70 79 114
70 81 89
70 82 29
70 83 39
70 84 35
70 85 34
70 86 35
70 87 110
70 89 73
70 91 17
71 1 120
71 2 58
71 3 25
71 4 106
71 5 90
71 7 31
71 8 106
71 9 40
71 10 109
71 11 67
71 12 40
71 14 74
71 15 84
71 16 27
71 17 42
71 18 79
71 19 61
71 20 66
71 21 113
71 22 118
71 23 40
71 25 97
71 26 112
71 27 93
71 28 122
71 31 40
71 32 93
71 33 50
71 35 112
71 37 43
71 39 15
71 40 119
71 42 88
71 45 50
71 46 57
71 48 75
71 50 66
71 52 22
71 53 81
71 56 113
71 58 87
71 59 40
71 61 43
71 62 99
71 65 22
71 66 16
71 67 70
71 68 57
71 72 36
71 74 31
71 75 96
71 76 52
71 77 107
71 78 41
71 79 113
71 80 69
71 81 79
71 82 49
71 83 80
71 84 60
71 85 41
71 86 52
71 88 47
71 89 108
71 90 121
71 91 91
71 t 16
72 1 78
72 2 81
72 3 84
72 4 76
72 5 28
72 6 30
72 8 69
72 9 126
72 10 72
72 13 95
72 14 105
72 16 113
72 17 36
72 19 88
72 20 109
72 23 106
72 25 110
72 31 60
72 33 18
72 34 22
72 35 18
72 37 29
72 38 108
72 39 58
72 40 90
72 41 81
72 42 88
72 43 68
72 45 74
72 46 98
72 48 117
72 49 85
72 50 47
72 51 15
72 52 25
72 55 39
72 56 69
72 57 34
72 58 101
72 59 98
72 60 115
72 62 41
72 63 105
72 64 77
72 65 62
72 66 86
72 68 74
72 69 87
72 70 106
72 71 36
72 75 27
72 78 31
72 79 95
72 80 104
72 81 111
72 82 51
72 83 60
72 85 95
72 86 121
72 88 18
72 91 40
73 1 122
73 4 98
73 5 73
73 6 114
73 7 43
73 9 47
73 10 52
73 11 90
73 12 47
73 14 70
73 15 38
73 18 112
73 19 40
73 20 113
73 21 35
73 23 23
73 26 54
73 27 77
73 28 58
73 30 65
73 31 105
73 32 125
73 33 82
73 34 84
73 36 105
73 37 119
73 39 95
73 40 36
73 41 71
73 43 75
73 45 61
73 46 106
73 47 57
73 49 51
73 51 43
73 52 126
73 53 58
73 54 14
73 56 33
73 57 119
73 58 62
73 59 29
73 65 42
73 67 124
73 68 73
73 70 88
73 74 102
73 75 73
73 76 102
73 77 111
73 79 122
73 81 118
73 82 117
73 83 93
73 84 40
73 86 65
73 87 27
73 90 100
73 t 45
74 3 74
74 6 21
74 7 91
74 8 51
74 9 52
74 10 46
74 12 110
74 13 91
74 17 96
74 21 72
74 22 92
74 23 59
74 24 14
74 25 65
74 26 38
74 28 47
74 29 112
74 30 60
74 31 13
74 32 118
74 33 100
74 36 75
74 37 17
74 38 102
74 40 47
74 41 112
74 43 108
74 45 112
74 46 62
74 47 19
74 48 33
74 49 84
74 50 36
74 52 125
74 53 66
74 54 14
74 55 76
74 56 112
74 57 38
74 59 74
74 60 16
74 61 107
74 62 46
74 63 75
74 64 20
74 65 61
74 69 61
74 71 31
74 73 102
74 77 88
74 78 31
74 79 40
74 80 99
74 81 24
74 82 26
74 83 31
74 84 91
74 86 72
74 87 119
74 88 109
74 89 116
74 90 36
74 91 105
74 t 24
75 1 119
75 3 40
75 4 89
75 6 89
75 7 58
75 9 110
75 10 105
75 11 39
75 12 78
75 13 64
75 14 31
75 15 125
75 16 48
75 18 68
75 19 54
75 20 59
75 21 75
75 22 101
75 23 112
75 24 109
75 29 107
75 30 104
75 33 28
75 34 21
75 35 31
75 36 24
75 41 103
75 42 62
75 43 21
75 44 56
75 46 67
75 50 32
75 52 45
75 54 33
75 56 71
75 57 34
75 58 114
75 60 110
75 61 38
75 62 96
75 63 98
75 65 93
75 66 35
75 67 24
75 69 102
75 70 72
75 71 96
75 72 27
75 73 73
75 77 59
75 81 85
75 82 77
75 83 45
75 84 119
75 85 122
75 86 16
75 87 31
75 88 97
75 90 31
75 91 56
75 t 67
76 1 42
76 3 62
76 5 59
76 6 99
76 8 82
76 9 27
76 10 93
76 11 58
76 12 51
76 13 58
76 15 90
76 16 108
76 17 30
76 18 38
76 19 20
76 23 88
76 24 25
76 27 21
76 29 113
76 30 77
76 31 73
76 32 100
76 36 21
76 37 109
76 38 52
76 39 55
76 40 99
76 43 73
76 45 76
76 46 121
76 47 42
76 48 94
76 49 120
76 50 39
76 51 69
76 52 125
76 53 117
76 54 20
76 55 100
76 58 80
76 59 36
76 60 104
76 61 31
76 62 93
76 64 77
76 66 35
76 68 51
76 69 51
76 70 122
76 71 52
76 73 102
76 77 53
76 79 26
76 80 115
76 81 50
76 82 81
76 83 13
76 84 121
76 85 126
76 88 117
76 89 125
76 91 15
76 t 104
77 1 42
77 2 30
77 4 32
77 5 126
77 8 52
77 9 94
77 10 19
77 11 101
77 12 87
77 14 81
77 15 106
77 18 18
77 21 50
77 23 111
77 24 126
77 26 78
77 27 89
77 28 82
77 29 73
77 30 94
77 32 36
77 33 59
77 34 73
77 36 16
77 37 81
77 39 109
77 42 108
77 43 53
77 44 95
77 47 86
77 51 23
77 52 22
77 55 45
77 56 51
77 57 56
77 58 124
77 59 82
77 60 50
77 61 68
77 62 23
77 63 71
77 64 98
77 65 122
77 66 103
77 69 46
77 70 101
77 71 107
77 73 111
77 74 88
77 75 59
77 76 53
77 78 125
77 80 41
77 85 95
77 86 91
77 87 63
77 89 39
77 91 71
77 t 108
78 1 63
78 4 48
78 5 27
78 6 66
78 7 82
78 8 13
78 9 90
78 10 59
78 11 117
78 13 30
78 14 100
78 15 109
78 16 66
78 17 41
78 20 36
78 21 36
78 23 88
78 24 54
78 28 42
78 29 34
78 31 97
78 32 87
78 35 94
78 36 112
78 37 116
78 40 31
78 41 34
78 42 33
78 44 124
78 45 39
78 46 44
78 47 56
78 49 81
78 50 25
78 51 35
78 52 55
78 53 83
78 54 37
78 55 127
78 56 78
78 57 47
78 60 123
78 61 103
78 62 102
78 63 42
78 64 26
78 65 110
78 66 50
78 67 69
78 68 40
78 69 98
78 70 64
78 71 41
78 72 31
78 74 31
78 77 125
78 80 63
78 81 28
78 82 54
78 83 90
78 84 104
78 85 118
78 86 38
78 87 68
78 89 108
78 90 104
78 91 64
78 t 45
79 2 51
79 5 106
79 6 13
79 9 119
79 11 102
79 12 112
79 13 52
79 14 53
79 17 77
79 18 75
79 19 14
79 20 96
79 21 75
79 22 71
79 23 32
79 24 123
79 25 114
79 27 77
79 28 17
79 31 54
79 32 57
79 33 83
79 37 106
79 38 127
79 39 13
79 40 111
79 41 20
79 42 122
79 44 110
79 45 74
79 46 30
79 47 26
79 49 46
79 50 107
79 52 98
79 53 117
79 54 43
79 55 14
79 57 85
79 59 46
79 60 52
79 61 76
79 62 124
79 64 57
79 65 82
79 66 76
79 67 123
79 68 42
79 69 76
79 70 114
79 71 113
79 72 95
79 73 122
79 74 40
79 76 26
79 80 93
79 81 121
79 82 122
79 84 109
79 86 113
79 87 107
79 88 111
79 89 110
79 90 47
79 t 31
80 1 62
80 2 48
80 4 127
80 5 48
80 7 111
80 9 100
80 10 28
80 11 79
80 12 64
80 13 89
80 14 78
80 15 36
80 16 74
80 17 103
80 18 52
80 19 63
80 21 89
80 22 34
80 24 59
80 26 56
80 28 60
80 30 16
80 32 53
80 33 88
80 34 22
80 35 104
80 36 115
80 37 19
80 38 112
80 42 118
80 43 35
80 44 14
80 45 119
80 46 108
80 47 40
80 48 70
80 50 109
80 51 65
80 52 114
80 54 84
80 56 54
80 57 126
80 58 79
80 59 99
80 60 91
80 61 107
80 63 79
80 64 114
80 65 60
80 66 43
80 69 30
80 71 69
80 72 104
80 74 99
80 76 115
80 77 41
80 78 63
80 79 93
80 81 17
80 82 90
80 84 114
80 85 46
80 87 126
80 88 37
80 89 20
80 90 24
80 91 47
81 1 35
81 2 120
81 5 37
81 6 36
81 10 56
81 11 74
81 12 127
81 13 76
81 16 76
81 18 23
81 20 37
81 21 14
81 23 106
81 27 120
81 30 92
81 31 119
81 32 45
81 33 115
81 34 71
81 35 71
81 36 96
81 37 97
81 38 67
81 39 17
81 40 41
81 42 102
81 43 74
81 44 30
81 46 69
81 48 85
81 51 91
81 53 74
81 55 97
81 56 104
81 57 40
81 59 98
81 60 23
81 61 60
81 63 118
81 64 87
81 65 47
81 66 16
81 68 75
81 69 66
81 70 89
81 71 79
81 72 111
81 73 118
81 74 24
81 75 85
81 76 50
81 78 28
81 79 121
81 80 17
81 82 103
81 86 105
81 87 75
81 88 82
81 90 86
82 1 95
82 2 15
82 3 82
82 5 28
82 10 43
82 11 77
82 13 124
82 15 54
82 17 60
82 18 21
82 19 110
82 20 66
82 24 91
82 25 127
82 31 64
82 32 126
82 33 14
82 34 101
82 35 76
82 36 88
82 37 14
82 38 60
82 39 67
82 41 35
82 42 113
82 44 52
82 45 19
82 46 114
82 47 73
82 48 55
82 49 56
82 51 115
82 52 68
82 53 49
82 54 74
82 55 83
82 56 70
82 57 31
82 58 62
82 59 21
82 60 60
82 63 116
82 64 69
82 65 60
82 68 105
82 69 124
82 70 29
82 71 49
82 72 51
82 73 117
82 74 26
82 75 77
82 76 81
82 78 54
82 79 122
82 80 90
82 81 103
82 84 80
82 85 76
82 86 18
82 90 40
82 91 39
83 1 69
83 2 50
83 6 52
83 7 125
83 8 100
83 11 26
83 12 92
83 15 124
83 17 100
83 18 50
83 19 30
83 21 107
83 23 57
83 24 110
83 26 101
83 28 43
83 29 85
83 30 94
83 32 123
83 33 14
83 34 84
83 35 48
83 36 42
83 37 51
83 38 110
83 43 17
83 44 22
83 46 20
83 47 111
83 48 79
83 49 70
83 52 97
83 53 79
83 54 33
83 55 79
83 56 95
83 57 100
83 58 78
83 59 101
83 60 75
83 63 14
83 64 21
83 66 117
83 67 32
83 69 65
83 70 39
83 71 80
83 72 60
83 73 93
83 74 31
83 75 45
83 76 13
83 78 90
83 85 120
83 86 74
83 88 69
83 89 60
83 90 111
83 t 30
84 3 50
84 5 19
84 6 14
84 7 73
84 8 54
84 9 29
84 10 118
84 11 63
84 12 113
84 14 32
84 15 93
84 17 82
84 18 14
84 19 37
84 20 27
84 23 107
84 24 81
84 25 66
84 26 38
84 27 88
84 28 112
84 30 81
84 32 57
84 33 94
84 34 41
84 37 42
84 38 78
84 39 91
84 40 104
84 41 14
84 42 37
84 44 38
84 45 55
84 47 93
84 48 106
84 49 67
84 50 99
84 51 17
84 52 54
84 53 100
84 54 66
84 55 91
84 56 33
84 57 112
84 61 50
84 62 99
84 63 109
84 64 118
84 65 31
84 66 47
84 68 49
84 70 35
84 71 60
84 73 40
84 74 91
84 75 119
84 76 121
84 78 104
84 79 109
84 80 114
84 82 80
84 85 112
84 86 72
84 88 106
84 89 42
84 91 16
85 2 44
85 3 39
85 4 82
85 6 54
85 8 29
85 9 88
85 10 35
85 12 28
85 13 106
85 14 119
85 17 71
85 18 47
85 19 28
85 20 119
85 22 97
85 23 103
85 24 114
85 25 77
85 26 55
85 27 19
85 28 119
85 29 31
85 30 116
85 31 86
85 34 35
85 35 93
85 36 98
85 37 35
85 39 82
85 40 96
85 43 20
85 44 39
85 45 104
85 46 22
85 48 33
85 49 80
85 50 84
85 51 63
85 52 18
85 53 101
85 55 20
85 56 26
85 57 42
85 58 116
85 59 97
85 60 88
85 62 73
85 63 66
85 64 91
85 65 89
85 68 112
85 69 96
85 70 34
85 71 41
85 72 95
85 75 122
85 76 126
85 77 95
85 78 118
85 80 46
85 82 76
85 83 120
85 84 112
85 86 69
85 87 119
85 88 69
85 90 121
85 91 118
85 t 52
86 2 92
86 3 50
86 4 63
86 6 104
86 7 48
86 10 102
86 11 101
86 12 88
86 13 22
86 14 22
86 16 124
86 17 25
86 20 33
86 22 121
86 23 89
86 24 16
86 27 89
86 28 110
86 29 76
86 30 121
86 31 114
86 32 95
86 34 65
86 36 25
86 37 98
86 38 90
86 39 98
86 40 114
86 41 20
86 42 81
86 43 90
86 44 123
86 46 63
86 47 100
86 49 35
86 50 117
86 51 47
86 53 51
86 55 101
86 57 19
86 58 14
86 60 122
86 62 92
86 63 19
86 65 103
86 67 46
86 69 29
86 70 35
86 71 52
86 72 121
86 73 65
86 74 72
86 75 16
86 77 91
86 78 38
86 79 113
86 81 105
86 82 18
86 83 74
86 84 72
86 85 69
86 88 34
86 89 32
86 90 59
86 t 118
87 2 98
87 3 25
87 6 98
87 7 19
87 8 94
87 9 24
87 10 103
87 11 117
87 12 50
87 13 38
87 15 37
87 17 67
87 18 15
87 21 66
87 22 29
87 27 78
87 28 80
87 32 81
87 33 42
87 34 66
87 35 78
87 37 73
87 38 32
87 39 90
87 41 32
87 43 101
87 44 35
87 45 57
87 46 116
87 47 107
87 48 42
87 50 54
87 51 18
87 52 110
87 53 109
87 54 58
87 55 72
87 56 117
87 57 115
87 58 108
87 60 45
87 61 70
87 63 35
87 64 68
87 65 18
87 66 79
87 67 56
87 70 110
87 73 27
87 74 119
87 75 31
87 77 63
87 78 68
87 79 107
87 80 126
87 81 75
87 85 119
87 88 113
87 89 126
87 90 40
87 t 76
88 1 112
88 3 104
88 5 81
88 6 86
88 8 112
88 9 124
88 10 33
88 11 48
88 12 50
88 13 56
88 14 17
88 16 69
88 17 85
88 18 80
88 19 14
88 20 87
88 21 17
88 22 48
88 24 70
88 25 105
88 26 118
88 28 21
88 31 57
88 32 101
88 33 100
88 34 51
88 35 120
88 36 73
88 37 19
88 38 101
88 39 86
88 40 49
88 41 95
88 42 118
88 43 103
88 47 103
88 50 90
88 51 115
88 52 90
88 53 81
88 54 53
88 56 104
88 57 102
88 58 96
88 59 24
88 62 93
88 63 57
88 66 94
88 67 17
88 69 113
88 71 47
88 72 18
88 74 109
88 75 97
88 76 117
88 79 111
88 80 37
88 81 82
88 83 69
88 84 106
88 85 69
88 86 34
88 87 113
88 90 115
88 91 53
88 t 99
89 2 114
89 7 20
89 8 87
89 9 66
89 10 57
89 11 98
89 12 62
89 14 20
89 15 115
89 18 49
89 19 104
89 22 86
89 23 49
89 25 96
89 26 118
89 27 38
89 28 46
89 33 41
89 35 102
89 38 22
89 40 53
89 45 87
89 47 42
89 48 66
89 49 53
89 51 95
89 52 50
89 53 127
89 54 120
89 56 94
89 58 65
89 59 38
89 60 88
89 66 101
89 67 97
89 68 107
89 69 92
89 70 73
89 71 108
89 74 116
89 76 125
89 77 39
89 78 108
89 79 110
89 80 20
89 83 60
89 84 42
89 86 32
89 87 126
89 90 47
89 91 108
89 t 44
90 1 76
90 2 80
90 4 120
90 5 75
90 6 61
90 8 127
90 9 96
90 11 74
90 13 93
90 14 43
90 15 110
90 16 74
90 19 58
90 20 123
90 21 117
90 22 17
90 23 30
90 25 107
90 26 93
90 28 75
90 29 66
90 32 99
90 33 87
90 34 37
90 35 64
90 36 96
90 37 99
90 39 34
90 40 119
90 43 21
90 44 80
90 45 28
90 46 94
90 49 58
90 50 95
90 51 116
90 52 97
90 53 116
90 54 41
90 55 50
90 57 124
90 59 29
90 61 48
90 62 107
90 64 127
90 65 109
90 66 45
90 68 56
90 69 86
90 71 121
90 73 100
90 74 36
90 75 31
90 78 104
90 79 47
90 80 24
90 81 86
90 82 40
90 83 111
90 85 121
90 86 59
90 87 40
90 88 115
90 89 47
90 91 100
90 t 64
91 1 76
91 3 69
91 5 124
91 6 118
91 7 115
91 8 53
91 9 66
91 11 48
91 13 90
91 15 57
91 18 122
91 19 80
91 20 113
91 22 30
91 23 63
91 25 71
91 26 25
91 27 32
91 28 83
91 29 110
91 30 72
91 32 90
91 34 57
91 35 53
91 37 83
91 38 87
91 40 13
91 41 79
91 42 93
91 43 66
91 45 61
91 46 43
91 48 17
91 49 86
91 50 109
91 53 94
91 54 82
91 56 112
91 57 113
91 59 98
91 60 20
91 61 118
91 62 51
91 63 16
91 64 51
91 66 47
91 67 38
91 68 119
91 69 95
91 70 17
91 71 91
91 72 40
91 74 105
91 75 56
91 76 15
91 77 71
91 78 64
91 80 47
91 82 39
91 84 16
91 85 118
91 88 53
91 89 108
91 90 100
91 t 40
