s 1 29
s 2 54
s 3 69
s 5 28
s 6 46
s 7 37
s 8 48
s 9 45
s 10 31
s 11 48
s 12 51
s 14 59
s 15 25
s 16 53
s 17 61
s 18 23
s 22 40
s 23 44
s 24 52
s 27 33
s 28 22
s 29 60
s 30 42
s 31 49
s 32 21
s 33 62
s 34 39
s 35 62
s 36 39
s 37 62
s 38 46
s 39 46
s 41 39
s 43 28
s 46 44
s 47 23
s 50 66
s 51 22
s 52 18
s 53 30
s 55 38
s 56 40
s 57 68
s 58 30
s 59 36
s 60 32
s 61 69
s 62 30
s 63 55
s 65 64
s 66 56
s 67 66
s 69 27
s 71 38
s 72 19
s 73 58
s 74 59
s 75 44
s 76 22
s 77 61
s 78 20
s 80 28
s 81 58
s 82 41
s 83 68
s 84 69
s 85 36
s 86 41
s 89 35
s 92 52
s 93 67
s 94 27
s 95 68
s 96 26
s 97 44
s 98 19
s 99 64
s 100 47
s 101 19
s 102 66
s t 47
1 3 21
1 4 19
1 5 21
1 7 26
1 8 28
1 9 56
1 10 33
1 12 68
1 13 22
1 14 23
1 15 40
1 17 39
1 18 36
1 19 19
1 21 54
1 23 55
1 24 45
1 25 44
1 26 47
1 28 33
1 29 62
1 30 21
1 31 17
1 32 46
1 33 17
1 35 62
1 36 45
1 37 53
1 38 32
1 39 33
1 40 57
1 42 63
1 43 23
1 45 68
1 46 63
1 47 30
1 48 48
1 50 63
1 51 25
1 52 42
1 54 30
1 55 54
1 56 45
1 57 31
1 58 20
1 59 45
1 60 67
1 61 43
1 62 29
1 64 44
1 65 55
1 67 30
1 68 62
1 71 66
1 72 38
1 73 33
1 74 53
1 75 59
1 76 62
1 77 27
1 79 63
1 81 30
1 83 49
1 84 50
1 85 58
1 86 25
1 87 52
1 88 20
1 89 59
1 90 24
1 92 67
1 93 30
1 94 36
1 96 23
1 98 47
1 99 36
1 100 40
1 101 51
1 103 31
1 t 25
2 3 64
2 4 47
2 5 17
2 6 27
2 7 46
2 8 22
2 9 24
2 10 24
2 12 23
2 13 39
2 14 46
2 15 53
2 16 41
2 17 31
2 18 23
2 19 35
2 20 46
2 21 59
2 22 62
2 23 34
2 25 32
2 26 62
2 27 21
2 29 20
2 30 20
2 31 63
2 32 19
2 33 20
2 34 69
2 35 23
2 36 60
2 37 48
2 38 34
2 40 18
2 41 69
2 42 41
2 43 41
2 45 50
2 46 58
2 47 59
2 49 54
2 50 57
2 53 57
2 54 48
2 55 17
2 56 25
2 57 59
2 60 27
2 61 55
2 62 36
2 63 21
2 64 45
2 65 50
2 66 41
2 67 33
2 68 65
2 69 40
2 70 58
2 71 44
2 74 42
2 75 59
2 76 68
2 77 53
2 79 50
2 80 43
2 81 22
2 82 56
2 83 32
2 84 69
2 85 40
2 86 65
2 87 59
2 88 25
2 89 23
2 92 54
2 93 47
2 94 48
2 96 36
2 97 55
2 99 64
2 100 63
2 101 60
2 102 69
2 103 66
2 t 60
3 1 21
3 2 64
3 4 25
3 5 56
3 6 33
3 7 56
3 8 26
3 11 57
3 12 63
3 14 51
3 15 68
3 16 60
3 17 63
3 18 63
3 20 17
3 21 55
3 22 29
3 25 51
3 26 26
3 28 38
3 29 62
3 30 66
3 31 29
3 33 46
3 34 32
3 35 34
3 37 31
3 39 65
3 40 25
3 41 36
3 44 40
3 47 56
3 48 23
3 49 31
3 50 19
3 51 54
3 52 65
3 53 22
3 54 69
3 55 26
3 57 56
3 59 23
3 60 31
3 61 23
3 63 50
3 64 35
3 65 42
3 66 23
3 67 48
3 68 43
3 69 41
3 70 36
3 71 27
3 72 62
3 73 44
3 74 38
3 75 27
3 76 65
3 77 20
3 78 62
3 79 38
3 80 37
3 81 67
3 83 54
3 84 56
3 85 69
3 86 27
3 88 26
3 89 53
3 90 25
3 92 62
3 93 24
3 94 24
3 95 45
3 96 64
3 97 29
3 98 63
3 99 28
3 100 67
3 102 46
3 103 39
3 t 56
4 1 19
4 2 47
4 3 25
4 5 68
4 6 27
4 7 24
4 8 69
4 9 30
4 10 38
4 11 60
4 12 18
4 13 69
4 14 28
4 15 24
4 17 67
4 19 27
4 20 24
4 21 22
4 22 57
4 23 68
4 24 32
4 25 30
4 26 23
4 27 24
4 28 34
4 30 29
4 32 49
4 34 38
4 35 60
4 36 69
4 37 54
4 38 66
4 39 29
4 40 64
4 41 20
4 42 22
4 43 43
4 44 25
4 46 69
4 47 66
4 48 22
4 49 27
4 50 35
4 53 39
4 54 21
4 55 26
4 56 68
4 57 29
4 58 67
4 59 36
4 61 52
4 62 23
4 63 50
4 64 49
4 65 41
4 66 51
4 67 49
4 70 52
4 71 32
4 72 56
4 73 19
4 74 48
4 75 23
4 76 21
4 77 40
4 78 61
4 80 53
4 81 44
4 82 24
4 83 34
4 85 46
4 86 39
4 87 35
4 89 18
4 90 67
4 91 39
4 92 61
4 93 63
4 94 49
4 95 64
4 96 47
4 98 31
4 101 66
4 103 51
4 t 48
5 1 21
5 2 17
5 3 56
5 4 68
5 6 56
5 7 39
5 8 52
5 9 65
5 10 41
5 12 25
5 14 27
5 15 66
5 16 28
5 17 53
5 18 29
5 19 60
5 20 43
5 21 51
5 22 44
5 25 64
5 26 28
5 27 29
5 28 60
5 29 63
5 31 68
5 32 48
5 33 37
5 34 64
5 35 69
5 36 48
5 38 37
5 39 66
5 40 58
5 41 30
5 42 18
5 43 58
5 44 58
5 45 66
5 46 60
5 47 66
5 48 36
5 49 65
5 50 32
5 51 36
5 53 21
5 54 65
5 55 38
5 57 40
5 59 68
5 60 38
5 61 67
5 62 26
5 63 58
5 64 52
5 65 26
5 66 59
5 67 66
5 68 56
5 70 17
5 71 34
5 72 36
5 73 56
5 74 27
5 76 58
5 77 23
5 78 62
5 79 52
5 81 50
5 82 31
5 84 43
5 85 17
5 88 18
5 89 35
5 92 37
5 93 53
5 94 30
5 95 59
5 96 53
5 97 35
5 99 56
5 100 51
5 101 45
5 102 45
5 t 31
6 2 27
6 3 33
6 4 27
6 5 56
6 7 22
6 8 58
6 9 41
6 10 22
6 11 19
6 12 35
6 13 53
6 14 66
6 15 54
6 16 18
6 18 59
6 20 47
6 21 61
6 22 18
6 23 17
6 24 53
6 25 66
6 26 45
6 27 18
6 29 32
6 30 53
6 31 38
6 32 58
6 33 23
6 35 50
6 36 63
6 37 19
6 38 24
6 39 47
6 40 56
6 41 67
6 43 26
6 44 37
6 45 26
6 46 18
6 47 59
6 48 18
6 49 64
6 50 28
6 52 55
6 54 40
6 55 21
6 56 42
6 58 30
6 62 32
6 64 28
6 65 42
6 66 67
6 67 59
6 68 33
6 69 26
6 70 19
6 71 61
6 72 34
6 74 32
6 75 43
6 77 67
6 79 35
6 82 19
6 83 18
6 84 19
6 85 19
6 86 63
6 87 36
6 88 45
6 92 49
6 93 41
6 96 47
6 97 49
6 99 52
6 100 31
6 103 40
6 t 60
7 1 26
7 2 46
7 3 56
7 4 24
7 5 39
7 6 22
7 9 53
7 10 30
7 11 68
7 12 48
7 13 40
7 15 62
7 16 23
7 17 33
7 18 38
7 20 52
7 21 32
7 22 35
7 23 51
7 26 27
7 27 28
7 28 52
7 29 33
7 30 64
7 31 68
7 35 32
7 36 26
7 37 50
7 38 44
7 41 67
7 43 40
7 44 23
7 45 47
7 46 53
7 48 32
7 50 27
7 51 46
7 52 22
7 53 61
7 55 19
7 56 37
7 57 66
7 58 29
7 59 19
7 61 25
7 62 29
7 63 48
7 64 54
7 65 26
7 67 66
7 68 45
7 70 37
7 71 48
7 72 34
7 73 42
7 76 27
7 77 58
7 78 59
7 79 41
7 80 60
7 81 36
7 82 45
7 83 19
7 84 36
7 86 53
7 87 47
7 89 66
7 90 59
7 91 57
7 93 22
7 94 30
7 95 54
7 96 28
7 97 38
7 98 28
7 99 33
7 100 63
7 101 22
7 102 51
7 103 34
7 t 23
8 1 28
8 2 22
8 3 26
8 4 69
8 5 52
8 6 58
8 9 40
8 10 30
8 12 39
8 13 40
8 14 31
8 15 44
8 16 52
8 17 27
8 18 37
8 19 25
8 20 28
8 22 40
8 24 37
8 26 67
8 28 55
8 29 30
8 31 27
8 33 44
8 34 30
8 35 51
8 36 37
8 37 59
8 38 40
8 39 62
8 40 30
8 41 62
8 42 52
8 43 32
8 45 57
8 46 20
8 47 42
8 48 59
8 49 36
8 51 58
8 52 26
8 56 62
8 57 59
8 60 26
8 62 40
8 63 33
8 64 59
8 65 31
8 66 53
8 67 23
8 68 67
8 71 34
8 73 21
8 74 49
8 76 63
8 77 49
8 78 32
8 79 32
8 80 38
8 81 26
8 82 49
8 83 51
8 84 43
8 85 62
8 86 39
8 89 45
8 90 37
8 91 48
8 93 45
8 95 61
8 96 65
8 97 26
8 98 50
8 99 32
8 100 48
8 101 34
8 102 34
8 103 63
8 t 43
9 1 56
9 2 24
9 4 30
9 5 65
9 6 41
9 7 53
9 8 40
9 10 67
9 12 60
9 15 69
9 16 31
9 18 35
9 19 25
9 21 56
9 24 68
9 25 28
9 26 40
9 29 46
9 30 29
9 32 40
9 33 67
9 34 62
9 35 31
9 36 53
9 37 42
9 38 24
9 39 26
9 40 68
9 43 63
9 44 50
9 45 24
9 46 63
9 47 17
9 50 31
9 52 37
9 55 48
9 56 62
9 57 43
9 58 59
9 60 43
9 61 55
9 62 41
9 63 38
9 64 66
9 65 27
9 66 62
9 68 46
9 69 33
9 70 31
9 71 40
9 72 17
9 73 52
9 74 50
9 75 23
9 76 60
9 77 69
9 78 18
9 80 29
9 81 25
9 82 56
9 83 69
9 84 34
9 85 20
9 86 38
9 87 23
9 88 63
9 89 58
9 90 31
9 91 64
9 92 43
9 93 49
9 94 36
9 95 61
9 96 41
9 97 49
9 98 52
9 99 53
9 100 67
9 101 67
9 102 41
9 103 47
9 t 66
10 1 33
10 2 24
10 4 38
10 5 41
10 6 22
10 7 30
10 8 30
10 9 67
10 12 18
10 13 49
10 15 27
10 16 54
10 17 31
10 18 45
10 19 33
10 21 25
10 22 54
10 23 52
10 24 40
10 27 19
10 28 47
10 29 35
10 30 41
10 31 35
10 32 48
10 34 53
10 35 37
10 36 44
10 38 17
10 39 39
10 40 39
10 41 54
10 42 58
10 44 53
10 45 18
10 46 40
10 47 64
10 48 25
10 49 36
10 51 48
10 52 40
10 55 27
10 56 29
10 57 59
10 58 27
10 60 25
10 61 57
10 62 34
10 63 60
10 64 45
10 65 34
10 66 28
10 68 44
10 69 20
10 71 25
10 74 21
10 76 54
10 79 44
10 80 53
10 81 44
10 83 60
10 84 65
10 85 60
10 86 40
10 87 40
10 88 47
10 89 67
10 90 30
10 91 32
10 92 42
10 93 45
10 94 55
10 95 58
10 96 45
10 97 61
10 98 69
10 99 51
10 100 46
10 101 44
10 102 22
11 3 57
11 4 60
11 6 19
11 7 68
11 12 38
11 13 67
11 14 47
11 15 34
11 16 30
11 17 17
11 18 62
11 19 67
11 21 63
11 22 39
11 23 57
11 24 65
11 25 18
11 26 67
11 27 59
11 28 63
11 29 67
11 30 52
11 31 47
11 32 52
11 33 39
11 34 54
11 35 27
11 37 38
11 38 65
11 39 41
11 40 37
11 41 42
11 42 27
11 43 49
11 44 34
11 45 20
11 46 49
11 47 24
11 49 68
11 51 25
11 53 33
11 54 61
11 55 45
11 56 48
11 57 51
11 58 51
11 59 25
11 60 20
11 61 62
11 62 20
11 63 61
11 64 54
11 65 42
11 66 34
11 67 36
11 69 49
11 70 46
11 71 26
11 72 26
11 73 37
11 74 49
11 75 39
11 76 57
11 77 65
11 79 57
11 80 35
11 81 48
11 82 21
11 83 44
11 84 31
11 85 21
11 86 36
11 88 56
11 89 50
11 91 51
11 92 69
11 93 18
11 94 46
11 95 65
11 96 23
11 97 52
11 98 51
11 100 66
11 101 18
11 102 45
11 103 39
12 1 68
12 2 23
12 3 63
12 4 18
12 5 25
12 6 35
12 7 48
12 8 39
12 9 60
12 10 18
12 11 38
12 13 20
12 14 65
12 15 40
12 16 24
12 18 53
12 19 29
12 20 23
12 21 63
12 22 57
12 23 28
12 24 50
12 28 44
12 30 52
12 31 32
12 32 34
12 33 55
12 34 54
12 35 68
12 36 25
12 37 44
12 38 54
12 39 19
12 40 45
12 41 24
12 43 50
12 45 48
12 46 53
12 47 39
12 48 19
12 49 35
12 50 17
12 51 28
12 52 37
12 54 33
12 56 54
12 57 58
12 58 53
12 59 63
12 60 64
12 61 65
12 62 20
12 63 51
12 64 43
12 66 18
12 68 28
12 69 40
12 73 26
12 74 42
12 76 50
12 77 41
12 78 35
12 79 47
12 81 19
12 82 65
12 83 45
12 84 29
12 86 25
12 88 23
12 90 40
12 91 38
12 92 18
12 93 43
12 94 21
12 95 38
12 96 38
12 98 24
12 99 58
12 100 67
12 101 57
12 102 22
12 103 55
12 t 65
13 1 22
13 2 39
13 4 69
13 6 53
13 7 40
13 8 40
13 10 49
13 11 67
13 12 20
13 14 61
13 15 62
13 16 48
13 17 66
13 19 43
13 25 30
13 26 35
13 28 24
13 29 23
13 30 21
13 33 46
13 34 48
13 35 66
13 36 66
13 37 67
13 38 66
13 39 23
13 41 26
13 42 22
13 43 34
13 44 64
13 45 68
13 46 27
13 47 63
13 49 47
13 50 17
13 52 39
13 53 19
13 54 61
13 56 18
13 57 18
13 60 53
13 61 47
13 62 38
13 63 20
13 64 24
13 65 51
13 66 43
13 67 51
13 69 17
13 71 17
13 72 58
13 73 24
13 75 30
13 76 35
13 77 44
13 78 24
13 79 31
13 80 45
13 81 31
13 83 57
13 84 20
13 85 57
13 86 52
13 87 69
13 88 21
13 89 47
13 90 32
13 91 34
13 92 55
13 93 33
13 94 21
13 95 26
13 96 43
13 98 64
13 100 36
13 101 32
13 102 36
13 103 21
13 t 44
14 1 23
14 2 46
14 3 51
14 4 28
14 5 27
14 6 66
14 8 31
14 11 47
14 12 65
14 13 61
14 15 33
14 16 60
14 17 52
14 18 26
14 19 26
14 20 39
14 21 69
14 22 69
14 24 50
14 25 33
14 29 25
14 30 58
14 31 62
14 33 58
14 35 60
14 37 66
14 39 50
14 40 23
14 41 33
14 42 19
14 43 19
14 44 59
14 45 44
14 46 44
14 47 23
14 48 51
14 49 46
14 51 20
14 52 20
14 53 68
14 54 56
14 55 34
14 56 30
14 57 41
14 59 47
14 61 68
14 62 46
14 63 64
14 64 55
14 65 64
14 66 36
14 67 58
14 69 43
14 70 40
14 71 34
14 74 51
14 76 56
14 77 29
14 78 54
14 79 68
14 81 39
14 82 17
14 83 46
14 85 29
14 86 23
14 87 44
14 89 63
14 91 22
14 92 35
14 93 69
14 95 61
14 97 68
14 98 49
14 99 52
14 100 20
14 101 24
14 103 19
14 t 46
15 1 40
15 2 53
15 3 68
15 4 24
15 5 66
15 6 54
15 7 62
15 8 44
15 9 69
15 10 27
15 11 34
15 12 40
15 13 62
15 14 33
15 16 20
15 17 40
15 18 22
15 20 50
15 21 20
15 23 59
15 24 61
15 25 63
15 26 39
15 27 39
15 28 52
15 29 31
15 30 45
15 32 22
15 33 18
15 34 56
15 36 40
15 37 17
15 38 54
15 39 47
15 40 50
15 41 59
15 42 54
15 44 42
15 46 42
15 47 54
15 48 53
15 49 31
15 51 47
15 52 51
15 53 27
15 55 60
15 56 49
15 57 22
15 58 43
15 59 22
15 60 51
15 61 19
15 62 68
15 63 39
15 64 46
15 65 21
15 67 27
15 70 28
15 71 29
15 72 52
15 73 42
15 74 45
15 75 69
15 76 34
15 77 18
15 78 44
15 79 19
15 80 44
15 81 55
15 82 24
15 83 33
15 84 60
15 85 44
15 86 40
15 87 41
15 88 28
15 90 43
15 91 34
15 92 60
15 94 49
15 95 17
15 96 44
15 97 49
15 98 51
15 99 51
15 100 48
15 101 26
15 103 56
15 t 51
16 2 41
16 3 60
16 5 28
16 6 18
16 7 23
16 8 52
16 9 31
16 10 54
16 11 30
16 12 24
16 13 48
16 14 60
16 15 20
16 17 19
16 19 48
16 21 36
16 22 29
16 24 18
16 25 22
16 26 65
16 27 57
16 28 36
16 29 22
16 31 58
16 32 60
16 34 58
16 35 38
16 36 65
16 37 65
16 38 66
16 39 51
16 40 17
16 41 33
16 42 51
16 43 66
16 44 58
16 45 66
16 46 58
16 47 33
16 48 62
16 49 43
16 51 46
16 52 22
16 53 66
16 55 55
16 56 34
16 57 59
16 58 69
16 59 29
16 60 26
16 61 41
16 62 52
16 63 63
16 64 30
16 65 55
16 66 34
16 67 65
16 68 65
16 69 24
16 70 44
16 71 27
16 72 47
16 73 40
16 75 53
16 76 28
16 77 28
16 78 32
16 79 41
16 81 29
16 82 34
16 84 24
16 85 44
16 86 49
16 87 18
16 88 49
16 89 29
16 90 32
16 91 23
16 92 64
16 93 33
16 94 48
16 95 42
16 96 64
16 97 47
16 98 69
16 99 17
16 102 46
16 103 49
16 t 42
17 1 39
17 2 31
17 3 63
17 4 67
17 5 53
17 7 33
17 8 27
17 10 31
17 11 17
17 13 66
17 14 52
17 15 40
17 16 19
17 18 60
17 19 38
17 20 50
17 21 27
17 22 49
17 23 30
17 24 62
17 25 42
17 26 35
17 27 68
17 28 24
17 29 20
17 30 21
17 31 25
17 32 22
17 33 60
17 34 65
17 35 20
17 36 35
17 37 67
17 39 33
17 40 57
17 42 48
17 44 51
17 45 63
17 46 48
17 48 19
17 49 40
17 50 30
17 51 68
17 53 35
17 55 48
17 57 63
17 58 20
17 59 60
17 61 21
17 64 60
17 65 48
17 66 51
17 67 59
17 68 61
17 69 56
17 72 21
17 73 40
17 75 45
17 76 40
17 79 61
17 81 36
17 82 33
17 84 65
17 86 38
17 87 68
17 88 67
17 91 33
17 93 67
17 95 32
17 96 40
17 97 26
17 98 51
17 99 46
17 100 24
17 102 17
17 t 59
18 1 36
18 2 23
18 3 63
18 5 29
18 6 59
18 7 38
18 8 37
18 9 35
18 10 45
18 11 62
18 12 53
18 14 26
18 15 22
18 17 60
18 19 42
18 21 17
18 22 29
18 23 38
18 24 64
18 25 68
18 26 68
18 27 54
18 28 30
18 30 37
18 32 55
18 33 66
18 34 31
18 35 59
18 36 37
18 37 48
18 39 32
18 40 26
18 41 63
18 42 69
18 43 67
18 44 50
18 45 43
18 47 27
18 49 63
18 50 37
18 51 53
18 53 45
18 55 27
18 56 55
18 58 60
18 59 24
18 61 31
18 62 38
18 63 33
18 64 46
18 65 61
18 67 36
18 68 56
18 69 61
18 70 58
18 72 23
18 74 61
18 75 62
18 77 67
18 78 57
18 79 38
18 80 48
18 81 29
18 82 37
18 83 17
18 84 40
18 85 66
18 87 33
18 88 47
18 89 67
18 90 29
18 91 29
18 93 48
18 94 54
18 96 53
18 97 31
18 98 58
18 99 34
18 100 30
18 101 69
18 102 37
18 103 64
19 1 19
19 2 35
19 4 27
19 5 60
19 8 25
19 9 25
19 10 33
19 11 67
19 12 29
19 13 43
19 14 26
19 16 48
19 17 38
19 18 42
19 20 19
19 22 32
19 23 22
19 24 39
19 25 39
19 29 53
19 31 55
19 32 48
19 33 59
19 35 29
19 36 59
19 37 21
19 38 28
19 40 50
19 41 36
19 42 34
19 44 20
19 45 35
19 46 46
19 47 55
19 48 44
19 49 30
19 50 39
19 51 61
19 52 30
19 53 25
19 56 22
19 57 63
19 58 67
19 59 57
19 60 31
19 61 28
19 62 57
19 63 24
19 64 25
19 65 30
19 66 33
19 68 46
19 69 33
19 70 50
19 72 27
19 73 24
19 74 20
19 75 54
19 76 29
19 77 69
19 78 22
19 79 45
19 80 36
19 81 45
19 82 22
19 83 21
19 84 44
19 85 33
19 86 23
19 87 20
19 88 45
19 89 26
19 91 23
19 93 20
19 94 40
19 96 18
19 97 57
19 98 42
19 99 67
19 101 27
19 102 45
19 103 17
19 t 24
20 2 46
20 3 17
20 4 24
20 5 43
20 6 47
20 7 52
20 8 28
20 12 23
20 14 39
20 15 50
20 17 50
20 19 19
20 22 28
20 23 62
20 24 34
20 25 53
20 27 23
20 29 25
20 31 32
20 32 36
20 33 22
20 35 45
20 36 18
20 37 54
20 38 42
20 39 54
20 40 23
20 41 63
20 42 28
20 43 44
20 44 26
20 45 53
20 46 34
20 47 40
20 48 64
20 49 44
20 50 54
20 51 41
20 52 19
20 53 46
20 54 55
20 55 44
20 56 46
20 59 44
20 60 37
20 61 42
20 62 51
20 63 27
20 64 68
20 65 20
20 66 22
20 68 62
20 69 31
20 70 54
20 71 17
20 72 20
20 73 35
20 76 36
20 77 36
20 78 69
20 79 65
20 80 69
20 81 20
20 82 37
20 83 34
20 84 48
20 86 22
20 87 28
20 88 67
20 90 19
20 91 40
20 92 37
20 93 56
20 94 18
20 95 61
20 96 26
20 98 25
20 99 33
20 101 64
20 102 35
20 103 54
20 t 26
21 1 54
21 2 59
21 3 55
21 4 22
21 5 51
21 6 61
21 7 32
21 9 56
21 10 25
21 11 63
21 12 63
21 14 69
21 15 20
21 16 36
21 17 27
21 18 17
21 22 56
21 23 59
21 25 35
21 26 48
21 27 65
21 30 28
21 31 27
21 32 41
21 33 38
21 34 51
21 35 19
21 36 20
21 38 27
21 40 43
21 42 58
21 43 17
21 44 38
21 45 32
21 46 45
21 47 55
21 48 52
21 49 61
21 50 41
21 51 44
21 52 36
21 53 47
21 54 32
21 55 24
21 56 65
21 57 45
21 58 53
21 60 37
21 62 43
21 65 56
21 68 44
21 70 36
21 71 25
21 72 48
21 73 22
21 74 58
21 75 23
21 77 33
21 78 46
21 79 37
21 82 55
21 83 19
21 84 39
21 85 68
21 86 62
21 88 35
21 89 55
21 90 18
21 91 49
21 92 65
21 94 55
21 95 32
21 97 35
21 98 49
21 99 37
21 100 64
21 101 65
21 102 64
21 103 51
21 t 38
22 2 62
22 3 29
22 4 57
22 5 44
22 6 18
22 7 35
22 8 40
22 10 54
22 11 39
22 12 57
22 14 69
22 16 29
22 17 49
22 18 29
22 19 32
22 20 28
22 21 56
22 23 35
22 24 52
22 25 18
22 28 55
22 29 32
22 30 55
22 32 57
22 33 30
22 35 44
22 36 42
22 37 28
22 38 41
22 39 25
22 40 52
22 41 21
22 43 34
22 44 64
22 47 51
22 48 47
22 49 41
22 50 32
22 51 47
22 52 51
22 53 57
22 54 30
22 55 67
22 56 67
22 57 19
22 58 31
22 59 25
22 61 47
22 62 24
22 63 39
22 64 41
22 65 49
22 66 52
22 67 25
22 68 42
22 69 37
22 70 53
22 71 67
22 72 50
22 74 37
22 76 45
22 77 27
22 78 41
22 80 44
22 81 33
22 82 59
22 83 35
22 84 24
22 85 31
22 86 65
22 87 31
22 88 63
22 89 66
22 90 41
22 91 44
22 92 37
22 93 55
22 94 32
22 95 48
22 97 54
22 98 57
22 99 29
22 100 50
22 101 69
22 102 29
23 1 55
23 2 34
23 4 68
23 6 17
23 7 51
23 10 52
23 11 57
23 12 28
23 15 59
23 17 30
23 18 38
23 19 22
23 20 62
23 21 59
23 22 35
23 24 51
23 25 44
23 26 44
23 28 66
23 29 23
23 31 28
23 32 18
23 34 39
23 35 18
23 36 47
23 37 38
23 40 24
23 41 29
23 42 23
23 43 37
23 44 53
23 45 66
23 46 33
23 48 56
23 49 33
23 50 65
23 51 56
23 53 18
23 54 27
23 55 63
23 56 46
23 57 25
23 58 57
23 59 55
23 60 46
23 62 31
23 64 25
23 65 17
23 67 18
23 68 58
23 69 33
23 70 51
23 72 51
23 73 19
23 74 69
23 75 47
23 76 26
23 77 42
23 78 59
23 79 36
23 80 35
23 81 25
23 82 67
23 83 53
23 84 59
23 85 67
23 86 43
23 87 43
23 89 49
23 90 22
23 91 52
23 92 29
23 93 19
23 94 37
23 96 34
23 97 67
23 98 32
23 102 66
23 103 43
23 t 45
24 1 45
24 4 32
24 6 53
24 8 37
24 9 68
24 10 40
24 11 65
24 12 50
24 14 50
24 15 61
24 16 18
24 17 62
24 18 64
24 19 39
24 20 34
24 22 52
24 23 51
24 25 50
24 26 50
24 29 66
24 30 40
24 31 41
24 33 53
24 34 23
24 35 47
24 36 26
24 37 69
24 38 68
24 40 18
24 42 29
24 43 52
24 44 17
24 46 59
24 47 69
24 48 30
24 49 40
24 50 42
24 51 40
24 52 38
24 54 69
24 55 52
24 56 68
24 57 38
24 58 57
24 60 42
24 61 59
24 62 26
24 63 69
24 64 32
24 65 30
24 66 47
24 67 28
24 68 34
24 69 66
24 70 59
24 71 29
24 72 60
24 73 65
24 74 56
24 76 53
24 77 19
24 78 65
24 80 34
24 81 54
24 82 44
24 83 33
24 86 38
24 90 40
24 91 28
24 92 24
24 93 57
24 94 20
24 96 23
24 97 24
24 98 23
24 99 66
24 100 18
24 101 19
24 102 35
24 103 50
24 t 26
25 1 44
25 2 32
25 3 51
25 4 30
25 5 64
25 6 66
25 9 28
25 11 18
25 13 30
25 14 33
25 15 63
25 16 22
25 17 42
25 18 68
25 19 39
25 20 53
25 21 35
25 22 18
25 23 44
25 24 50
25 27 51
25 28 48
25 29 30
25 31 18
25 32 29
25 34 25
25 35 36
25 36 51
25 37 51
25 38 63
25 39 27
25 40 39
25 43 66
25 44 29
25 46 31
25 47 29
25 48 27
25 49 45
25 50 28
25 51 55
25 53 50
25 55 54
25 56 62
25 57 60
25 58 24
25 60 32
25 62 52
25 64 28
25 65 55
25 66 51
25 67 39
25 69 27
25 70 34
25 71 40
25 72 43
25 73 38
25 75 55
25 76 53
25 77 51
25 79 36
25 80 27
25 81 18
25 82 17
25 83 20
25 84 49
25 85 42
25 86 68
25 87 44
25 88 50
25 89 69
25 90 21
25 92 17
25 93 48
25 94 36
25 95 53
25 98 23
25 99 42
25 100 43
25 102 47
25 103 52
25 t 41
26 1 47
26 2 62
26 3 26
26 4 23
26 5 28
26 6 45
26 7 27
26 8 67
26 9 40
26 11 67
26 13 35
26 15 39
26 16 65
26 17 35
26 18 68
26 21 48
26 23 44
26 24 50
26 27 64
26 28 33
26 29 68
26 30 64
26 31 56
26 32 49
26 33 35
26 34 60
26 35 45
26 36 19
26 37 49
26 40 51
26 41 60
26 42 36
26 43 61
26 44 19
26 45 26
26 46 31
26 47 38
26 48 17
26 49 24
26 50 28
26 51 25
26 52 69
26 53 44
26 54 34
26 55 21
26 56 31
26 57 41
26 58 60
26 60 21
26 61 64
26 62 54
26 63 35
26 64 44
26 65 20
26 66 30
26 67 54
26 68 25
26 69 20
26 70 44
26 71 24
26 72 56
26 73 58
26 74 42
26 75 27
26 76 29
26 77 40
26 78 41
26 79 20
26 81 54
26 82 20
26 83 36
26 84 64
26 85 24
26 86 54
26 88 43
26 89 42
26 90 53
26 91 59
26 92 36
26 94 67
26 95 17
26 96 20
26 97 27
26 101 49
26 102 63
26 103 35
27 2 21
27 4 24
27 5 29
27 6 18
27 7 28
27 10 19
27 11 59
27 15 39
27 16 57
27 17 68
27 18 54
27 20 23
27 21 65
27 25 51
27 26 64
27 28 52
27 29 44
27 30 34
27 31 30
27 33 24
27 34 39
27 35 56
27 36 17
27 37 44
27 38 18
27 39 40
27 40 48
27 41 59
27 42 52
27 43 44
27 44 40
27 45 29
27 46 50
27 47 39
27 51 20
27 52 24
27 53 66
27 54 36
27 55 57
27 57 59
27 58 44
27 60 38
27 62 42
27 64 26
27 65 68
27 66 44
27 67 53
27 68 47
27 69 63
27 70 54
27 72 46
27 73 44
27 75 63
27 76 28
27 77 64
27 78 26
27 79 26
27 80 28
27 81 67
27 82 44
27 83 59
27 84 37
27 85 40
27 86 69
27 87 39
27 88 60
27 89 37
27 90 48
27 92 69
27 93 34
27 94 65
27 95 21
27 96 43
27 97 55
27 98 26
27 99 41
27 100 67
27 101 30
27 102 23
27 103 40
27 t 44
28 1 33
28 3 38
28 4 34
28 5 60
28 7 52
28 8 55
28 10 47
28 11 63
28 12 44
28 13 24
28 15 52
28 16 36
28 17 24
28 18 30
28 22 55
28 23 66
28 25 48
28 26 33
28 27 52
28 29 22
28 30 69
28 32 60
28 33 46
28 34 40
28 35 28
28 36 61
28 37 51
28 39 30
28 40 58
28 42 29
28 43 30
28 45 35
28 46 65
28 47 39
28 50 56
28 52 40
28 53 64
28 54 40
28 55 28
28 56 47
28 57 65
28 58 63
28 59 41
28 60 20
28 61 48
28 62 37
28 63 58
28 64 54
28 66 58
28 67 35
28 68 29
28 69 20
28 71 67
28 72 41
28 73 60
28 74 43
28 75 50
28 76 17
28 77 64
28 79 41
28 80 50
28 81 64
28 82 45
28 83 55
28 84 48
28 85 49
28 86 46
28 87 32
28 88 48
28 90 17
28 91 51
28 92 49
28 94 55
28 95 55
28 96 46
28 97 58
28 98 57
28 99 53
28 100 52
28 102 31
28 103 34
29 1 62
29 2 20
29 3 62
29 5 63
29 6 32
29 7 33
29 8 30
29 9 46
29 10 35
29 11 67
29 13 23
29 14 25
29 15 31
29 16 22
29 17 20
29 19 53
29 20 25
29 22 32
29 23 23
29 24 66
29 25 30
29 26 68
29 27 44
29 28 22
29 30 28
29 31 42
29 32 56
29 34 47
29 35 57
29 39 65
29 40 30
29 42 60
29 43 38
29 44 31
29 45 53
29 46 57
29 47 35
29 48 32
29 49 45
29 51 67
29 52 39
29 53 68
29 54 18
29 55 34
29 57 53
29 58 42
29 59 50
29 60 27
29 61 29
29 62 28
29 63 68
29 65 42
29 66 58
29 67 32
29 69 50
29 70 63
29 71 31
29 72 38
29 73 43
29 74 68
29 75 62
29 76 37
29 77 57
29 78 40
29 79 25
29 80 60
29 81 22
29 82 60
29 83 34
29 84 55
29 85 40
29 86 35
29 87 27
29 88 38
29 89 58
29 90 52
29 91 49
29 93 31
29 94 18
29 95 42
29 96 51
29 97 56
29 98 60
29 99 45
29 100 39
29 101 40
29 102 41
29 103 64
29 t 65
30 1 21
30 2 20
30 3 66
30 4 29
30 6 53
30 7 64
30 9 29
30 10 41
30 11 52
30 12 52
30 13 21
30 14 58
30 15 45
30 17 21
30 18 37
30 21 28
30 22 55
30 24 40
30 26 64
30 27 34
30 28 69
30 29 28
30 31 22
30 32 55
30 33 21
30 34 45
30 35 28
30 36 65
30 37 19
30 38 59
30 39 59
30 40 64
30 41 54
30 42 51
30 43 59
30 44 28
30 45 66
30 47 41
30 49 23
30 50 32
30 51 56
30 52 23
30 53 45
30 54 20
30 55 58
30 56 55
30 57 29
30 59 36
30 60 57
30 61 47
30 62 42
30 63 60
30 64 46
30 65 31
30 66 53
30 67 25
30 68 45
30 69 20
30 70 40
30 72 22
30 73 64
30 74 38
30 75 40
30 76 44
30 78 38
30 79 63
30 80 33
30 81 36
30 82 29
30 83 31
30 84 42
30 85 53
30 86 49
30 87 50
30 88 67
30 89 41
30 90 27
30 91 51
30 92 25
30 93 21
30 94 66
30 96 38
30 97 19
30 98 55
30 99 36
30 100 63
30 101 60
30 102 27
30 t 60
31 1 17
31 2 63
31 3 29
31 5 68
31 6 38
31 7 68
31 8 27
31 10 35
31 11 47
31 12 32
31 14 62
31 16 58
31 17 25
31 19 55
31 20 32
31 21 27
31 23 28
31 24 41
31 25 18
31 26 56
31 27 30
31 29 42
31 30 22
31 32 43
31 33 58
31 34 43
31 36 66
31 38 42
31 39 37
31 42 30
31 44 58
31 45 31
31 46 64
31 47 27
31 49 55
31 50 61
31 51 64
31 52 44
31 54 25
31 55 40
31 56 62
31 57 53
31 58 46
31 60 57
31 61 48
31 62 68
31 63 59
31 64 49
31 65 36
31 66 31
31 67 30
31 68 58
31 69 67
31 70 62
31 71 20
31 72 43
31 73 54
31 74 65
31 75 30
31 76 53
31 78 60
31 79 60
31 80 20
31 81 27
31 82 66
31 83 24
31 84 51
31 85 26
31 86 31
31 87 54
31 88 59
31 89 61
31 90 40
31 91 36
31 92 53
31 93 44
31 94 22
31 95 24
31 96 63
31 97 19
31 100 28
31 101 56
31 102 60
31 103 28
31 t 56
32 1 46
32 2 19
32 4 49
32 5 48
32 6 58
32 9 40
32 10 48
32 11 52
32 12 34
32 15 22
32 16 60
32 17 22
32 18 55
32 19 48
32 20 36
32 21 41
32 22 57
32 23 18
32 25 29
32 26 49
32 28 60
32 29 56
32 30 55
32 31 43
32 33 33
32 34 50
32 35 58
32 36 31
32 37 23
32 38 21
32 39 42
32 40 61
32 41 39
32 42 20
32 43 58
32 45 32
32 46 67
32 48 37
32 49 57
32 50 20
32 51 22
32 53 39
32 54 22
32 55 23
32 57 37
32 59 64
32 60 22
32 61 60
32 62 25
32 63 60
32 64 31
32 66 33
32 67 17
32 68 34
32 69 64
32 70 60
32 71 19
32 72 45
32 73 45
32 75 34
32 77 22
32 78 47
32 79 66
32 80 20
32 81 21
32 83 18
32 84 68
32 85 33
32 88 38
32 89 17
32 90 56
32 92 25
32 93 34
32 94 54
32 95 47
32 96 68
32 97 46
32 98 26
32 99 26
32 100 22
32 103 47
32 t 65
33 1 17
33 2 20
33 3 46
33 5 37
33 6 23
33 8 44
33 9 67
33 11 39
33 12 55
33 13 46
33 14 58
33 15 18
33 17 60
33 18 66
33 19 59
33 20 22
33 21 38
33 22 30
33 24 53
33 26 35
33 27 24
33 28 46
33 30 21
33 31 58
33 32 33
33 34 61
33 35 29
33 36 21
33 37 44
33 38 41
33 39 58
33 40 37
33 41 32
33 42 19
33 43 33
33 44 41
33 45 27
33 48 22
33 49 67
33 51 44
33 52 21
33 53 30
33 54 24
33 55 67
33 57 59
33 58 48
33 60 44
33 61 53
33 62 51
33 64 29
33 65 67
33 67 56
33 69 60
33 70 25
33 71 68
33 72 46
33 74 46
33 75 45
33 76 24
33 77 37
33 78 48
33 80 51
33 82 27
33 83 69
33 84 26
33 85 21
33 86 32
33 87 53
33 88 27
33 89 25
33 90 46
33 91 61
33 95 60
33 97 40
33 98 38
33 99 27
33 100 43
33 101 44
33 102 34
33 103 22
33 t 42
34 2 69
34 3 32
34 4 38
34 5 64
34 8 30
34 9 62
34 10 53
34 11 54
34 12 54
34 13 48
34 15 56
34 16 58
34 17 65
34 18 31
34 21 51
34 23 39
34 24 23
34 25 25
34 26 60
34 27 39
34 28 40
34 29 47
34 30 45
34 31 43
34 32 50
34 33 61
34 35 28
34 36 43
34 37 62
34 38 51
34 39 59
34 40 32
34 42 59
34 43 33
34 44 40
34 46 33
34 47 40
34 48 49
34 49 17
34 51 32
34 52 23
34 53 52
34 54 37
34 55 45
34 56 17
34 57 34
34 58 40
34 59 68
34 60 68
34 61 17
34 62 65
34 65 45
34 66 28
34 67 32
34 68 47
34 69 69
34 70 56
34 72 26
34 74 50
34 75 23
34 76 69
34 77 29
34 78 68
34 79 64
34 80 36
34 82 55
34 84 27
34 85 43
34 86 50
34 87 22
34 89 54
34 90 30
34 91 35
34 92 60
34 93 63
34 94 28
34 95 59
34 96 36
34 97 20
34 98 59
34 99 18
34 100 51
34 101 66
34 102 24
34 103 47
34 t 37
35 1 62
35 2 23
35 3 34
35 4 60
35 5 69
35 6 50
35 7 32
35 8 51
35 9 31
35 10 37
35 11 27
35 12 68
35 13 66
35 14 60
35 16 38
35 17 20
35 18 59
35 19 29
35 20 45
35 21 19
35 22 44
35 23 18
35 24 47
35 25 36
35 26 45
35 27 56
35 28 28
35 29 57
35 30 28
35 32 58
35 33 29
35 34 28
35 36 22
35 37 42
35 39 28
35 41 24
35 42 44
35 43 18
35 44 56
35 45 51
35 46 65
35 47 38
35 48 22
35 50 24
35 51 26
35 53 69
35 54 46
35 55 67
35 56 56
35 57 28
35 58 58
35 60 63
35 62 69
35 64 46
35 65 27
35 66 40
35 67 36
35 68 28
35 69 69
35 71 44
35 73 46
35 74 63
35 76 21
35 77 64
35 79 48
35 81 34
35 82 37
35 83 54
35 84 28
35 85 63
35 86 56
35 87 47
35 88 69
35 89 56
35 90 69
35 93 31
35 94 40
35 97 67
35 98 49
35 99 33
35 100 64
35 101 22
35 103 38
35 t 56
36 1 45
36 2 60
36 4 69
36 5 48
36 6 63
36 7 26
36 8 37
36 9 53
36 10 44
36 12 25
36 13 66
36 15 40
36 16 65
36 17 35
36 18 37
36 19 59
36 20 18
36 21 20
36 22 42
36 23 47
36 24 26
36 25 51
36 26 19
36 27 17
36 28 61
36 30 65
36 31 66
36 32 31
36 33 21
36 34 43
36 35 22
36 37 56
36 39 42
36 40 64
36 43 21
36 44 52
36 46 17
36 50 34
36 51 69
36 52 42
36 53 64
36 54 27
36 55 52
36 56 47
36 58 37
36 59 43
36 61 17
36 62 36
36 63 39
36 64 55
36 65 43
36 66 35
36 67 52
36 68 39
36 69 31
36 71 36
36 72 18
36 73 21
36 74 62
36 76 34
36 77 61
36 78 57
36 79 46
36 80 36
36 81 27
36 82 33
36 83 48
36 84 42
36 86 57
36 87 17
36 88 68
36 90 17
36 91 20
36 92 50
36 93 63
36 94 29
36 95 50
36 97 54
36 98 39
36 99 50
36 100 66
36 102 38
36 t 44
37 1 53
37 2 48
37 3 31
37 4 54
37 6 19
37 7 50
37 8 59
37 9 42
37 11 38
37 12 44
37 13 67
37 14 66
37 15 17
37 16 65
37 17 67
37 18 48
37 19 21
37 20 54
37 22 28
37 23 38
37 24 69
37 25 51
37 26 49
37 27 44
37 28 51
37 30 19
37 32 23
37 33 44
37 34 62
37 35 42
37 36 56
37 38 54
37 39 43
37 42 54
37 43 68
37 44 29
37 45 24
37 46 39
37 47 38
37 48 56
37 49 23
37 50 28
37 51 55
37 52 51
37 53 53
37 55 23
37 57 32
37 58 17
37 59 54
37 60 42
37 61 55
37 62 58
37 64 51
37 65 57
37 66 56
37 67 47
37 68 36
37 70 29
37 71 49
37 74 27
37 75 66
37 76 57
37 77 63
37 78 69
37 79 49
37 80 61
37 81 32
37 83 37
37 84 67
37 85 54
37 86 49
37 87 62
37 88 22
37 89 41
37 91 41
37 92 35
37 93 67
37 95 21
37 96 22
37 97 54
37 98 61
37 99 22
37 100 50
37 101 51
37 103 24
37 t 27
38 1 32
38 2 34
38 4 66
38 5 37
38 6 24
38 7 44
38 8 40
38 9 24
38 10 17
38 11 65
38 12 54
38 13 66
38 15 54
38 16 66
38 19 28
38 20 42
38 21 27
38 22 41
38 24 68
38 25 63
38 27 18
38 30 59
38 31 42
38 32 21
38 33 41
38 34 51
38 37 54
38 40 30
38 41 29
38 42 25
38 43 58
38 44 20
38 45 67
38 46 68
38 47 28
38 48 26
38 49 18
38 50 51
38 52 37
38 53 21
38 54 22
38 56 21
38 57 56
38 58 68
38 59 69
38 60 39
38 61 52
38 62 67
38 63 29
38 64 64
38 65 67
38 66 18
38 67 26
38 68 31
38 70 65
38 71 67
38 72 45
38 73 22
38 74 67
38 75 66
38 76 21
38 78 28
38 79 61
38 80 27
38 81 33
38 83 27
38 84 46
38 85 34
38 86 25
38 87 60
38 88 21
38 89 23
38 91 30
38 92 23
38 93 26
38 95 51
38 96 50
38 97 48
38 98 59
38 99 45
38 100 40
38 101 58
38 102 22
38 103 50
38 t 67
39 1 33
39 3 65
39 4 29
39 5 66
39 6 47
39 8 62
39 9 26
39 10 39
39 11 41
39 12 19
39 13 23
39 14 50
39 15 47
39 16 51
39 17 33
39 18 32
39 20 54
39 22 25
39 25 27
39 27 40
39 28 30
39 29 65
39 30 59
39 31 37
39 32 42
39 33 58
39 34 59
39 35 28
39 36 42
39 37 43
39 40 45
39 41 69
39 42 59
39 43 69
39 44 58
39 46 60
39 47 67
39 48 43
39 49 52
39 50 36
39 51 47
39 53 37
39 54 60
39 55 33
39 56 61
39 57 17
39 59 63
39 60 66
39 61 55
39 62 33
39 63 32
39 65 55
39 66 55
39 67 50
39 68 23
39 69 40
39 70 66
39 72 66
39 74 32
39 75 67
39 76 22
39 77 44
39 78 50
39 79 53
39 81 26
39 83 21
39 84 19
39 85 54
39 86 62
39 88 27
39 90 52
39 92 47
39 93 54
39 94 42
39 95 51
39 96 35
39 98 35
39 102 17
39 103 54
39 t 67
40 1 57
40 2 18
40 3 25
40 4 64
40 5 58
40 6 56
40 8 30
40 9 68
40 10 39
40 11 37
40 12 45
40 14 23
40 15 50
40 16 17
40 17 57
40 18 26
40 19 50
40 20 23
40 21 43
40 22 52
40 23 24
40 24 18
40 25 39
40 26 51
40 27 48
40 28 58
40 29 30
40 30 64
40 32 61
40 33 37
40 34 32
40 36 64
40 38 30
40 39 45
40 41 56
40 42 36
40 43 37
40 45 54
40 46 17
40 47 50
40 48 25
40 51 58
40 52 59
40 53 23
40 54 51
40 55 40
40 56 41
40 57 57
40 59 32
40 61 29
40 62 66
40 63 20
40 64 19
40 65 51
40 66 20
40 67 21
40 68 45
40 69 58
40 70 59
40 71 46
40 73 69
40 74 44
40 75 69
40 77 67
40 78 53
40 79 58
40 80 20
40 81 54
40 82 35
40 83 20
40 84 42
40 86 64
40 87 68
40 88 29
40 89 68
40 90 46
40 91 40
40 92 30
40 93 51
40 95 56
40 96 60
40 97 29
40 98 28
40 99 55
40 100 27
40 102 23
40 103 55
40 t 19
41 2 69
41 3 36
41 4 20
41 5 30
41 6 67
41 7 67
41 8 62
41 10 54
41 11 42
41 12 24
41 13 26
41 14 33
41 15 59
41 16 33
41 18 63
41 19 36
41 20 63
41 22 21
41 23 29
41 26 60
41 27 59
41 30 54
41 32 39
41 33 32
41 35 24
41 38 29
41 39 69
41 40 56
41 42 69
41 45 21
41 46 31
41 48 36
41 49 58
41 50 28
41 51 26
41 52 61
41 54 47
41 55 32
41 58 46
41 59 63
41 60 31
41 61 25
41 63 38
41 64 23
41 65 48
41 66 25
41 67 66
41 68 22
41 69 43
41 71 23
41 72 24
41 73 24
41 74 64
41 75 30
41 76 66
41 78 26
41 79 60
41 80 46
41 81 46
41 82 61
41 83 26
41 84 33
41 85 26
41 86 36
41 88 49
41 89 64
41 90 31
41 91 59
41 92 65
41 93 33
41 94 36
41 95 53
41 96 38
41 97 30
41 98 64
41 99 55
41 100 69
41 101 40
41 102 47
41 103 23
41 t 69
42 1 63
42 2 41
42 4 22
42 5 18
42 8 52
42 10 58
42 11 27
42 13 22
42 14 19
42 15 54
42 16 51
42 17 48
42 18 69
42 19 34
42 20 28
42 21 58
42 23 23
42 24 29
42 26 36
42 27 52
42 28 29
42 29 60
42 30 51
42 31 30
42 32 20
42 33 19
42 34 59
42 35 44
42 37 54
42 38 25
42 39 59
42 40 36
42 41 69
42 43 69
42 44 46
42 45 58
42 46 65
42 47 27
42 48 19
42 49 26
42 50 43
42 51 18
42 52 31
42 53 22
42 54 30
42 55 42
42 56 62
42 57 45
42 58 66
42 61 65
42 63 47
42 65 60
42 67 33
42 68 26
42 69 21
42 70 46
42 71 23
42 72 29
42 73 39
42 74 33
42 76 46
42 77 46
42 78 56
42 79 48
42 80 41
42 81 18
42 82 24
42 83 55
42 84 47
42 86 25
42 87 24
42 88 20
42 89 32
42 90 57
42 92 18
42 93 17
42 95 37
42 96 43
42 97 22
42 98 20
42 100 44
42 102 43
42 t 57
43 1 23
43 2 41
43 4 43
43 5 58
43 6 26
43 7 40
43 8 32
43 9 63
43 11 49
43 12 50
43 13 34
43 14 19
43 16 66
43 18 67
43 20 44
43 21 17
43 22 34
43 23 37
43 24 52
43 25 66
43 26 61
43 27 44
43 28 30
43 29 38
43 30 59
43 32 58
43 33 33
43 34 33
43 35 18
43 36 21
43 37 68
43 38 58
43 39 69
43 40 37
43 42 69
43 44 60
43 45 34
43 46 19
43 48 53
43 49 21
43 50 60
43 51 63
43 52 58
43 53 17
43 55 65
43 56 41
43 57 65
43 58 31
43 59 29
43 61 45
43 62 52
43 63 30
43 64 22
43 65 35
43 66 51
43 67 55
43 68 51
43 70 58
43 71 64
43 72 58
43 73 69
43 74 45
43 76 65
43 78 56
43 79 65
43 80 64
43 81 20
43 82 46
43 83 20
43 84 49
43 85 65
43 86 69
43 88 69
43 90 47
43 91 64
43 92 54
43 93 54
43 94 28
43 95 49
43 96 44
43 97 38
43 99 41
43 100 59
43 101 22
43 103 21
43 t 45
44 3 40
44 4 25
44 5 58
44 6 37
44 7 23
44 9 50
44 10 53
44 11 34
44 13 64
44 14 59
44 15 42
44 16 58
44 17 51
44 18 50
44 19 20
44 20 26
44 21 38
44 22 64
44 23 53
44 24 17
44 25 29
44 26 19
44 27 40
44 29 31
44 30 28
44 31 58
44 33 41
44 34 40
44 35 56
44 36 52
44 37 29
44 38 20
44 39 58
44 42 46
44 43 60
44 45 43
44 46 39
44 47 18
44 49 34
44 50 22
44 51 21
44 52 48
44 54 25
44 55 41
44 56 34
44 58 44
44 59 53
44 61 48
44 62 17
44 63 66
44 64 29
44 65 56
44 66 33
44 67 56
44 69 21
44 70 19
44 71 65
44 74 66
44 75 28
44 76 62
44 77 69
44 78 55
44 79 45
44 80 28
44 81 56
44 82 19
44 83 29
44 85 25
44 86 44
44 87 34
44 89 54
44 90 63
44 91 27
44 92 52
44 93 30
44 94 32
44 95 50
44 96 31
44 97 45
44 98 63
44 99 34
44 100 48
44 101 27
44 102 64
44 t 40
45 1 68
45 2 50
45 5 66
45 6 26
45 7 47
45 8 57
45 9 24
45 10 18
45 11 20
45 12 48
45 13 68
45 14 44
45 16 66
45 17 63
45 18 43
45 19 35
45 20 53
45 21 32
45 23 66
45 26 26
45 27 29
45 28 35
45 29 53
45 30 66
45 31 31
45 32 32
45 33 27
45 35 51
45 37 24
45 38 67
45 40 54
45 41 21
45 42 58
45 43 34
45 44 43
45 46 31
45 49 42
45 50 19
45 51 31
45 52 29
45 53 65
45 54 23
45 55 36
45 57 62
45 58 32
45 59 44
45 61 35
45 62 22
45 63 26
45 64 26
45 65 67
45 66 42
45 67 31
45 68 52
45 69 44
45 70 31
45 71 48
45 72 23
45 75 60
45 77 39
45 78 29
45 79 64
45 80 65
45 81 22
45 82 41
45 83 69
45 86 66
45 87 53
45 88 47
45 89 25
45 94 23
45 96 42
45 97 33
45 98 38
45 99 62
45 101 62
45 102 60
45 t 46
46 1 63
46 2 58
46 4 69
46 5 60
46 6 18
46 7 53
46 8 20
46 9 63
46 10 40
46 11 49
46 12 53
46 13 27
46 14 44
46 15 42
46 16 58
46 17 48
46 19 46
46 20 34
46 21 45
46 23 33
46 24 59
46 25 31
46 26 31
46 27 50
46 28 65
46 29 57
46 31 64
46 32 67
46 34 33
46 35 65
46 36 17
46 37 39
46 38 68
46 39 60
46 40 17
46 41 31
46 42 65
46 43 19
46 44 39
46 45 31
46 47 26
46 48 68
46 50 63
46 51 28
46 52 37
46 54 67
46 55 37
46 57 20
46 58 29
46 60 19
46 61 25
46 62 19
46 63 27
46 64 19
46 65 36
46 66 39
46 67 63
46 68 57
46 69 17
46 70 23
46 71 56
46 72 40
46 73 28
46 74 66
46 75 62
46 76 31
46 78 58
46 79 50
46 80 59
46 81 23
46 83 52
46 84 30
46 86 39
46 87 50
46 88 68
46 89 29
46 90 31
46 91 59
46 92 54
46 93 36
46 95 61
46 96 43
46 97 25
46 98 45
46 99 39
46 100 62
46 101 62
46 102 17
46 t 30
47 1 30
47 2 59
47 3 56
47 4 66
47 5 66
47 6 59
47 8 42
47 9 17
47 10 64
47 11 24
47 12 39
47 13 63
47 14 23
47 15 54
47 16 33
47 18 27
47 19 55
47 20 40
47 21 55
47 22 51
47 24 69
47 25 29
47 26 38
47 27 39
47 28 39
47 29 35
47 30 41
47 31 27
47 34 40
47 35 38
47 37 38
47 38 28
47 39 67
47 40 50
47 42 27
47 44 18
47 46 26
47 48 47
47 50 32
47 51 51
47 52 43
47 53 33
47 54 27
47 55 40
47 57 20
47 58 61
47 59 54
47 60 43
47 61 18
47 62 52
47 63 36
47 64 62
47 65 55
47 66 48
47 67 63
47 68 45
47 69 52
47 70 43
47 74 24
47 75 29
47 77 33
47 78 33
47 79 68
47 80 19
47 82 34
47 83 23
47 85 49
47 86 19
47 87 21
47 88 29
47 89 43
47 90 26
47 91 30
47 92 68
47 93 34
47 94 27
47 95 61
47 96 30
47 97 29
47 98 35
47 99 20
47 100 27
47 101 60
47 102 28
47 t 37
48 1 48
48 3 23
48 4 22
48 5 36
48 6 18
48 7 32
48 8 59
48 10 25
48 12 19
48 14 51
48 15 53
48 16 62
48 17 19
48 19 44
48 20 64
48 21 52
48 22 47
48 23 56
48 24 30
48 25 27
48 26 17
48 29 32
48 32 37
48 33 22
48 34 49
48 35 22
48 37 56
48 38 26
48 39 43
48 40 25
48 41 36
48 42 19
48 43 53
48 46 68
48 47 47
48 53 41
48 55 36
48 56 67
48 57 25
48 59 67
48 60 26
48 64 56
48 65 45
48 66 53
48 67 56
48 70 47
48 72 22
48 73 54
48 74 41
48 75 52
48 76 68
48 78 28
48 79 41
48 80 55
48 81 36
48 82 35
48 83 64
48 85 37
48 86 47
48 88 44
48 90 36
48 91 33
48 92 32
48 93 33
48 94 60
48 95 17
48 96 62
48 97 51
48 98 35
48 99 26
48 101 27
48 102 20
48 103 36
49 2 54
49 3 31
49 4 27
49 5 65
49 6 64
49 8 36
49 10 36
49 11 68
49 12 35
49 13 47
49 14 46
49 15 31
49 16 43
49 17 40
49 18 63
49 19 30
49 20 44
49 21 61
49 22 41
49 23 33
49 24 40
49 25 45
49 26 24
49 29 45
49 30 23
49 31 55
49 32 57
49 33 67
49 34 17
49 37 23
49 38 18
49 39 52
49 41 58
49 42 26
49 43 21
49 44 34
49 45 42
49 50 50
49 51 46
49 53 47
49 55 24
49 57 66
49 59 25
49 61 24
49 62 61
49 63 46
49 64 67
49 66 55
49 67 51
49 69 35
49 70 57
49 72 47
49 73 40
49 74 61
49 75 63
49 76 39
49 77 22
49 78 42
49 79 57
49 80 60
49 81 68
49 82 61
49 83 62
49 84 50
49 85 34
49 86 53
49 87 51
49 88 32
49 89 51
49 90 65
49 91 66
49 92 57
49 93 46
49 95 49
49 96 37
49 97 34
49 100 24
49 103 61
49 t 60
50 1 63
50 2 57
50 3 19
50 4 35
50 5 32
50 6 28
50 7 27
50 9 31
50 12 17
50 13 17
50 17 30
50 18 37
50 19 39
50 20 54
50 21 41
50 22 32
50 23 65
50 24 42
50 25 28
50 26 28
50 28 56
50 30 32
50 31 61
50 32 20
50 35 24
50 36 34
50 37 28
50 38 51
50 39 36
50 41 28
50 42 43
50 43 60
50 44 22
50 45 19
50 46 63
50 47 32
50 49 50
50 51 22
50 54 68
50 55 42
50 56 31
50 57 54
50 58 18
50 59 26
50 60 20
50 61 21
50 64 42
50 66 31
50 67 35
50 68 50
50 70 27
50 71 51
50 73 34
50 74 27
50 75 40
50 76 25
50 77 34
50 78 20
50 79 23
50 80 53
50 81 41
50 82 67
50 83 38
50 84 58
50 85 58
50 86 61
50 87 31
50 90 61
50 91 56
50 92 55
50 93 21
50 95 23
50 96 22
50 97 50
50 98 62
50 99 34
50 100 56
50 101 29
50 102 41
50 103 69
50 t 41
51 1 25
51 3 54
51 5 36
51 7 46
51 8 58
51 10 48
51 11 25
51 12 28
51 14 20
51 15 47
51 16 46
51 17 68
51 18 53
51 19 61
51 20 41
51 21 44
51 22 47
51 23 56
51 24 40
51 25 55
51 26 25
51 27 20
51 29 67
51 30 56
51 31 64
51 32 22
51 33 44
51 34 32
51 35 26
51 36 69
51 37 55
51 39 47
51 40 58
51 41 26
51 42 18
51 43 63
51 44 21
51 45 31
51 46 28
51 47 51
51 49 46
51 50 22
51 52 28
51 53 38
51 54 54
51 55 22
51 57 63
51 58 51
51 59 45
51 60 36
51 61 55
51 63 48
51 64 40
51 65 41
51 66 63
51 67 51
51 68 28
51 69 34
51 70 48
51 71 65
51 72 60
51 73 51
51 74 24
51 76 58
51 77 45
51 78 62
51 79 39
51 80 27
51 81 23
51 83 41
51 84 62
51 85 43
51 86 67
51 88 45
51 89 51
51 90 31
51 92 27
51 93 39
51 94 30
51 95 48
51 96 22
51 97 46
51 98 29
51 99 62
51 100 57
51 101 41
51 103 55
51 t 34
52 1 42
52 3 65
52 6 55
52 7 22
52 8 26
52 9 37
52 10 40
52 12 37
52 13 39
52 14 20
52 15 51
52 16 22
52 19 30
52 20 19
52 21 36
52 22 51
52 24 38
52 26 69
52 27 24
52 28 40
52 29 39
52 30 23
52 31 44
52 33 21
52 34 23
52 36 42
52 37 51
52 38 37
52 40 59
52 41 61
52 42 31
52 43 58
52 44 48
52 45 29
52 46 37
52 47 43
52 51 28
52 53 18
52 55 18
52 57 56
52 59 35
52 60 60
52 61 42
52 62 34
52 63 62
52 65 55
52 68 44
52 71 45
52 73 27
52 74 35
52 75 36
52 76 43
52 78 63
52 79 40
52 80 60
52 82 36
52 83 64
52 84 21
52 86 30
52 87 54
52 90 48
52 92 26
52 93 18
52 94 28
52 96 42
52 97 35
52 98 26
52 99 26
52 100 43
52 101 28
52 102 48
52 103 55
53 2 57
53 3 22
53 4 39
53 5 21
53 7 61
53 11 33
53 13 19
53 14 68
53 15 27
53 16 66
53 17 35
53 18 45
53 19 25
53 20 46
53 21 47
53 22 57
53 23 18
53 25 50
53 26 44
53 27 66
53 28 64
53 29 68
53 30 45
53 32 39
53 33 30
53 34 52
53 35 69
53 36 64
53 37 53
53 38 21
53 39 37
53 40 23
53 42 22
53 43 17
53 45 65
53 47 33
53 48 41
53 49 47
53 51 38
53 52 18
53 55 21
53 56 52
53 57 24
53 59 20
53 60 67
53 62 26
53 63 68
53 66 21
53 67 17
53 68 32
53 71 57
53 72 51
53 73 45
53 74 62
53 76 30
53 78 37
53 79 19
53 80 69
53 81 29
53 82 23
53 83 42
53 84 22
53 85 62
53 86 26
53 88 60
53 89 21
53 90 30
53 92 57
53 94 27
53 95 62
53 97 63
53 99 35
53 100 48
53 101 50
53 102 49
53 103 36
53 t 61
54 1 30
54 2 48
54 3 69
54 4 21
54 5 65
54 6 40
54 11 61
54 12 33
54 13 61
54 14 56
54 20 55
54 21 32
54 22 30
54 23 27
54 24 69
54 26 34
54 27 36
54 28 40
54 29 18
54 30 20
54 31 25
54 32 22
54 33 24
54 34 37
54 35 46
54 36 27
54 38 22
54 39 60
54 40 51
54 41 47
54 42 30
54 44 25
54 45 23
54 46 67
54 47 27
54 50 68
54 51 54
54 55 26
54 58 32
54 59 55
54 60 18
54 61 58
54 62 24
54 63 66
54 65 27
54 66 22
54 67 31
54 68 43
54 69 67
54 72 33
54 73 65
54 74 30
54 75 61
54 76 58
54 77 60
54 78 61
54 79 63
54 80 18
54 82 50
54 83 45
54 85 66
54 86 21
54 87 30
54 89 31
54 90 63
54 92 37
54 93 39
54 94 50
54 95 61
54 96 42
54 99 41
54 100 43
54 101 47
54 102 43
54 t 22
55 1 54
55 2 17
55 3 26
55 4 26
55 5 38
55 6 21
55 7 19
55 9 48
55 10 27
55 11 45
55 14 34
55 15 60
55 16 55
55 17 48
55 18 27
55 20 44
55 21 24
55 22 67
55 23 63
55 24 52
55 25 54
55 26 21
55 27 57
55 28 28
55 29 34
55 30 58
55 31 40
55 32 23
55 33 67
55 34 45
55 35 67
55 36 52
55 37 23
55 39 33
55 40 40
55 41 32
55 42 42
55 43 65
55 44 41
55 45 36
55 46 37
55 47 40
55 48 36
55 49 24
55 50 42
55 51 22
55 52 18
55 53 21
55 54 26
55 56 28
55 58 53
55 59 53
55 60 58
55 61 33
55 63 34
55 64 29
55 65 65
55 66 32
55 67 57
55 68 68
55 69 61
55 70 29
55 72 46
55 73 57
55 74 19
55 75 33
55 77 53
55 78 17
55 79 26
55 80 34
55 81 44
55 83 66
55 84 34
55 86 65
55 87 28
55 89 28
55 90 66
55 91 34
55 92 18
55 94 49
55 96 44
55 97 60
55 98 38
55 99 25
55 100 40
55 101 64
55 102 58
55 103 68
55 t 39
56 1 45
56 2 25
56 4 68
56 6 42
56 7 37
56 8 62
56 9 62
56 10 29
56 11 48
56 12 54
56 13 18
56 14 30
56 15 49
56 16 34
56 18 55
56 19 22
56 20 46
56 21 65
56 22 67
56 23 46
56 24 68
56 25 62
56 26 31
56 28 47
56 30 55
56 31 62
56 34 17
56 35 56
56 36 47
56 38 21
56 39 61
56 40 41
56 42 62
56 43 41
56 44 34
56 48 67
56 50 31
56 53 52
56 55 28
56 57 31
56 59 33
56 60 53
56 61 59
56 62 53
56 63 36
56 64 56
56 65 60
56 66 33
56 67 34
56 68 18
56 69 33
56 70 41
56 71 53
56 72 32
56 74 41
56 75 41
56 77 58
56 78 38
56 82 34
56 84 48
56 85 40
56 87 37
56 88 46
56 89 21
56 90 51
56 91 39
56 93 60
56 94 40
56 95 45
56 97 44
56 98 53
56 99 65
56 100 26
56 101 62
56 102 41
56 t 49
57 1 31
57 2 59
57 3 56
57 4 29
57 5 40
57 7 66
57 8 59
57 9 43
57 10 59
57 11 51
57 12 58
57 13 18
57 14 41
57 15 22
57 16 59
57 17 63
57 19 63
57 21 45
57 22 19
57 23 25
57 24 38
57 25 60
57 26 41
57 27 59
57 28 65
57 29 53
57 30 29
57 31 53
57 32 37
57 33 59
57 34 34
57 35 28
57 37 32
57 38 56
57 39 17
57 40 57
57 42 45
57 43 65
57 45 62
57 46 20
57 47 20
57 48 25
57 49 66
57 50 54
57 51 63
57 52 56
57 53 24
57 56 31
57 59 32
57 60 28
57 61 61
57 62 17
57 63 61
57 64 31
57 65 21
57 66 45
57 68 51
57 69 43
57 70 30
57 71 58
57 73 42
57 74 64
57 76 21
57 77 52
57 79 68
57 81 57
57 82 55
57 83 27
57 84 53
57 86 50
57 87 46
57 88 66
57 89 53
57 90 67
57 95 47
57 97 36
57 98 59
57 99 24
57 100 55
57 101 25
57 102 21
57 103 58
57 t 64
58 1 20
58 4 67
58 6 30
58 7 29
58 9 59
58 10 27
58 11 51
58 12 53
58 15 43
58 16 69
58 17 20
58 18 60
58 19 67
58 21 53
58 22 31
58 23 57
58 24 57
58 25 24
58 26 60
58 27 44
58 28 63
58 29 42
58 31 46
58 33 48
58 34 40
58 35 58
58 36 37
58 37 17
58 38 68
58 41 46
58 42 66
58 43 31
58 44 44
58 45 32
58 46 29
58 47 61
58 50 18
58 51 51
58 54 32
58 55 53
58 59 68
58 62 60
58 63 28
58 66 54
58 68 30
58 69 64
58 70 26
58 72 40
58 73 54
58 74 46
58 75 34
58 77 33
58 78 27
58 80 35
58 82 22
58 83 59
58 84 51
58 85 52
58 87 67
58 88 27
58 89 36
58 90 49
58 91 54
58 93 35
58 94 65
58 95 65
58 96 36
58 98 28
58 99 18
58 100 57
58 101 52
58 102 28
58 t 51
59 1 45
59 3 23
59 4 36
59 5 68
59 7 19
59 11 25
59 12 63
59 14 47
59 15 22
59 16 29
59 17 60
59 18 24
59 19 57
59 20 44
59 22 25
59 23 55
59 28 41
59 29 50
59 30 36
59 32 64
59 34 68
59 36 43
59 37 54
59 38 69
59 39 63
59 40 32
59 41 63
59 43 29
59 44 53
59 45 44
59 47 54
59 48 67
59 49 25
59 50 26
59 51 45
59 52 35
59 53 20
59 54 55
59 55 53
59 56 33
59 57 32
59 58 68
59 60 34
59 61 58
59 63 48
59 64 30
59 65 58
59 66 50
59 67 58
59 68 24
59 69 65
59 70 58
59 71 26
59 72 59
59 73 25
59 74 47
59 77 69
59 80 45
59 83 53
59 86 49
59 87 42
59 88 19
59 89 55
59 90 54
59 91 63
59 93 66
59 94 46
59 95 36
59 96 29
59 98 45
59 100 58
59 101 37
59 103 29
59 t 58
60 1 67
60 2 27
60 3 31
60 5 38
60 8 26
60 9 43
60 10 25
60 11 20
60 12 64
60 13 53
60 15 51
60 16 26
60 19 31
60 20 37
60 21 37
60 23 46
60 24 42
60 25 32
60 26 21
60 27 38
60 28 20
60 29 27
60 30 57
60 31 57
60 32 22
60 33 44
60 34 68
60 35 63
60 37 42
60 38 39
60 39 66
60 41 31
60 46 19
60 47 43
60 48 26
60 50 20
60 51 36
60 52 60
60 53 67
60 54 18
60 55 58
60 56 53
60 57 28
60 59 34
60 61 47
60 62 42
60 63 68
60 65 45
60 66 50
60 69 60
60 71 45
60 73 55
60 74 19
60 77 18
60 78 54
60 79 17
60 81 69
60 82 54
60 83 23
60 84 26
60 85 25
60 86 17
60 87 18
60 88 68
60 89 40
60 91 44
60 92 69
60 93 68
60 94 32
60 95 18
60 96 45
60 97 24
60 98 45
60 99 60
60 100 45
60 101 37
60 102 53
60 t 34
61 1 43
61 2 55
61 3 23
61 4 52
61 5 67
61 7 25
61 9 55
61 10 57
61 11 62
61 12 65
61 13 47
61 14 68
61 15 19
61 16 41
61 17 21
61 18 31
61 19 28
61 20 42
61 22 47
61 24 59
61 26 64
61 28 48
61 29 29
61 30 47
61 31 48
61 32 60
61 33 53
61 34 17
61 36 17
61 37 55
61 38 52
61 39 55
61 40 29
61 41 25
61 42 65
61 43 45
61 44 48
61 45 35
61 46 25
61 47 18
61 49 24
61 50 21
61 51 55
61 52 42
61 54 58
61 55 33
61 56 59
61 57 61
61 59 58
61 60 47
61 62 36
61 63 17
61 64 56
61 65 30
61 68 58
61 69 43
61 70 52
61 71 48
61 72 58
61 74 22
61 76 47
61 77 49
61 78 42
61 79 59
61 80 29
61 81 52
61 82 18
61 83 59
61 84 50
61 85 28
61 86 68
61 87 67
61 88 59
61 89 66
61 90 42
61 91 66
61 92 32
61 93 28
61 94 21
61 95 40
61 96 69
61 97 40
61 98 66
61 99 33
61 100 48
61 101 39
61 102 42
61 103 32
61 t 19
62 1 29
62 2 36
62 4 23
62 5 26
62 6 32
62 7 29
62 8 40
62 9 41
62 10 34
62 11 20
62 12 20
62 13 38
62 14 46
62 15 68
62 16 52
62 18 38
62 19 57
62 20 51
62 21 43
62 22 24
62 23 31
62 24 26
62 25 52
62 26 54
62 27 42
62 28 37
62 29 28
62 30 42
62 31 68
62 32 25
62 33 51
62 34 65
62 35 69
62 36 36
62 37 58
62 38 67
62 39 33
62 40 66
62 43 52
62 44 17
62 45 22
62 46 19
62 47 52
62 49 61
62 52 34
62 53 26
62 54 24
62 56 53
62 57 17
62 58 60
62 60 42
62 61 36
62 64 17
62 65 20
62 66 45
62 67 30
62 68 34
62 69 65
62 70 64
62 71 36
62 72 48
62 73 48
62 74 40
62 75 65
62 76 37
62 77 31
62 78 36
62 79 49
62 80 25
62 81 50
62 82 25
62 83 49
62 84 35
62 85 53
62 86 28
62 87 47
62 89 59
62 90 39
62 91 33
62 92 37
62 94 23
62 95 68
62 97 37
62 99 34
62 100 64
62 101 62
62 102 40
62 t 38
63 2 21
63 3 50
63 4 50
63 5 58
63 7 48
63 8 33
63 9 38
63 10 60
63 11 61
63 12 51
63 13 20
63 14 64
63 15 39
63 16 63
63 18 33
63 19 24
63 20 27
63 22 39
63 24 69
63 26 35
63 28 58
63 29 68
63 30 60
63 31 59
63 32 60
63 36 39
63 38 29
63 39 32
63 40 20
63 41 38
63 42 47
63 43 30
63 44 66
63 45 26
63 46 27
63 47 36
63 49 46
63 51 48
63 52 62
63 53 68
63 54 66
63 55 34
63 56 36
63 57 61
63 58 28
63 59 48
63 60 68
63 61 17
63 64 31
63 65 39
63 66 30
63 67 33
63 68 45
63 69 45
63 70 67
63 71 25
63 72 26
63 73 60
63 74 23
63 76 44
63 77 17
63 78 66
63 80 47
63 81 39
63 82 65
63 84 28
63 85 45
63 86 24
63 88 34
63 89 39
63 90 18
63 92 58
63 93 69
63 94 29
63 95 57
63 96 54
63 97 56
63 98 60
63 100 55
63 101 62
63 102 62
63 103 26
63 t 36
64 1 44
64 2 45
64 3 35
64 4 49
64 5 52
64 6 28
64 7 54
64 8 59
64 9 66
64 10 45
64 11 54
64 12 43
64 13 24
64 14 55
64 15 46
64 16 30
64 17 60
64 18 46
64 19 25
64 20 68
64 22 41
64 23 25
64 24 32
64 25 28
64 26 44
64 27 26
64 28 54
64 30 46
64 31 49
64 32 31
64 33 29
64 35 46
64 36 55
64 37 51
64 38 64
64 40 19
64 41 23
64 43 22
64 44 29
64 45 26
64 46 19
64 47 62
64 48 56
64 49 67
64 50 42
64 51 40
64 55 29
64 56 56
64 57 31
64 59 30
64 61 56
64 62 17
64 63 31
64 65 55
64 68 68
64 69 64
64 70 66
64 71 57
64 72 25
64 73 67
64 75 57
64 76 65
64 77 26
64 78 63
64 79 46
64 81 24
64 82 35
64 84 61
64 85 35
64 87 45
64 88 33
64 89 53
64 90 41
64 92 17
64 93 33
64 94 22
64 95 53
64 96 49
64 97 20
64 98 42
64 99 46
64 100 25
64 101 60
64 102 42
64 t 69
65 1 55
65 2 50
65 3 42
65 4 41
65 5 26
65 6 42
65 7 26
65 8 31
65 9 27
65 10 34
65 11 42
65 13 51
65 14 64
65 15 21
65 16 55
65 17 48
65 18 61
65 19 30
65 20 20
65 21 56
65 22 49
65 23 17
65 24 30
65 25 55
65 26 20
65 27 68
65 29 42
65 30 31
65 31 36
65 33 67
65 34 45
65 35 27
65 36 43
65 37 57
65 38 67
65 39 55
65 40 51
65 41 48
65 42 60
65 43 35
65 44 56
65 45 67
65 46 36
65 47 55
65 48 45
65 51 41
65 52 55
65 54 27
65 55 65
65 56 60
65 57 21
65 59 58
65 60 45
65 61 30
65 62 20
65 63 39
65 64 55
65 67 45
65 68 57
65 69 27
65 70 53
65 71 56
65 73 54
65 74 65
65 75 37
65 76 44
65 78 59
65 79 17
65 81 48
65 82 19
65 83 18
65 84 27
65 85 51
65 86 39
65 87 20
65 89 45
65 90 31
65 91 35
65 92 35
65 94 34
65 95 26
65 96 53
65 97 53
65 98 52
65 99 24
65 100 65
65 101 69
65 102 69
65 103 36
65 t 34
66 2 41
66 3 23
66 4 51
66 5 59
66 6 67
66 8 53
66 9 62
66 10 28
66 11 34
66 12 18
66 13 43
66 14 36
66 16 34
66 17 51
66 19 33
66 20 22
66 22 52
66 24 47
66 25 51
66 26 30
66 27 44
66 28 58
66 29 58
66 30 53
66 31 31
66 32 33
66 34 28
66 35 40
66 36 35
66 37 56
66 38 18
66 39 55
66 40 20
66 41 25
66 43 51
66 44 33
66 45 42
66 46 39
66 47 48
66 48 53
66 49 55
66 50 31
66 51 63
66 53 21
66 54 22
66 55 32
66 56 33
66 57 45
66 58 54
66 59 50
66 60 50
66 62 45
66 63 30
66 67 61
66 69 31
66 70 27
66 71 50
66 72 54
66 73 34
66 74 43
66 75 56
66 76 45
66 77 20
66 78 22
66 79 51
66 80 48
66 82 63
66 83 35
66 84 36
66 87 18
66 88 59
66 89 50
66 90 22
66 91 41
66 92 24
66 93 55
66 94 35
66 95 39
66 96 32
66 98 37
66 99 57
66 101 51
66 102 44
66 t 33
67 1 30
67 2 33
67 3 48
67 4 49
67 5 66
67 6 59
67 7 66
67 8 23
67 11 36
67 13 51
67 14 58
67 15 27
67 16 65
67 17 59
67 18 36
67 22 25
67 23 18
67 24 28
67 25 39
67 26 54
67 27 53
67 28 35
67 29 32
67 30 25
67 31 30
67 32 17
67 33 56
67 34 32
67 35 36
67 36 52
67 37 47
67 38 26
67 39 50
67 40 21
67 41 66
67 42 33
67 43 55
67 44 56
67 45 31
67 46 63
67 47 63
67 48 56
67 49 51
67 50 35
67 51 51
67 53 17
67 54 31
67 55 57
67 56 34
67 59 58
67 62 30
67 63 33
67 65 45
67 66 61
67 68 19
67 69 60
67 70 38
67 71 63
67 72 23
67 73 55
67 74 17
67 75 57
67 76 61
67 77 45
67 78 29
67 81 42
67 84 34
67 85 42
67 86 60
67 88 62
67 90 30
67 91 61
67 93 64
67 94 55
67 95 65
67 96 40
67 98 69
67 99 39
67 100 32
67 101 69
67 102 65
67 103 61
67 t 63
68 1 62
68 2 65
68 3 43
68 5 56
68 6 33
68 7 45
68 8 67
68 9 46
68 10 44
68 12 28
68 16 65
68 17 61
68 18 56
68 19 46
68 20 62
68 21 44
68 22 42
68 23 58
68 24 34
68 26 25
68 27 47
68 28 29
68 30 45
68 31 58
68 32 34
68 34 47
68 35 28
68 36 39
68 37 36
68 38 31
68 39 23
68 40 45
68 41 22
68 42 26
68 43 51
68 45 52
68 46 57
68 47 45
68 50 50
68 51 28
68 52 44
68 53 32
68 54 43
68 55 68
68 56 18
68 57 51
68 58 30
68 59 24
68 61 58
68 62 34
68 63 45
68 64 68
68 65 57
68 67 19
68 69 58
68 71 57
68 72 28
68 73 34
68 77 48
68 78 62
68 81 61
68 83 24
68 85 36
68 87 51
68 88 64
68 89 21
68 90 38
68 91 69
68 92 67
68 93 49
68 95 62
68 97 35
68 98 53
68 100 66
68 101 67
68 102 23
68 103 57
68 t 61
69 2 40
69 3 41
69 6 26
69 9 33
69 10 20
69 11 49
69 12 40
69 13 17
69 14 43
69 16 24
69 17 56
69 18 61
69 19 33
69 20 31
69 22 37
69 23 33
69 24 66
69 25 27
69 26 20
69 27 63
69 28 20
69 29 50
69 30 20
69 31 67
69 32 64
69 33 60
69 34 69
69 35 69
69 36 31
69 39 40
69 40 58
69 41 43
69 42 21
69 44 21
69 45 44
69 46 17
69 47 52
69 49 35
69 51 34
69 54 67
69 55 61
69 56 33
69 57 43
69 58 64
69 59 65
69 60 60
69 61 43
69 62 65
69 63 45
69 64 64
69 65 27
69 66 31
69 67 60
69 68 58
69 71 38
69 72 48
69 73 17
69 74 62
69 75 57
69 76 30
69 77 65
69 79 59
69 80 65
69 83 20
69 84 69
69 85 32
69 87 53
69 88 50
69 89 68
69 90 35
69 92 61
69 93 29
69 95 55
69 96 42
69 97 55
69 98 41
69 99 56
69 100 69
69 102 59
69 103 60
69 t 38
70 2 58
70 3 36
70 4 52
70 5 17
70 6 19
70 7 37
70 9 31
70 11 46
70 14 40
70 15 28
70 16 44
70 18 58
70 19 50
70 20 54
70 21 36
70 22 53
70 23 51
70 24 59
70 25 34
70 26 44
70 27 54
70 29 63
70 30 40
70 31 62
70 32 60
70 33 25
70 34 56
70 37 29
70 38 65
70 39 66
70 40 59
70 42 46
70 43 58
70 44 19
70 45 31
70 46 23
70 47 43
70 48 47
70 49 57
70 50 27
70 51 48
70 55 29
70 56 41
70 57 30
70 58 26
70 59 58
70 61 52
70 62 64
70 63 67
70 64 66
70 65 53
70 66 27
70 67 38
70 71 39
70 72 26
70 73 57
70 74 38
70 75 51
70 77 28
70 79 32
70 80 44
70 81 68
70 83 24
70 84 36
70 85 54
70 86 30
70 87 55
70 92 29
70 93 66
70 94 46
70 95 28
70 96 49
70 97 29
70 98 44
70 99 32
70 101 35
70 102 50
70 103 59
70 t 20
71 1 66
71 2 44
71 3 27
71 4 32
71 5 34
71 6 61
71 7 48
71 8 34
71 9 40
71 10 25
71 11 26
71 13 17
71 14 34
71 15 29
71 16 27
71 20 17
71 21 25
71 22 67
71 24 29
71 25 40
71 26 24
71 28 67
71 29 31
71 31 20
71 32 19
71 33 68
71 35 44
71 36 36
71 37 49
71 38 67
71 40 46
71 41 23
71 42 23
71 43 64
71 44 65
71 45 48
71 46 56
71 50 51
71 51 65
71 52 45
71 53 57
71 56 53
71 57 58
71 59 26
71 60 45
71 61 48
71 62 36
71 63 25
71 64 57
71 65 56
71 66 50
71 67 63
71 68 57
71 69 38
71 70 39
71 73 42
71 74 61
71 76 57
71 77 56
71 78 41
71 79 59
71 80 21
71 81 37
71 83 42
71 84 32
71 85 45
71 86 41
71 87 38
71 88 68
71 89 20
71 91 52
71 92 47
71 93 38
71 94 39
71 95 54
71 97 61
71 98 65
71 99 41
71 100 60
71 101 19
71 102 49
71 t 45
72 1 38
72 3 62
72 4 56
72 5 36
72 6 34
72 7 34
72 9 17
72 11 26
72 13 58
72 15 52
72 16 47
72 17 21
72 18 23
72 19 27
72 20 20
72 21 48
72 22 50
72 23 51
72 24 60
72 25 43
72 26 56
72 27 46
72 28 41
72 29 38
72 30 22
72 31 43
72 32 45
72 33 46
72 34 26
72 36 18
72 38 45
72 39 66
72 41 24
72 42 29
72 43 58
72 45 23
72 46 40
72 48 22
72 49 47
72 51 60
72 53 51
72 54 33
72 55 46
72 56 32
72 58 40
72 59 59
72 61 58
72 62 48
72 63 26
72 64 25
72 66 54
72 67 23
72 68 28
72 69 48
72 70 26
72 74 50
72 75 57
72 76 17
72 77 67
72 78 55
72 79 53
72 80 37
72 82 19
72 83 50
72 84 67
72 85 49
72 87 35
72 88 32
72 89 23
72 90 30
72 91 63
72 92 64
72 93 45
72 95 24
72 97 57
72 98 67
72 100 43
72 101 37
72 102 63
72 103 50
72 t 42
73 1 33
73 3 44
73 4 19
73 5 56
73 7 42
73 8 21
73 9 52
73 11 37
73 12 26
73 13 24
73 15 42
73 16 40
73 17 40
73 19 24
73 20 35
73 21 22
73 23 19
73 24 65
73 25 38
73 26 58
73 27 44
73 28 60
73 29 43
73 30 64
73 31 54
73 32 45
73 35 46
73 36 21
73 38 22
73 40 69
73 41 24
73 42 39
73 43 69
73 46 28
73 48 54
73 49 40
73 50 34
73 51 51
73 52 27
73 53 45
73 54 65
73 55 57
73 57 42
73 58 54
73 59 25
73 60 55
73 62 48
73 63 60
73 64 67
73 65 54
73 66 34
73 67 55
73 68 34
73 69 17
73 70 57
73 71 42
73 74 68
73 75 43
73 76 43
73 77 22
73 78 60
73 79 23
73 80 32
73 81 20
73 83 35
73 85 48
73 86 22
73 88 24
73 90 42
73 91 40
73 93 28
73 94 27
73 97 55
73 100 51
73 101 44
73 102 66
73 103 66
74 1 53
74 2 42
74 3 38
74 4 48
74 5 27
74 6 32
74 8 49
74 9 50
74 10 21
74 11 49
74 12 42
74 14 51
74 15 45
74 18 61
74 19 20
74 21 58
74 22 37
74 23 69
74 24 56
74 26 42
74 28 43
74 29 68
74 30 38
74 31 65
74 33 46
74 34 50
74 35 63
74 36 62
74 37 27
74 38 67
74 39 32
74 40 44
74 41 64
74 42 33
74 43 45
74 44 66
74 46 66
74 47 24
74 48 41
74 49 61
74 50 27
74 51 24
74 52 35
74 53 62
74 54 30
74 55 19
74 56 41
74 57 64
74 58 46
74 59 47
74 60 19
74 61 22
74 62 40
74 63 23
74 65 65
74 66 43
74 67 17
74 69 62
74 70 38
74 71 61
74 72 50
74 73 68
74 75 61
74 76 22
74 77 26
74 78 66
74 79 53
74 80 59
74 81 38
74 82 40
74 83 52
74 84 68
74 85 28
74 86 67
74 87 33
74 88 17
74 89 27
74 91 47
74 92 41
74 93 31
74 94 31
74 96 61
74 98 59
74 100 48
74 101 32
74 102 61
74 103 42
74 t 38
75 1 59
75 2 59
75 3 27
75 4 23
75 6 43
75 9 23
75 11 39
75 13 30
75 15 69
75 16 53
75 17 45
75 18 62
75 19 54
75 21 23
75 23 47
75 25 55
75 26 27
75 27 63
75 28 50
75 29 62
75 30 40
75 31 30
75 32 34
75 33 45
75 34 23
75 37 66
75 38 66
75 39 67
75 40 69
75 41 30
75 44 28
75 45 60
75 46 62
75 47 29
75 48 52
75 49 63
75 50 40
75 52 36
75 54 61
75 55 33
75 56 41
75 58 34
75 62 65
75 64 57
75 65 37
75 66 56
75 67 57
75 69 57
75 70 51
75 72 57
75 73 43
75 74 61
75 76 39
75 78 41
75 80 69
75 81 26
75 82 36
75 83 63
75 84 24
75 85 59
75 86 53
75 87 55
75 88 43
75 89 35
75 91 43
75 92 37
75 94 37
75 96 67
75 97 45
75 98 51
75 100 45
75 101 50
75 102 43
75 103 31
76 1 62
76 2 68
76 3 65
76 4 21
76 5 58
76 7 27
76 8 63
76 9 60
76 10 54
76 11 57
76 12 50
76 13 35
76 14 56
76 15 34
76 16 28
76 17 40
76 19 29
76 20 36
76 22 45
76 23 26
76 24 53
76 25 53
76 26 29
76 27 28
76 28 17
76 29 37
76 30 44
76 31 53
76 33 24
76 34 69
76 35 21
76 36 34
76 37 57
76 38 21
76 39 22
76 41 66
76 42 46
76 43 65
76 44 62
76 46 31
76 48 68
76 49 39
76 50 25
76 51 58
76 52 43
76 53 30
76 54 58
76 57 21
76 61 47
76 62 37
76 63 44
76 64 65
76 65 44
76 66 45
76 67 61
76 69 30
76 71 57
76 72 17
76 73 43
76 74 22
76 75 39
76 77 25
76 78 54
76 79 59
76 80 66
76 81 62
76 83 35
76 84 22
76 85 58
76 86 51
76 88 29
76 89 17
76 90 51
76 93 57
76 94 63
76 95 51
76 96 35
76 97 59
76 98 49
76 99 29
76 100 32
76 102 45
76 t 33
77 1 27
77 2 53
77 3 20
77 4 40
77 5 23
77 6 67
77 7 58
77 8 49
77 9 69
77 11 65
77 12 41
77 13 44
77 14 29
77 15 18
77 16 28
77 18 67
77 19 69
77 20 36
77 21 33
77 22 27
77 23 42
77 24 19
77 25 51
77 26 40
77 27 64
77 28 64
77 29 57
77 32 22
77 33 37
77 34 29
77 35 64
77 36 61
77 37 63
77 39 44
77 40 67
77 42 46
77 44 69
77 45 39
77 47 33
77 49 22
77 50 34
77 51 45
77 54 60
77 55 53
77 56 58
77 57 52
77 58 33
77 59 69
77 60 18
77 61 49
77 62 31
77 63 17
77 64 26
77 66 20
77 67 45
77 68 48
77 69 65
77 70 28
77 71 56
77 72 67
77 73 22
77 74 26
77 76 25
77 78 24
77 79 60
77 80 38
77 82 41
77 83 45
77 85 20
77 86 56
77 87 18
77 88 49
77 90 46
77 91 52
77 94 43
77 96 22
77 98 19
77 99 47
77 100 67
77 101 42
77 102 30
77 103 58
77 t 24
78 3 62
78 4 61
78 5 62
78 7 59
78 8 32
78 9 18
78 12 35
78 13 24
78 14 54
78 15 44
78 16 32
78 18 57
78 19 22
78 20 69
78 21 46
78 22 41
78 23 59
78 24 65
78 26 41
78 27 26
78 29 40
78 30 38
78 31 60
78 32 47
78 33 48
78 34 68
78 36 57
78 37 69
78 38 28
78 39 50
78 40 53
78 41 26
78 42 56
78 43 56
78 44 55
78 45 29
78 46 58
78 47 33
78 48 28
78 49 42
78 50 20
78 51 62
78 52 63
78 53 37
78 54 61
78 55 17
78 56 38
78 58 27
78 60 54
78 61 42
78 62 36
78 63 66
78 64 63
78 65 59
78 66 22
78 67 29
78 68 62
78 71 41
78 72 55
78 73 60
78 74 66
78 75 41
78 76 54
78 77 24
78 80 33
78 81 64
78 82 42
78 83 20
78 86 38
78 87 43
78 88 45
78 90 49
78 91 34
78 92 20
78 93 36
78 94 52
78 95 40
78 96 21
78 97 30
78 99 36
78 100 47
78 101 17
78 102 66
78 103 55
79 1 63
79 2 50
79 3 38
79 5 52
79 6 35
79 7 41
79 8 32
79 10 44
79 11 57
79 12 47
79 13 31
79 14 68
79 15 19
79 16 41
79 17 61
79 18 38
79 19 45
79 20 65
79 21 37
79 23 36
79 25 36
79 26 20
79 27 26
79 28 41
79 29 25
79 30 63
79 31 60
79 32 66
79 34 64
79 35 48
79 36 46
79 37 49
79 38 61
79 39 53
79 40 58
79 41 60
79 42 48
79 43 65
79 44 45
79 45 64
79 46 50
79 47 68
79 48 41
79 49 57
79 50 23
79 51 39
79 52 40
79 53 19
79 54 63
79 55 26
79 57 68
79 60 17
79 61 59
79 62 49
79 64 46
79 65 17
79 66 51
79 69 59
79 70 32
79 71 59
79 72 53
79 73 23
79 74 53
79 76 59
79 77 60
79 81 23
79 82 61
79 83 61
79 84 51
79 85 43
79 86 27
79 88 26
79 89 60
79 90 44
79 91 25
79 92 41
79 93 40
79 94 40
79 97 38
79 100 21
79 101 23
79 102 38
79 103 56
79 t 60
80 2 43
80 3 37
80 4 53
80 7 60
80 8 38
80 9 29
80 10 53
80 11 35
80 13 45
80 15 44
80 18 48
80 19 36
80 20 69
80 22 44
80 23 35
80 24 34
80 25 27
80 27 28
80 28 50
80 29 60
80 30 33
80 31 20
80 32 20
80 33 51
80 34 36
80 36 36
80 37 61
80 38 27
80 40 20
80 41 46
80 42 41
80 43 64
80 44 28
80 45 65
80 46 59
80 47 19
80 48 55
80 49 60
80 50 53
80 51 27
80 52 60
80 53 69
80 54 18
80 55 34
80 58 35
80 59 45
80 61 29
80 62 25
80 63 47
80 66 48
80 69 65
80 70 44
80 71 21
80 72 37
80 73 32
80 74 59
80 75 69
80 76 66
80 77 38
80 78 33
80 81 31
80 82 69
80 83 27
80 84 32
80 85 20
80 86 43
80 87 36
80 90 34
80 91 32
80 92 27
80 93 20
80 94 57
80 95 29
80 97 64
80 98 44
80 99 56
80 100 68
80 101 49
80 102 56
80 103 55
80 t 18
81 1 30
81 2 22
81 3 67
81 4 44
81 5 50
81 7 36
81 8 26
81 9 25
81 10 44
81 11 48
81 12 19
81 13 31
81 14 39
81 15 55
81 16 29
81 17 36
81 18 29
81 19 45
81 20 20
81 22 33
81 23 25
81 24 54
81 25 18
81 26 54
81 27 67
81 28 64
81 29 22
81 30 36
81 31 27
81 32 21
81 35 34
81 36 27
81 37 32
81 38 33
81 39 26
81 40 54
81 41 46
81 42 18
81 43 20
81 44 56
81 45 22
81 46 23
81 48 36
81 49 68
81 50 41
81 51 23
81 53 29
81 55 44
81 57 57
81 60 69
81 61 52
81 62 50
81 63 39
81 64 24
81 65 48
81 67 42
81 68 61
81 70 68
81 71 37
81 73 20
81 74 38
81 75 26
81 76 62
81 78 64
81 79 23
81 80 31
81 83 51
81 84 46
81 86 33
81 87 19
81 88 39
81 89 25
81 90 68
81 92 61
81 93 56
81 94 22
81 95 57
81 96 58
81 97 45
81 98 51
81 99 55
81 100 32
81 101 23
81 103 60
81 t 68
82 2 56
82 4 24
82 5 31
82 6 19
82 7 45
82 8 49
82 9 56
82 11 21
82 12 65
82 14 17
82 15 24
82 16 34
82 17 33
82 18 37
82 19 22
82 20 37
82 21 55
82 22 59
82 23 67
82 24 44
82 25 17
82 26 20
82 27 44
82 28 45
82 29 60
82 30 29
82 31 66
82 33 27
82 34 55
82 35 37
82 36 33
82 40 35
82 41 61
82 42 24
82 43 46
82 44 19
82 45 41
82 47 34
82 48 35
82 49 61
82 50 67
82 52 36
82 53 23
82 54 50
82 56 34
82 57 55
82 58 22
82 60 54
82 61 18
82 62 25
82 63 65
82 64 35
82 65 19
82 66 63
82 72 19
82 74 40
82 75 36
82 77 41
82 78 42
82 79 61
82 80 69
82 83 59
82 84 60
82 85 36
82 86 26
82 87 25
82 88 44
82 89 26
82 91 36
82 92 45
82 93 23
82 94 43
82 95 53
82 96 34
82 98 58
82 99 27
82 100 62
82 101 39
82 102 53
82 t 51
83 1 49
83 2 32
83 3 54
83 4 34
83 6 18
83 7 19
83 8 51
83 9 69
83 10 60
83 11 44
83 12 45
83 13 57
83 14 46
83 15 33
83 18 17
83 19 21
83 20 34
83 21 19
83 22 35
83 23 53
83 24 33
83 25 20
83 26 36
83 27 59
83 28 55
83 29 34
83 30 31
83 31 24
83 32 18
83 33 69
83 35 54
83 36 48
83 37 37
83 38 27
83 39 21
83 40 20
83 41 26
83 42 55
83 43 20
83 44 29
83 45 69
83 46 52
83 47 23
83 48 64
83 49 62
83 50 38
83 51 41
83 52 64
83 53 42
83 54 45
83 55 66
83 57 27
83 58 59
83 59 53
83 60 23
83 61 59
83 62 49
83 65 18
83 66 35
83 68 24
83 69 20
83 70 24
83 71 42
83 72 50
83 73 35
83 74 52
83 75 63
83 76 35
83 77 45
83 78 20
83 79 61
83 80 27
83 81 51
83 82 59
83 84 38
83 85 60
83 86 53
83 87 48
83 88 20
83 89 50
83 90 63
83 91 57
83 92 56
83 93 33
83 95 63
83 96 57
83 97 21
83 98 49
83 99 39
83 101 47
83 102 66
83 103 52
83 t 22
84 1 50
84 2 69
84 3 56
84 5 43
84 6 19
84 7 36
84 8 43
84 9 34
84 10 65
84 11 31
84 12 29
84 13 20
84 15 60
84 16 24
84 17 65
84 18 40
84 19 44
84 20 48
84 21 39
84 22 24
84 23 59
84 25 49
84 26 64
84 27 37
84 28 48
84 29 55
84 30 42
84 31 51
84 32 68
84 33 26
84 34 27
84 35 28
84 36 42
84 37 67
84 38 46
84 39 19
84 40 42
84 41 33
84 42 47
84 43 49
84 46 30
84 49 50
84 50 58
84 51 62
84 52 21
84 53 22
84 55 34
84 56 48
84 57 53
84 58 51
84 60 26
84 61 50
84 62 35
84 63 28
84 64 61
84 65 27
84 66 36
84 67 34
84 69 69
84 70 36
84 71 32
84 72 67
84 74 68
84 75 24
84 76 22
84 79 51
84 80 32
84 81 46
84 82 60
84 83 38
84 86 27
84 87 23
84 89 36
84 90 49
84 91 58
84 92 27
84 93 69
84 94 27
84 96 40
84 97 55
84 98 67
84 99 29
84 100 58
84 101 61
84 102 28
84 t 47
85 1 58
85 2 40
85 3 69
85 4 46
85 5 17
85 6 19
85 8 62
85 9 20
85 10 60
85 11 21
85 13 57
85 14 29
85 15 44
85 16 44
85 18 66
85 19 33
85 21 68
85 22 31
85 23 67
85 25 42
85 26 24
85 27 40
85 28 49
85 29 40
85 30 53
85 31 26
85 32 33
85 33 21
85 34 43
85 35 63
85 37 54
85 38 34
85 39 54
85 41 26
85 43 65
85 44 25
85 47 49
85 48 37
85 49 34
85 50 58
85 51 43
85 53 62
85 54 66
85 56 40
85 58 52
85 60 25
85 61 28
85 62 53
85 63 45
85 64 35
85 65 51
85 67 42
85 68 36
85 69 32
85 70 54
85 71 45
85 72 49
85 73 48
85 74 28
85 75 59
85 76 58
85 77 20
85 79 43
85 80 20
85 82 36
85 83 60
85 86 52
85 87 50
85 88 42
85 91 47
85 92 40
85 93 63
85 94 32
85 95 48
85 96 25
85 97 31
85 98 19
85 99 66
85 100 22
85 102 60
85 103 40
85 t 64
86 1 25
86 2 65
86 3 27
86 4 39
86 6 63
86 7 53
86 8 39
86 9 38
86 10 40
86 11 36
86 12 25
86 13 52
86 14 23
86 15 40
86 16 49
86 17 38
86 19 23
86 20 22
86 21 62
86 22 65
86 23 43
86 24 38
86 25 68
86 26 54
86 27 69
86 28 46
86 29 35
86 30 49
86 31 31
86 33 32
86 34 50
86 35 56
86 36 57
86 37 49
86 38 25
86 39 62
86 40 64
86 41 36
86 42 25
86 43 69
86 44 44
86 45 66
86 46 39
86 47 19
86 48 47
86 49 53
86 50 61
86 51 67
86 52 30
86 53 26
86 54 21
86 55 65
86 57 50
86 59 49
86 60 17
86 61 68
86 62 28
86 63 24
86 65 39
86 67 60
86 70 30
86 71 41
86 73 22
86 74 67
86 75 53
86 76 51
86 77 56
86 78 38
86 79 27
86 80 43
86 81 33
86 82 26
86 83 53
86 84 27
86 85 52
86 87 21
86 88 62
86 89 47
86 90 52
86 92 48
86 93 19
86 94 64
86 95 67
86 97 43
86 98 21
86 99 38
86 101 41
86 102 44
86 t 53
87 1 52
87 2 59
87 4 35
87 6 36
87 7 47
87 9 23
87 10 40
87 13 69
87 14 44
87 15 41
87 16 18
87 17 68
87 18 33
87 19 20
87 20 28
87 22 31
87 23 43
87 25 44
87 27 39
87 28 32
87 29 27
87 30 50
87 31 54
87 33 53
87 34 22
87 35 47
87 36 17
87 37 62
87 38 60
87 40 68
87 42 24
87 44 34
87 45 53
87 46 50
87 47 21
87 49 51
87 50 31
87 52 54
87 54 30
87 55 28
87 56 37
87 57 46
87 58 67
87 59 42
87 60 18
87 61 67
87 62 47
87 64 45
87 65 20
87 66 18
87 68 51
87 69 53
87 70 55
87 71 38
87 72 35
87 74 33
87 75 55
87 77 18
87 78 43
87 80 36
87 81 19
87 82 25
87 83 48
87 84 23
87 85 50
87 86 21
87 90 34
87 91 54
87 93 37
87 94 43
87 98 63
87 99 51
87 100 46
87 101 43
87 102 58
87 t 41
88 1 20
88 2 25
88 3 26
88 5 18
88 6 45
88 9 63
88 10 47
88 11 56
88 12 23
88 13 21
88 15 28
88 16 49
88 17 67
88 18 47
88 19 45
88 20 67
88 21 35
88 22 63
88 25 50
88 26 43
88 27 60
88 28 48
88 29 38
88 30 67
88 31 59
88 32 38
88 33 27
88 35 69
88 36 68
88 37 22
88 38 21
88 39 27
88 40 29
88 41 49
88 42 20
88 43 69
88 45 47
88 46 68
88 47 29
88 48 44
88 49 32
88 51 45
88 53 60
88 56 46
88 57 66
88 58 27
88 59 19
88 60 68
88 61 59
88 63 34
88 64 33
88 66 59
88 67 62
88 68 64
88 69 50
88 71 68
88 72 32
88 73 24
88 74 17
88 75 43
88 76 29
88 77 49
88 78 45
88 79 26
88 81 39
88 82 44
88 83 20
88 85 42
88 86 62
88 89 28
88 90 51
88 92 27
88 93 49
88 95 46
88 99 40
88 100 42
88 101 69
88 102 60
88 103 64
88 t 19
89 1 59
89 2 23
89 3 53
89 4 18
89 5 35
89 7 66
89 8 45
89 9 58
89 10 67
89 11 50
89 13 47
89 14 63
89 16 29
89 18 67
89 19 26
89 21 55
89 22 66
89 23 49
89 25 69
89 26 42
89 27 37
89 29 58
89 30 41
89 31 61
89 32 17
89 33 25
89 34 54
89 35 56
89 37 41
89 38 23
89 40 68
89 41 64
89 42 32
89 44 54
89 45 25
89 46 29
89 47 43
89 49 51
89 51 51
89 53 21
89 54 31
89 55 28
89 56 21
89 57 53
89 58 36
89 59 55
89 60 40
89 61 66
89 62 59
89 63 39
89 64 53
89 65 45
89 66 50
89 68 21
89 69 68
89 71 20
89 72 23
89 74 27
89 75 35
89 76 17
89 79 60
89 81 25
89 82 26
89 83 50
89 84 36
89 86 47
89 88 28
89 90 61
89 91 17
89 92 22
89 93 20
89 94 31
89 95 45
89 97 19
89 98 21
89 99 21
89 100 39
89 101 34
89 102 35
89 103 46
89 t 51
90 1 24
90 3 25
90 4 67
90 7 59
90 8 37
90 9 31
90 10 30
90 12 40
90 13 32
90 15 43
90 16 32
90 18 29
90 20 19
90 21 18
90 22 41
90 23 22
90 24 40
90 25 21
90 26 53
90 27 48
90 28 17
90 29 52
90 30 27
90 31 40
90 32 56
90 33 46
90 34 30
90 35 69
90 36 17
90 39 52
90 40 46
90 41 31
90 42 57
90 43 47
90 44 63
90 46 31
90 47 26
90 48 36
90 49 65
90 50 61
90 51 31
90 52 48
90 53 30
90 54 63
90 55 66
90 56 51
90 57 67
90 58 49
90 59 54
90 61 42
90 62 39
90 63 18
90 64 41
90 65 31
90 66 22
90 67 30
90 68 38
90 69 35
90 72 30
90 73 42
90 76 51
90 77 46
90 78 49
90 79 44
90 80 34
90 81 68
90 83 63
90 84 49
90 86 52
90 87 34
90 88 51
90 89 61
90 91 58
90 92 55
90 93 28
90 95 25
90 96 32
90 97 25
90 98 20
90 101 32
90 102 37
90 103 21
90 t 41
91 4 39
91 7 57
91 8 48
91 9 64
91 10 32
91 11 51
91 12 38
91 13 34
91 14 22
91 15 34
91 16 23
91 17 33
91 18 29
91 19 23
91 20 40
91 21 49
91 22 44
91 23 52
91 24 28
91 26 59
91 28 51
91 29 49
91 30 51
91 31 36
91 33 61
91 34 35
91 36 20
91 37 41
91 38 30
91 40 40
91 41 59
91 43 64
91 44 27
91 46 59
91 47 30
91 48 33
91 49 66
91 50 56
91 55 34
91 56 39
91 58 54
91 59 63
91 60 44
91 61 66
91 62 33
91 65 35
91 66 41
91 67 61
91 68 69
91 71 52
91 72 63
91 73 40
91 74 47
91 75 43
91 77 52
91 78 34
91 79 25
91 80 32
91 82 36
91 83 57
91 84 58
91 85 47
91 87 54
91 89 17
91 90 58
91 92 55
91 93 26
91 94 57
91 96 35
91 97 47
91 98 38
91 100 66
91 102 63
91 103 30
92 1 67
92 2 54
92 3 62
92 4 61
92 5 37
92 6 49
92 9 43
92 10 42
92 11 69
92 12 18
92 13 55
92 14 35
92 15 60
92 16 64
92 20 37
92 21 65
92 22 37
92 23 29
92 24 24
92 25 17
92 26 36
92 27 69
92 28 49
92 30 25
92 31 53
92 32 25
92 34 60
92 36 50
92 37 35
92 38 23
92 39 47
92 40 30
92 41 65
92 42 18
92 43 54
92 44 52
92 46 54
92 47 68
92 48 32
92 49 57
92 50 55
92 51 27
92 52 26
92 53 57
92 54 37
92 55 18
92 60 69
92 61 32
92 62 37
92 63 58
92 64 17
92 65 35
92 66 24
92 68 67
92 69 61
92 70 29
92 71 47
92 72 64
92 74 41
92 75 37
92 78 20
92 79 41
92 80 27
92 81 61
92 82 45
92 83 56
92 84 27
92 85 40
92 86 48
92 88 27
92 89 22
92 90 55
92 91 55
92 93 52
92 94 57
92 95 50
92 96 29
92 98 60
92 99 23
92 100 64
92 101 66
92 103 22
92 t 21
93 1 30
93 2 47
93 3 24
93 4 63
93 5 53
93 6 41
93 7 22
93 8 45
93 9 49
93 10 45
93 11 18
93 12 43
93 13 33
93 14 69
93 16 33
93 17 67
93 18 48
93 19 20
93 20 56
93 22 55
93 23 19
93 24 57
93 25 48
93 27 34
93 29 31
93 30 21
93 31 44
93 32 34
93 34 63
93 35 31
93 36 63
93 37 67
93 38 26
93 39 54
93 40 51
93 41 33
93 42 17
93 43 54
93 44 30
93 46 36
93 47 34
93 48 33
93 49 46
93 50 21
93 51 39
93 52 18
93 54 39
93 56 60
93 58 35
93 59 66
93 60 68
93 61 28
93 63 69
93 64 33
93 66 55
93 67 64
93 68 49
93 69 29
93 70 66
93 71 38
93 72 45
93 73 28
93 74 31
93 76 57
93 78 36
93 79 40
93 80 20
93 81 56
93 82 23
93 83 33
93 84 69
93 85 63
93 86 19
93 87 37
93 88 49
93 89 20
93 90 28
93 91 26
93 92 52
93 94 40
93 95 51
93 96 59
93 97 42
93 98 17
93 99 43
93 100 62
93 101 33
93 102 18
93 t 66
94 1 36
94 2 48
94 3 24
94 4 49
94 5 30
94 7 30
94 9 36
94 10 55
94 11 46
94 12 21
94 13 21
94 15 49
94 16 48
94 18 54
94 19 40
94 20 18
94 21 55
94 22 32
94 23 37
94 24 20
94 25 36
94 26 67
94 27 65
94 28 55
94 29 18
94 30 66
94 31 22
94 32 54
94 34 28
94 35 40
94 36 29
94 39 42
94 41 36
94 43 28
94 44 32
94 45 23
94 47 27
94 48 60
94 51 30
94 52 28
94 53 27
94 54 50
94 55 49
94 56 40
94 58 65
94 59 46
94 60 32
94 61 21
94 62 23
94 63 29
94 64 22
94 65 34
94 66 35
94 67 55
94 70 46
94 71 39
94 73 27
94 74 31
94 75 37
94 76 63
94 77 43
94 78 52
94 79 40
94 80 57
94 81 22
94 82 43
94 84 27
94 85 32
94 86 64
94 87 43
94 89 31
94 91 57
94 92 57
94 93 40
94 95 68
94 96 45
94 97 61
94 98 48
94 99 50
94 100 28
94 102 55
94 103 52
95 3 45
95 4 64
95 5 59
95 7 54
95 8 61
95 9 61
95 10 58
95 11 65
95 12 38
95 13 26
95 14 61
95 15 17
95 16 42
95 17 32
95 20 61
95 21 32
95 22 48
95 25 53
95 26 17
95 27 21
95 28 55
95 29 42
95 31 24
95 32 47
95 33 60
95 34 59
95 36 50
95 37 21
95 38 51
95 39 51
95 40 56
95 41 53
95 42 37
95 43 49
95 44 50
95 46 61
95 47 61
95 48 17
95 49 49
95 50 23
95 51 48
95 53 62
95 54 61
95 56 45
95 57 47
95 58 65
95 59 36
95 60 18
95 61 40
95 62 68
95 63 57
95 64 53
95 65 26
95 66 39
95 67 65
95 68 62
95 69 55
95 70 28
95 71 54
95 72 24
95 76 51
95 78 40
95 80 29
95 81 57
95 82 53
95 83 63
95 85 48
95 86 67
95 88 46
95 89 45
95 90 25
95 92 50
95 93 51
95 94 68
95 96 58
95 98 40
95 99 69
95 100 25
95 101 21
95 103 45
95 t 19
96 1 23
96 2 36
96 3 64
96 4 47
96 5 53
96 6 47
96 7 28
96 8 65
96 9 41
96 10 45
96 11 23
96 12 38
96 13 43
96 15 44
96 16 64
96 17 40
96 18 53
96 19 18
96 20 26
96 23 34
96 24 23
96 26 20
96 27 43
96 28 46
96 29 51
96 30 38
96 31 63
96 32 68
96 34 36
96 37 22
96 38 50
96 39 35
96 40 60
96 41 38
96 42 43
96 43 44
96 44 31
96 45 42
96 46 43
96 47 30
96 48 62
96 49 37
96 50 22
96 51 22
96 52 42
96 54 42
96 55 44
96 58 36
96 59 29
96 60 45
96 61 69
96 63 54
96 64 49
96 65 53
96 66 32
96 67 40
96 69 42
96 70 49
96 74 61
96 75 67
96 76 35
96 77 22
96 78 21
96 81 58
96 82 34
96 83 57
96 84 40
96 85 25
96 90 32
96 91 35
96 92 29
96 93 59
96 94 45
96 95 58
96 97 35
96 98 32
96 100 69
96 101 39
96 102 25
96 t 57
97 2 55
97 3 29
97 5 35
97 6 49
97 7 38
97 8 26
97 9 49
97 10 61
97 11 52
97 14 68
97 15 49
97 16 47
97 17 26
97 18 31
97 19 57
97 21 35
97 22 54
97 23 67
97 24 24
97 26 27
97 27 55
97 28 58
97 29 56
97 30 19
97 31 19
97 32 46
97 33 40
97 34 20
97 35 67
97 36 54
97 37 54
97 38 48
97 40 29
97 41 30
97 42 22
97 43 38
97 44 45
97 45 33
97 46 25
97 47 29
97 48 51
97 49 34
97 50 50
97 51 46
97 52 35
97 53 63
97 55 60
97 56 44
97 57 36
97 60 24
97 61 40
97 62 37
97 63 56
97 64 20
97 65 53
97 68 35
97 69 55
97 70 29
97 71 61
97 72 57
97 73 55
97 75 45
97 76 59
97 78 30
97 79 38
97 80 64
97 81 45
97 83 21
97 84 55
97 85 31
97 86 43
97 89 19
97 90 25
97 91 47
97 93 42
97 94 61
97 96 35
97 98 54
97 99 39
97 101 31
97 103 57
97 t 59
98 1 47
98 3 63
98 4 31
98 7 28
98 8 50
98 9 52
98 10 69
98 11 51
98 12 24
98 13 64
98 14 49
98 15 51
98 16 69
98 17 51
98 18 58
98 19 42
98 20 25
98 21 49
98 22 57
98 23 32
98 24 23
98 25 23
98 27 26
98 28 57
98 29 60
98 30 55
98 32 26
98 33 38
98 34 59
98 35 49
98 36 39
98 37 61
98 38 59
98 39 35
98 40 28
98 41 64
98 42 20
98 44 63
98 45 38
98 46 45
98 47 35
98 48 35
98 50 62
98 51 29
98 52 26
98 55 38
98 56 53
98 57 59
98 58 28
98 59 45
98 60 45
98 61 66
98 63 60
98 64 42
98 65 52
98 66 37
98 67 69
98 68 53
98 69 41
98 70 44
98 71 65
98 72 67
98 74 59
98 75 51
98 76 49
98 77 19
98 80 44
98 81 51
98 82 58
98 83 49
98 84 67
98 85 19
98 86 21
98 87 63
98 89 21
98 90 20
98 91 38
98 92 60
98 93 17
98 94 48
98 95 40
98 96 32
98 97 54
98 101 40
98 102 67
98 103 23
98 t 57
99 1 36
99 2 64
99 3 28
99 5 56
99 6 52
99 7 33
99 8 32
99 9 53
99 10 51
99 12 58
99 14 52
99 15 51
99 16 17
99 17 46
99 18 34
99 19 67
99 20 33
99 21 37
99 22 29
99 24 66
99 25 42
99 27 41
99 28 53
99 29 45
99 30 36
99 32 26
99 33 27
99 34 18
99 35 33
99 36 50
99 37 22
99 38 45
99 40 55
99 41 55
99 43 41
99 44 34
99 45 62
99 46 39
99 47 20
99 48 26
99 50 34
99 51 62
99 52 26
99 53 35
99 54 41
99 55 25
99 56 65
99 57 24
99 58 18
99 60 60
99 61 33
99 62 34
99 64 46
99 65 24
99 66 57
99 67 39
99 69 56
99 70 32
99 71 41
99 76 29
99 77 47
99 78 36
99 80 56
99 81 55
99 82 27
99 83 39
99 84 29
99 85 66
99 86 38
99 87 51
99 88 40
99 89 21
99 92 23
99 93 43
99 94 50
99 95 69
99 97 39
99 102 21
99 103 59
99 t 29
100 1 40
100 2 63
100 3 67
100 5 51
100 6 31
100 7 63
100 8 48
100 9 67
100 10 46
100 11 66
100 12 67
100 13 36
100 14 20
100 15 48
100 17 24
100 18 30
100 21 64
100 22 50
100 24 18
100 25 43
100 27 67
100 28 52
100 29 39
100 30 63
100 31 28
100 32 22
100 33 43
100 34 51
100 35 64
100 36 66
100 37 50
100 38 40
100 40 27
100 41 69
100 42 44
100 43 59
100 44 48
100 46 62
100 47 27
100 49 24
100 50 56
100 51 57
100 52 43
100 53 48
100 54 43
100 55 40
100 56 26
100 57 55
100 58 57
100 59 58
100 60 45
100 61 48
100 62 64
100 63 55
100 64 25
100 65 65
100 67 32
100 68 66
100 69 69
100 71 60
100 72 43
100 73 51
100 74 48
100 75 45
100 76 32
100 77 67
100 78 47
100 79 21
100 80 68
100 81 32
100 82 62
100 84 58
100 85 22
100 87 46
100 88 42
100 89 39
100 91 66
100 92 64
100 93 62
100 94 28
100 95 25
100 96 69
100 101 36
100 102 47
100 t 39
101 1 51
101 2 60
101 4 66
101 5 45
101 7 22
101 8 34
101 9 67
101 10 44
101 11 18
101 12 57
101 13 32
101 14 24
101 15 26
101 18 69
101 19 27
101 20 64
101 21 65
101 22 69
101 24 19
101 26 49
101 27 30
101 29 40
101 30 60
101 31 56
101 33 44
101 34 66
101 35 22
101 37 51
101 38 58
101 41 40
101 43 22
101 44 27
101 45 62
101 46 62
101 47 60
101 48 27
101 50 29
101 51 41
101 52 28
101 53 50
101 54 47
101 55 64
101 56 62
101 57 25
101 58 52
101 59 37
101 60 37
101 61 39
101 62 62
101 63 62
101 64 60
101 65 69
101 66 51
101 67 69
101 68 67
101 70 35
101 71 19
101 72 37
101 73 44
101 74 32
101 75 50
101 77 42
101 78 17
101 79 23
101 80 49
101 81 23
101 82 39
101 83 47
101 84 61
101 86 41
101 87 43
101 88 69
101 89 34
101 90 32
101 92 66
101 93 33
101 95 21
101 96 39
101 97 31
101 98 40
101 100 36
101 102 59
101 t 53
102 2 69
102 3 46
102 5 45
102 7 51
102 8 34
102 9 41
102 10 22
102 11 45
102 12 22
102 13 36
102 16 46
102 17 17
102 18 37
102 19 45
102 20 35
102 21 64
102 22 29
102 23 66
102 24 35
102 25 47
102 26 63
102 27 23
102 28 31
102 29 41
102 30 27
102 31 60
102 33 34
102 34 24
102 36 38
102 38 22
102 39 17
102 40 23
102 41 47
102 42 43
102 44 64
102 45 60
102 46 17
102 47 28
102 48 20
102 50 41
102 52 48
102 53 49
102 54 43
102 55 58
102 56 41
102 57 21
102 58 28
102 60 53
102 61 42
102 62 40
102 63 62
102 64 42
102 65 69
102 66 44
102 67 65
102 68 23
102 69 59
102 70 50
102 71 49
102 72 63
102 73 66
102 74 61
102 75 43
102 76 45
102 77 30
102 78 66
102 79 38
102 80 56
102 82 53
102 83 66
102 84 28
102 85 60
102 86 44
102 87 58
102 88 60
102 89 35
102 90 37
102 91 63
102 93 18
102 94 55
102 96 25
102 98 67
102 99 21
102 100 47
102 101 59
102 t 51
103 1 31
103 2 66
103 3 39
103 4 51
103 6 40
103 7 34
103 8 63
103 9 47
103 11 39
103 12 55
103 13 21
103 14 19
103 15 56
103 16 49
103 18 64
103 19 17
103 20 54
103 21 51
103 23 43
103 24 50
103 25 52
103 26 35
103 27 40
103 28 34
103 29 64
103 31 28
103 32 47
103 33 22
103 34 47
103 35 38
103 37 24
103 38 50
103 39 54
103 40 55
103 41 23
103 43 21
103 48 36
103 49 61
103 50 69
103 51 55
103 52 55
103 53 36
103 55 68
103 57 58
103 59 29
103 61 32
103 63 26
103 65 36
103 67 61
103 68 57
103 69 60
103 70 59
103 72 50
103 73 66
103 74 42
103 75 31
103 77 58
103 78 55
103 79 56
103 80 55
103 81 60
103 83 52
103 85 40
103 88 64
103 89 46
103 90 21
103 91 30
103 92 22
103 94 52
103 95 45
103 97 57
103 98 23
103 99 59
