s 2 91
s 4 20
s 6 130
s 8 17
s 9 52
s 10 50
s 12 49
s 13 115
s 14 127
s 16 91
s 17 71
s 19 135
s 21 46
s 24 15
s 25 98
s 26 59
s 31 130
s 33 131
s 36 21
s 37 25
s 38 76
s 40 34
s 44 100
s 45 52
s 46 76
s 49 128
s 50 28
s 51 58
s 53 82
s 55 48
s 57 41
s 58 92
s 59 80
s 62 60
s 63 56
s 64 102
s 65 75
s 68 42
s 69 120
s 71 97
s 73 59
s 74 109
s 76 51
s 77 69
s t 80
1 2 118
1 3 123
1 5 121
1 8 114
1 9 20
1 11 19
1 14 134
1 17 124
1 18 71
1 19 66
1 21 40
1 23 11
1 25 100
1 27 85
1 28 143
1 30 63
1 31 50
1 33 22
1 36 51
1 39 46
1 40 33
1 41 49
1 42 28
1 43 98
1 44 42
1 45 49
1 46 98
1 48 67
1 51 50
1 52 121
1 54 103
1 55 62
1 58 56
1 59 114
1 64 142
1 65 10
1 67 100
1 68 35
1 69 30
1 70 65
1 71 115
1 72 32
1 74 113
1 75 67
1 77 55
1 78 138
1 t 25
2 1 118
2 7 90
2 9 116
2 10 103
2 13 88
2 15 82
2 16 70
2 17 76
2 19 30
2 22 23
2 24 109
2 25 97
2 26 57
2 32 127
2 34 113
2 35 31
2 39 76
2 40 137
2 41 28
2 42 66
2 45 34
2 51 71
2 52 71
2 53 142
2 54 28
2 56 44
2 57 112
2 58 122
2 59 120
2 61 68
2 62 26
2 63 12
2 64 115
2 65 75
2 66 125
2 67 139
2 69 68
2 70 55
2 71 133
2 74 88
2 75 22
2 76 68
2 78 125
2 t 95
3 1 123
3 4 17
3 7 49
3 8 40
3 9 43
3 10 140
3 11 134
3 12 118
3 14 75
3 15 125
3 16 41
3 17 28
3 18 44
3 20 48
3 21 129
3 22 70
3 25 112
3 26 81
3 28 113
3 31 22
3 34 13
3 35 39
3 36 133
3 37 108
3 39 81
3 40 12
3 41 123
3 42 17
3 43 27
3 45 77
3 46 102
3 48 133
3 52 69
3 54 128
3 56 29
3 57 113
3 60 93
3 62 14
3 64 116
3 66 112
3 67 133
3 68 20
3 70 57
3 71 61
3 72 20
3 73 141
3 74 69
3 76 133
3 78 135
3 t 98
4 3 17
4 7 38
4 9 45
4 11 11
4 12 88
4 14 78
4 15 130
4 19 118
4 23 128
4 25 37
4 26 107
4 27 109
4 31 83
4 32 39
4 34 88
4 35 45
4 36 68
4 37 43
4 39 43
4 41 12
4 42 36
4 43 18
4 44 18
4 45 25
4 46 53
4 47 81
4 49 20
4 50 66
4 52 10
4 54 62
4 55 60
4 56 136
4 58 34
4 60 36
4 61 57
4 63 117
4 64 40
4 65 11
4 66 95
4 67 76
4 69 118
4 70 138
4 71 92
4 73 34
4 74 44
4 75 95
4 76 57
4 77 27
4 78 26
5 1 121
5 8 82
5 12 79
5 13 12
5 16 75
5 17 92
5 18 103
5 20 48
5 22 144
5 23 111
5 25 36
5 27 81
5 28 37
5 31 96
5 32 144
5 35 104
5 36 25
5 37 64
5 38 29
5 39 41
5 40 111
5 42 141
5 44 109
5 45 19
5 47 62
5 52 89
5 55 57
5 57 127
5 58 36
5 59 102
5 62 45
5 63 18
5 66 42
5 67 79
5 69 15
5 70 59
5 71 42
5 72 106
5 73 115
5 74 52
5 76 11
5 78 83
5 t 124
6 7 138
6 9 39
6 10 105
6 11 66
6 13 52
6 14 71
6 16 17
6 17 58
6 18 23
6 19 125
6 20 121
6 23 57
6 26 128
6 27 87
6 29 36
6 30 48
6 34 47
6 35 18
6 36 91
6 39 58
6 40 122
6 43 132
6 44 40
6 48 83
6 50 90
6 51 15
6 52 102
6 54 113
6 55 92
6 56 19
6 58 31
6 59 21
6 60 52
6 61 56
6 62 84
6 63 107
6 64 124
6 65 127
6 66 130
6 67 15
6 68 135
6 69 19
6 70 90
6 72 101
6 75 48
6 76 31
6 77 46
7 2 90
7 3 49
7 4 38
7 6 138
7 9 121
7 10 115
7 11 37
7 12 119
7 13 90
7 16 108
7 18 142
7 19 137
7 22 30
7 23 67
7 27 133
7 28 24
7 30 133
7 31 91
7 33 117
7 34 128
7 35 109
7 36 66
7 37 62
7 38 114
7 39 130
7 41 125
7 43 61
7 44 28
7 46 126
7 49 123
7 52 99
7 53 130
7 54 66
7 55 87
7 59 17
7 60 137
7 61 87
7 62 120
7 63 15
7 64 72
7 67 76
7 69 22
7 71 98
7 75 56
7 76 135
7 77 60
7 78 57
7 t 61
8 1 114
8 3 40
8 5 82
8 10 47
8 13 57
8 15 18
8 16 141
8 17 122
8 20 140
8 23 50
8 24 63
8 27 142
8 29 111
8 32 53
8 34 28
8 35 114
8 38 117
8 40 124
8 42 110
8 43 84
8 45 123
8 49 66
8 50 131
8 51 115
8 53 87
8 54 42
8 55 74
8 56 136
8 57 144
8 59 98
8 60 107
8 62 137
8 63 73
8 66 35
8 68 48
8 69 85
8 72 29
8 73 40
8 74 77
8 75 83
8 77 34
9 1 20
9 2 116
9 3 43
9 4 45
9 6 39
9 7 121
9 10 90
9 11 40
9 12 73
9 13 96
9 17 53
9 18 42
9 20 89
9 22 32
9 23 101
9 24 34
9 27 110
9 28 109
9 29 119
9 33 37
9 34 12
9 35 51
9 38 131
9 39 43
9 40 62
9 43 73
9 44 141
9 46 109
9 47 140
9 49 92
9 50 19
9 51 69
9 53 80
9 56 66
9 59 100
9 60 109
9 62 135
9 63 124
9 69 127
9 71 118
9 74 58
9 75 90
9 76 144
9 78 115
9 t 91
10 2 103
10 3 140
10 6 105
10 7 115
10 8 47
10 9 90
10 11 75
10 12 76
10 14 11
10 15 123
10 18 107
10 19 63
10 20 143
10 21 53
10 22 47
10 23 35
10 28 105
10 31 62
10 36 84
10 38 18
10 43 103
10 45 24
10 46 20
10 49 96
10 50 27
10 56 116
10 57 66
10 60 19
10 62 102
10 63 32
10 65 128
10 66 95
10 67 43
10 68 115
10 71 38
10 73 79
10 74 88
10 75 137
10 77 103
10 78 85
11 1 19
11 3 134
11 4 11
11 6 66
11 7 37
11 9 40
11 10 75
11 12 141
11 13 11
11 14 133
11 15 33
11 17 26
11 18 110
11 19 33
11 21 115
11 23 69
11 25 56
11 32 15
11 35 16
11 37 123
11 38 19
11 39 108
11 40 119
11 41 102
11 44 115
11 46 16
11 47 59
11 48 27
11 50 114
11 51 33
11 54 101
11 55 51
11 60 27
11 61 139
11 62 100
11 63 21
11 64 129
11 69 73
11 71 13
11 73 23
11 75 68
11 76 26
11 77 123
12 3 118
12 4 88
12 5 79
12 7 119
12 9 73
12 10 76
12 11 141
12 13 21
12 14 112
12 15 65
12 16 88
12 17 126
12 19 69
12 20 129
12 21 22
12 22 121
12 23 18
12 25 57
12 31 67
12 33 95
12 34 86
12 35 36
12 36 69
12 38 81
12 39 47
12 40 121
12 43 105
12 44 103
12 45 40
12 47 144
12 48 43
12 49 88
12 50 94
12 51 16
12 53 140
12 55 38
12 58 14
12 59 119
12 64 16
12 65 114
12 66 89
12 69 33
12 70 40
12 71 40
12 72 45
12 73 34
12 74 24
12 76 23
12 77 127
12 78 79
13 2 88
13 5 12
13 6 52
13 7 90
13 8 57
13 9 96
13 11 11
13 12 21
13 16 101
13 18 53
13 19 85
13 21 104
13 22 85
13 24 56
13 27 47
13 29 27
13 30 96
13 31 65
13 34 93
13 38 23
13 39 11
13 40 114
13 41 75
13 45 107
13 46 115
13 48 85
13 49 91
13 53 68
13 54 15
13 55 66
13 56 96
13 58 42
13 63 55
13 64 82
13 69 116
13 70 131
13 72 65
13 73 89
13 74 133
13 75 135
13 76 98
13 77 53
13 78 82
14 1 134
14 3 75
14 4 78
14 6 71
14 10 11
14 11 133
14 12 112
14 18 49
14 20 95
14 21 28
14 25 138
14 26 125
14 28 116
14 29 30
14 30 101
14 31 96
14 32 68
14 34 87
14 35 119
14 36 46
14 38 127
14 40 125
14 41 49
14 42 42
14 45 29
14 47 14
14 50 57
14 52 105
14 53 67
14 57 20
14 58 94
14 61 86
14 63 16
14 66 42
14 69 37
14 73 59
14 76 45
14 77 65
14 78 42
15 2 82
15 3 125
15 4 130
15 8 18
15 10 123
15 11 33
15 12 65
15 16 131
15 21 87
15 23 54
15 24 86
15 25 64
15 26 106
15 30 22
15 32 20
15 34 139
15 36 58
15 37 76
15 38 129
15 42 108
15 45 128
15 46 28
15 47 60
15 48 46
15 49 140
15 50 28
15 52 33
15 54 82
15 55 43
15 56 125
15 58 87
15 59 86
15 60 86
15 62 34
15 64 140
15 66 140
15 67 128
15 69 95
15 70 82
15 71 140
15 74 63
15 78 93
15 t 92
16 2 70
16 3 41
16 5 75
16 6 17
16 7 108
16 8 141
16 12 88
16 13 101
16 15 131
16 18 99
16 19 24
16 20 35
16 27 37
16 28 28
16 29 37
16 30 24
16 31 90
16 33 129
16 37 51
16 38 129
16 39 25
16 40 103
16 42 88
16 45 94
16 48 26
16 49 15
16 52 54
16 53 70
16 54 143
16 55 65
16 57 25
16 58 53
16 60 36
16 62 35
16 65 144
16 67 118
16 69 86
16 70 108
16 71 135
16 75 107
16 77 35
17 1 124
17 2 76
17 3 28
17 5 92
17 6 58
17 8 122
17 9 53
17 11 26
17 12 126
17 20 81
17 21 52
17 22 53
17 23 47
17 25 60
17 27 51
17 29 62
17 30 92
17 31 111
17 32 90
17 33 84
17 36 70
17 37 19
17 38 56
17 39 136
17 41 63
17 43 59
17 44 77
17 45 93
17 46 19
17 47 114
17 49 13
17 50 38
17 52 19
17 54 35
17 56 138
17 57 17
17 58 66
17 59 52
17 60 79
17 61 43
17 62 71
17 63 74
17 64 16
17 65 94
17 67 43
17 70 139
17 71 16
17 72 36
17 77 132
17 78 133
18 1 71
18 3 44
18 5 103
18 6 23
18 7 142
18 9 42
18 10 107
18 11 110
18 13 53
18 14 49
18 16 99
18 19 132
18 20 59
18 21 119
18 22 62
18 25 41
18 26 78
18 27 40
18 28 137
18 30 81
18 33 100
18 34 86
18 35 94
18 38 120
18 39 67
18 40 47
18 42 71
18 43 42
18 45 107
18 47 112
18 49 99
18 50 143
18 52 83
18 54 42
18 55 121
18 57 52
18 58 36
18 61 97
18 63 111
18 64 19
18 67 110
18 71 142
18 72 13
18 74 128
18 76 32
18 t 121
19 1 66
19 2 30
19 4 118
19 6 125
19 7 137
19 10 63
19 11 33
19 12 69
19 13 85
19 16 24
19 18 132
19 21 84
19 23 63
19 25 128
19 28 99
19 29 130
19 33 18
19 35 102
19 37 73
19 38 92
19 39 70
19 40 66
19 42 74
19 43 62
19 44 77
19 45 99
19 46 33
19 47 51
19 48 42
19 49 56
19 50 58
19 54 25
19 55 86
19 56 17
19 58 50
19 59 65
19 64 105
19 67 113
19 73 124
19 74 128
19 78 55
19 t 29
20 3 48
20 5 48
20 6 121
20 8 140
20 9 89
20 10 143
20 12 129
20 14 95
20 16 35
20 17 81
20 18 59
20 21 61
20 24 106
20 25 121
20 27 68
20 31 25
20 35 19
20 36 53
20 37 128
20 38 136
20 39 38
20 42 142
20 43 38
20 44 39
20 49 95
20 50 108
20 52 107
20 53 19
20 54 143
20 56 93
20 57 41
20 62 62
20 63 50
20 67 95
20 69 133
20 70 10
20 71 70
20 73 125
20 75 60
20 76 121
20 77 39
20 t 140
21 1 40
21 3 129
21 10 53
21 11 115
21 12 22
21 13 104
21 14 28
21 15 87
21 17 52
21 18 119
21 19 84
21 20 61
21 22 36
21 23 123
21 26 104
21 27 57
21 28 53
21 29 44
21 30 84
21 31 11
21 33 19
21 34 101
21 35 99
21 36 90
21 39 104
21 41 101
21 42 98
21 43 105
21 44 130
21 47 111
21 50 116
21 53 121
21 55 93
21 56 138
21 58 68
21 59 24
21 60 73
21 61 40
21 62 94
21 63 12
21 65 92
21 68 88
21 69 83
21 71 17
21 72 51
21 73 60
21 75 36
21 76 18
21 77 68
22 2 23
22 3 70
22 5 144
22 7 30
22 9 32
22 10 47
22 12 121
22 13 85
22 17 53
22 18 62
22 21 36
22 26 72
22 27 48
22 29 18
22 30 65
22 31 29
22 32 25
22 33 128
22 34 132
22 36 137
22 37 132
22 38 63
22 39 25
22 40 70
22 41 44
22 44 143
22 45 73
22 48 86
22 49 85
22 52 85
22 53 94
22 54 62
22 55 123
22 57 60
22 58 52
22 61 139
22 62 56
22 66 123
22 67 82
22 69 29
22 70 53
22 73 13
22 74 88
22 75 32
22 76 40
22 77 11
22 78 72
22 t 32
23 1 11
23 4 128
23 5 111
23 6 57
23 7 67
23 8 50
23 9 101
23 10 35
23 11 69
23 12 18
23 15 54
23 17 47
23 19 63
23 21 123
23 29 96
23 30 99
23 31 139
23 32 143
23 34 17
23 35 93
23 37 37
23 38 65
23 39 127
23 44 108
23 46 104
23 47 14
23 48 70
23 49 136
23 50 54
23 52 104
23 54 11
23 58 40
23 59 133
23 61 114
23 63 139
23 65 140
23 67 104
23 68 126
23 69 96
23 70 31
23 72 22
23 73 110
23 75 26
23 76 21
23 77 132
23 78 102
24 2 109
24 8 63
24 9 34
24 13 56
24 15 86
24 20 106
24 25 89
24 27 44
24 30 76
24 31 115
24 33 48
24 37 22
24 41 127
24 42 137
24 44 23
24 46 115
24 47 53
24 49 88
24 50 102
24 53 42
24 54 58
24 58 137
24 59 30
24 60 131
24 61 108
24 65 111
24 66 120
24 67 90
24 68 75
24 69 106
24 71 28
24 72 78
24 73 102
24 74 90
24 76 35
24 77 135
24 78 139
25 1 100
25 2 97
25 3 112
25 4 37
25 5 36
25 11 56
25 12 57
25 14 138
25 15 64
25 17 60
25 18 41
25 19 128
25 20 121
25 24 89
25 32 74
25 33 132
25 34 81
25 35 19
25 37 76
25 38 43
25 39 144
25 41 24
25 43 43
25 44 117
25 46 53
25 48 137
25 49 93
25 51 54
25 54 68
25 55 61
25 56 61
25 57 45
25 59 36
25 60 142
25 62 13
25 67 112
25 68 45
25 70 46
25 71 23
25 73 36
25 75 100
25 78 105
25 t 59
26 2 57
26 3 81
26 4 107
26 6 128
26 14 125
26 15 106
26 18 78
26 21 104
26 22 72
26 27 101
26 29 48
26 30 49
26 32 65
26 35 70
26 37 89
26 41 117
26 43 60
26 45 80
26 51 26
26 52 10
26 53 107
26 55 43
26 56 92
26 57 69
26 58 100
26 60 93
26 61 80
26 64 28
26 66 16
26 69 64
26 70 104
26 72 66
26 73 96
26 74 138
26 75 129
26 77 24
26 78 119
27 1 85
27 4 109
27 5 81
27 6 87
27 7 133
27 8 142
27 9 110
27 13 47
27 16 37
27 17 51
27 18 40
27 20 68
27 21 57
27 22 48
27 24 44
27 26 101
27 35 122
27 37 71
27 38 17
27 40 69
27 43 100
27 44 99
27 45 100
27 48 79
27 49 51
27 50 114
27 51 35
27 53 105
27 55 143
27 58 17
27 59 79
27 64 87
27 65 28
27 69 41
27 70 39
27 73 119
27 74 95
27 76 99
27 78 80
27 t 42
28 1 143
28 3 113
28 5 37
28 7 24
28 9 109
28 10 105
28 14 116
28 16 28
28 18 137
28 19 99
28 21 53
28 29 78
28 30 125
28 33 34
28 34 76
28 35 33
28 38 86
28 40 49
28 41 115
28 42 31
28 43 38
28 45 94
28 47 12
28 48 64
28 49 27
28 50 135
28 51 28
28 53 60
28 54 27
28 55 43
28 57 79
28 59 63
28 63 15
28 65 83
28 66 81
28 67 13
28 68 135
28 69 69
28 70 110
28 72 41
28 73 123
28 75 138
28 76 97
28 77 84
28 78 139
28 t 143
29 6 36
29 8 111
29 9 119
29 13 27
29 14 30
29 16 37
29 17 62
29 19 130
29 21 44
29 22 18
29 23 96
29 26 48
29 28 78
29 30 43
29 34 125
29 36 108
29 38 121
29 39 42
29 41 48
29 43 53
29 44 25
29 45 137
29 46 54
29 49 44
29 52 41
29 54 116
29 55 134
29 58 119
29 59 119
29 61 98
29 62 65
29 63 22
29 64 72
29 65 14
29 66 39
29 68 67
29 72 137
29 73 45
29 74 140
29 77 83
30 1 63
30 6 48
30 7 133
30 13 96
30 14 101
30 15 22
30 16 24
30 17 92
30 18 81
30 21 84
30 22 65
30 23 99
30 24 76
30 26 49
30 28 125
30 29 43
30 32 25
30 33 63
30 41 24
30 42 97
30 46 44
30 47 112
30 50 87
30 51 131
30 53 82
30 54 24
30 55 132
30 57 90
30 60 138
30 61 11
30 63 31
30 64 50
30 65 108
30 66 28
30 68 129
30 69 124
30 70 126
30 71 41
30 74 10
30 75 106
30 76 123
30 78 72
30 t 62
31 1 50
31 3 22
31 4 83
31 5 96
31 7 91
31 10 62
31 12 67
31 13 65
31 14 96
31 16 90
31 17 111
31 20 25
31 21 11
31 22 29
31 23 139
31 24 115
31 32 51
31 33 120
31 34 120
31 35 91
31 36 141
31 38 103
31 41 41
31 42 62
31 46 94
31 47 54
31 50 17
31 53 54
31 55 65
31 57 104
31 58 76
31 60 91
31 64 130
31 66 12
31 67 44
31 68 116
31 69 103
31 70 117
31 71 101
31 73 134
31 74 89
31 77 40
32 2 127
32 4 39
32 5 144
32 8 53
32 11 15
32 14 68
32 15 20
32 17 90
32 22 25
32 23 143
32 25 74
32 26 65
32 30 25
32 31 51
32 35 105
32 45 135
32 46 101
32 47 96
32 51 128
32 53 22
32 56 130
32 58 101
32 59 138
32 62 47
32 63 124
32 64 125
32 66 142
32 67 68
32 69 34
32 70 19
32 73 55
32 74 114
32 78 141
33 1 22
33 7 117
33 9 37
33 12 95
33 16 129
33 17 84
33 18 100
33 19 18
33 21 19
33 22 128
33 24 48
33 25 132
33 28 34
33 30 63
33 31 120
33 34 92
33 36 84
33 37 81
33 38 115
33 39 92
33 41 83
33 45 10
33 47 52
33 48 79
33 52 32
33 56 140
33 58 141
33 61 10
33 62 108
33 63 50
33 64 18
33 65 66
33 67 67
33 68 75
33 71 84
33 72 127
33 74 11
33 75 65
33 76 46
33 78 106
34 2 113
34 3 13
34 4 88
34 6 47
34 7 128
34 8 28
34 9 12
34 12 86
34 13 93
34 14 87
34 15 139
34 18 86
34 21 101
34 22 132
34 23 17
34 25 81
34 28 76
34 29 125
34 31 120
34 33 92
34 35 58
34 36 77
34 37 132
34 38 53
34 39 118
34 42 86
34 43 37
34 45 78
34 46 121
34 49 101
34 50 24
34 51 43
34 52 143
34 53 68
34 55 118
34 56 110
34 58 137
34 59 47
34 61 31
34 63 40
34 67 53
34 68 39
34 69 109
34 71 35
34 73 40
34 74 133
34 75 28
34 76 117
34 77 92
34 78 83
35 2 31
35 3 39
35 4 45
35 5 104
35 6 18
35 7 109
35 8 114
35 9 51
35 11 16
35 12 36
35 14 119
35 18 94
35 19 102
35 20 19
35 21 99
35 23 93
35 25 19
35 26 70
35 27 122
35 28 33
35 31 91
35 32 105
35 34 58
35 40 73
35 44 126
35 45 75
35 46 63
35 53 44
35 55 103
35 56 70
35 58 106
35 60 91
35 61 100
35 63 103
35 64 61
35 65 54
35 66 36
35 68 28
35 69 25
35 72 72
35 73 125
35 76 108
35 t 140
36 1 51
36 3 133
36 4 68
36 5 25
36 6 91
36 7 66
36 10 84
36 12 69
36 14 46
36 15 58
36 17 70
36 20 53
36 21 90
36 22 137
36 29 108
36 31 141
36 33 84
36 34 77
36 40 30
36 44 105
36 45 74
36 46 105
36 47 84
36 50 54
36 51 27
36 52 61
36 53 18
36 54 118
36 58 55
36 59 133
36 60 44
36 62 59
36 63 61
36 68 96
36 69 17
36 71 63
36 72 122
36 73 61
36 75 25
36 76 137
36 t 142
37 3 108
37 4 43
37 5 64
37 7 62
37 11 123
37 15 76
37 16 51
37 17 19
37 19 73
37 20 128
37 22 132
37 23 37
37 24 22
37 25 76
37 26 89
37 27 71
37 33 81
37 34 132
37 38 112
37 41 138
37 42 28
37 43 133
37 44 108
37 45 101
37 46 37
37 47 100
37 50 59
37 52 101
37 56 109
37 60 100
37 61 21
37 63 89
37 65 106
37 66 25
37 67 39
37 70 30
37 72 74
37 73 78
37 74 74
37 77 56
37 78 85
37 t 31
38 5 29
38 7 114
38 8 117
38 9 131
38 10 18
38 11 19
38 12 81
38 13 23
38 14 127
38 15 129
38 16 129
38 17 56
38 18 120
38 19 92
38 20 136
38 22 63
38 23 65
38 25 43
38 27 17
38 28 86
38 29 121
38 31 103
38 33 115
38 34 53
38 37 112
38 39 102
38 40 47
38 41 48
38 42 113
38 43 87
38 44 66
38 46 28
38 48 129
38 49 97
38 51 16
38 56 76
38 57 65
38 58 28
38 59 20
38 60 93
38 61 30
38 62 44
38 63 21
38 64 40
38 67 115
38 70 109
38 72 43
38 73 111
38 74 103
38 76 109
38 77 82
38 78 24
39 1 46
39 2 76
39 3 81
39 4 43
39 5 41
39 6 58
39 7 130
39 9 43
39 11 108
39 12 47
39 13 11
39 16 25
39 17 136
39 18 67
39 19 70
39 20 38
39 21 104
39 22 25
39 23 127
39 25 144
39 29 42
39 33 92
39 34 118
39 38 102
39 40 33
39 43 25
39 45 128
39 48 55
39 49 114
39 55 29
39 56 16
39 57 137
39 59 92
39 62 105
39 64 86
39 66 97
39 69 74
39 70 60
39 71 113
39 73 80
39 74 51
39 76 38
39 77 33
39 78 127
39 t 17
40 1 33
40 2 137
40 3 12
40 5 111
40 6 122
40 8 124
40 9 62
40 11 119
40 12 121
40 13 114
40 14 125
40 16 103
40 18 47
40 19 66
40 22 70
40 27 69
40 28 49
40 35 73
40 36 30
40 38 47
40 39 33
40 42 134
40 43 30
40 45 69
40 46 49
40 48 111
40 49 112
40 53 91
40 55 64
40 56 125
40 57 49
40 59 15
40 60 60
40 61 59
40 64 85
40 65 109
40 66 84
40 67 19
40 69 127
40 70 136
40 71 11
40 72 71
40 74 127
40 75 121
40 t 47
41 1 49
41 2 28
41 3 123
41 4 12
41 7 125
41 11 102
41 13 75
41 14 49
41 17 63
41 21 101
41 22 44
41 24 127
41 25 24
41 26 117
41 28 115
41 29 48
41 30 24
41 31 41
41 33 83
41 37 138
41 38 48
41 42 38
41 43 118
41 44 66
41 45 113
41 46 72
41 49 32
41 50 130
41 51 19
41 54 55
41 55 127
41 57 78
41 58 114
41 59 65
41 61 132
41 62 28
41 63 28
41 64 79
41 69 71
41 72 23
41 73 15
41 74 97
41 76 43
41 77 13
41 78 120
41 t 91
42 1 28
42 2 66
42 3 17
42 4 36
42 5 141
42 8 110
42 14 42
42 15 108
42 16 88
42 18 71
42 19 74
42 20 142
42 21 98
42 24 137
42 28 31
42 30 97
42 31 62
42 34 86
42 37 28
42 38 113
42 40 134
42 41 38
42 43 128
42 44 131
42 45 69
42 48 82
42 52 81
42 53 11
42 59 41
42 60 32
42 61 53
42 63 70
42 65 125
42 66 22
42 67 136
42 68 38
42 69 118
42 71 134
42 73 101
42 75 34
42 77 61
43 1 98
43 3 27
43 4 18
43 6 132
43 7 61
43 8 84
43 9 73
43 10 103
43 12 105
43 17 59
43 18 42
43 19 62
43 20 38
43 21 105
43 25 43
43 26 60
43 27 100
43 28 38
43 29 53
43 34 37
43 37 133
43 38 87
43 39 25
43 40 30
43 41 118
43 42 128
43 44 16
43 45 111
43 46 50
43 47 38
43 48 108
43 50 36
43 51 93
43 54 106
43 55 108
43 56 19
43 58 113
43 59 113
43 60 96
43 62 132
43 63 89
43 64 135
43 65 21
43 69 15
43 70 101
43 72 121
43 73 53
43 74 115
43 75 75
43 76 99
43 77 23
43 t 48
44 1 42
44 4 18
44 5 109
44 6 40
44 7 28
44 9 141
44 11 115
44 12 103
44 17 77
44 19 77
44 20 39
44 21 130
44 22 143
44 23 108
44 24 23
44 25 117
44 27 99
44 29 25
44 35 126
44 36 105
44 37 108
44 38 66
44 41 66
44 42 131
44 43 16
44 45 38
44 47 130
44 48 52
44 49 46
44 50 27
44 51 121
44 56 47
44 57 60
44 58 89
44 60 111
44 63 13
44 64 70
44 66 74
44 67 141
44 68 136
44 69 76
44 70 35
44 71 45
44 72 35
44 73 99
44 74 105
44 75 63
44 77 60
44 t 103
45 1 49
45 2 34
45 3 77
45 4 25
45 5 19
45 8 123
45 10 24
45 12 40
45 13 107
45 14 29
45 15 128
45 16 94
45 17 93
45 18 107
45 19 99
45 22 73
45 26 80
45 27 100
45 28 94
45 29 137
45 32 135
45 33 10
45 34 78
45 35 75
45 36 74
45 37 101
45 39 128
45 40 69
45 41 113
45 42 69
45 43 111
45 44 38
45 46 51
45 48 138
45 49 49
45 50 121
45 52 135
45 53 79
45 55 87
45 57 71
45 58 37
45 60 34
45 61 67
45 62 44
45 63 91
45 64 94
45 66 139
45 71 125
45 72 43
45 75 100
45 76 48
45 78 91
46 1 98
46 3 102
46 4 53
46 7 126
46 9 109
46 10 20
46 11 16
46 13 115
46 15 28
46 17 19
46 19 33
46 23 104
46 24 115
46 25 53
46 29 54
46 30 44
46 31 94
46 32 101
46 34 121
46 35 63
46 36 105
46 37 37
46 38 28
46 40 49
46 41 72
46 43 50
46 45 51
46 47 60
46 50 82
46 51 21
46 52 40
46 53 19
46 54 43
46 57 84
46 60 57
46 63 30
46 64 80
46 65 125
46 66 89
46 67 129
46 68 119
46 69 43
46 71 144
46 72 67
46 73 129
46 76 95
46 77 139
46 t 97
47 4 81
47 5 62
47 9 140
47 11 59
47 12 144
47 14 14
47 15 60
47 17 114
47 18 112
47 19 51
47 21 111
47 23 14
47 24 53
47 28 12
47 30 112
47 31 54
47 32 96
47 33 52
47 36 84
47 37 100
47 43 38
47 44 130
47 46 60
47 48 12
47 50 22
47 53 98
47 54 63
47 55 21
47 56 62
47 58 38
47 60 26
47 61 119
47 62 124
47 64 29
47 65 12
47 66 134
47 68 132
47 69 120
47 70 91
47 73 142
47 75 96
47 78 81
47 t 18
48 1 67
48 3 133
48 6 83
48 11 27
48 12 43
48 13 85
48 15 46
48 16 26
48 19 42
48 22 86
48 23 70
48 25 137
48 27 79
48 28 64
48 33 79
48 38 129
48 39 55
48 40 111
48 42 82
48 43 108
48 44 52
48 45 138
48 47 12
48 50 47
48 51 68
48 52 71
48 54 141
48 55 26
48 56 106
48 58 67
48 62 40
48 63 117
48 64 54
48 66 50
48 67 33
48 69 118
48 70 42
48 71 22
48 74 67
48 75 70
48 76 124
48 77 96
48 t 64
49 4 20
49 7 123
49 8 66
49 9 92
49 10 96
49 12 88
49 13 91
49 15 140
49 16 15
49 17 13
49 18 99
49 19 56
49 20 95
49 22 85
49 23 136
49 24 88
49 25 93
49 27 51
49 28 27
49 29 44
49 34 101
49 38 97
49 39 114
49 40 112
49 41 32
49 44 46
49 45 49
49 50 67
49 51 90
49 53 95
49 54 121
49 55 112
49 56 42
49 57 15
49 58 19
49 61 77
49 62 15
49 63 30
49 64 100
49 65 108
49 68 101
49 71 125
49 72 33
49 74 102
49 76 90
49 77 55
49 t 56
50 4 66
50 6 90
50 8 131
50 9 19
50 10 27
50 11 114
50 12 94
50 14 57
50 15 28
50 17 38
50 18 143
50 19 58
50 20 108
50 21 116
50 23 54
50 24 102
50 27 114
50 28 135
50 30 87
50 31 17
50 34 24
50 36 54
50 37 59
50 41 130
50 43 36
50 44 27
50 45 121
50 46 82
50 47 22
50 48 47
50 49 67
50 51 59
50 53 32
50 55 114
50 56 27
50 57 113
50 60 96
50 63 142
50 64 105
50 68 18
50 69 26
50 70 136
50 72 71
50 74 136
50 75 13
50 76 20
50 77 38
50 78 102
51 1 50
51 2 71
51 6 15
51 8 115
51 9 69
51 11 33
51 12 16
51 25 54
51 26 26
51 27 35
51 28 28
51 30 131
51 32 128
51 34 43
51 36 27
51 38 16
51 41 19
51 43 93
51 44 121
51 46 21
51 48 68
51 49 90
51 50 59
51 53 92
51 54 112
51 55 80
51 57 143
51 58 54
51 60 12
51 62 50
51 64 69
51 65 133
51 66 106
51 67 98
51 69 38
51 70 51
51 71 78
51 74 47
51 75 134
51 76 90
52 1 121
52 2 71
52 3 69
52 4 10
52 5 89
52 6 102
52 7 99
52 14 105
52 15 33
52 16 54
52 17 19
52 18 83
52 20 107
52 22 85
52 23 104
52 26 10
52 29 41
52 33 32
52 34 143
52 36 61
52 37 101
52 42 81
52 45 135
52 46 40
52 48 71
52 53 141
52 54 17
52 57 132
52 60 23
52 63 45
52 64 61
52 67 113
52 69 73
52 70 16
52 71 137
52 72 68
52 73 28
52 74 140
52 76 132
52 78 41
53 2 142
53 7 130
53 8 87
53 9 80
53 12 140
53 13 68
53 14 67
53 16 70
53 20 19
53 21 121
53 22 94
53 24 42
53 26 107
53 27 105
53 28 60
53 30 82
53 31 54
53 32 22
53 34 68
53 35 44
53 36 18
53 40 91
53 42 11
53 45 79
53 46 19
53 47 98
53 49 95
53 50 32
53 51 92
53 52 141
53 55 137
53 57 14
53 58 63
53 59 135
53 60 82
53 61 42
53 62 62
53 63 137
53 64 67
53 66 34
53 67 119
53 68 40
53 69 108
53 73 38
53 75 142
53 76 38
54 1 103
54 2 28
54 3 128
54 4 62
54 6 113
54 7 66
54 8 42
54 11 101
54 13 15
54 15 82
54 16 143
54 17 35
54 18 42
54 19 25
54 20 143
54 22 62
54 23 11
54 24 58
54 25 68
54 28 27
54 29 116
54 30 24
54 36 118
54 41 55
54 43 106
54 46 43
54 47 63
54 48 141
54 49 121
54 51 112
54 52 17
54 55 137
54 58 142
54 60 109
54 61 26
54 64 54
54 67 99
54 68 121
54 69 71
54 71 115
54 72 143
54 73 116
54 74 18
54 75 130
54 77 123
55 1 62
55 4 60
55 5 57
55 6 92
55 7 87
55 8 74
55 11 51
55 12 38
55 13 66
55 15 43
55 16 65
55 18 121
55 19 86
55 21 93
55 22 123
55 25 61
55 26 43
55 27 143
55 28 43
55 29 134
55 30 132
55 31 65
55 34 118
55 35 103
55 39 29
55 40 64
55 41 127
55 43 108
55 45 87
55 47 21
55 48 26
55 49 112
55 50 114
55 51 80
55 53 137
55 54 137
55 56 53
55 57 48
55 58 71
55 59 66
55 60 142
55 61 111
55 62 25
55 67 105
55 68 19
55 69 36
55 71 113
55 72 113
55 74 29
55 76 54
55 78 111
56 2 44
56 3 29
56 4 136
56 6 19
56 8 136
56 9 66
56 10 116
56 13 96
56 15 125
56 17 138
56 19 17
56 20 93
56 21 138
56 25 61
56 26 92
56 32 130
56 33 140
56 34 110
56 35 70
56 37 109
56 38 76
56 39 16
56 40 125
56 43 19
56 44 47
56 47 62
56 48 106
56 49 42
56 50 27
56 55 53
56 57 102
56 58 102
56 59 132
56 61 64
56 63 85
56 64 22
56 65 45
56 68 24
56 70 57
56 71 87
56 73 112
56 74 63
56 75 16
56 76 111
56 78 75
57 2 112
57 3 113
57 5 127
57 8 144
57 10 66
57 14 20
57 16 25
57 17 17
57 18 52
57 20 41
57 22 60
57 25 45
57 26 69
57 28 79
57 30 90
57 31 104
57 38 65
57 39 137
57 40 49
57 41 78
57 44 60
57 45 71
57 46 84
57 49 15
57 50 113
57 51 143
57 52 132
57 53 14
57 55 48
57 56 102
57 58 11
57 61 51
57 62 46
57 63 60
57 64 116
57 66 46
57 68 133
57 69 117
57 70 77
57 78 47
58 1 56
58 2 122
58 4 34
58 5 36
58 6 31
58 12 14
58 13 42
58 14 94
58 15 87
58 16 53
58 17 66
58 18 36
58 19 50
58 21 68
58 22 52
58 23 40
58 24 137
58 26 100
58 27 17
58 29 119
58 31 76
58 32 101
58 33 141
58 34 137
58 35 106
58 36 55
58 38 28
58 41 114
58 43 113
58 44 89
58 45 37
58 47 38
58 48 67
58 49 19
58 51 54
58 53 63
58 54 142
58 55 71
58 56 102
58 57 11
58 60 72
58 61 70
58 65 139
58 66 16
58 68 112
58 69 117
58 70 96
58 72 124
58 73 45
58 76 59
58 77 100
58 78 138
59 1 114
59 2 120
59 5 102
59 6 21
59 7 17
59 8 98
59 9 100
59 12 119
59 15 86
59 17 52
59 19 65
59 21 24
59 23 133
59 24 30
59 25 36
59 27 79
59 28 63
59 29 119
59 32 138
59 34 47
59 36 133
59 38 20
59 39 92
59 40 15
59 41 65
59 42 41
59 43 113
59 53 135
59 55 66
59 56 132
59 61 49
59 62 57
59 63 69
59 65 114
59 67 117
59 69 73
59 70 64
59 71 125
59 74 55
59 76 112
60 3 93
60 4 36
60 6 52
60 7 137
60 8 107
60 9 109
60 10 19
60 11 27
60 15 86
60 16 36
60 17 79
60 21 73
60 24 131
60 25 142
60 26 93
60 30 138
60 31 91
60 35 91
60 36 44
60 37 100
60 38 93
60 40 60
60 42 32
60 43 96
60 44 111
60 45 34
60 46 57
60 47 26
60 50 96
60 51 12
60 52 23
60 53 82
60 54 109
60 55 142
60 58 72
60 61 12
60 62 27
60 63 20
60 65 85
60 69 87
60 70 64
60 72 68
60 73 109
60 74 95
60 75 113
60 76 132
60 t 22
61 2 68
61 4 57
61 6 56
61 7 87
61 11 139
61 14 86
61 17 43
61 18 97
61 21 40
61 22 139
61 23 114
61 24 108
61 26 80
61 29 98
61 30 11
61 33 10
61 34 31
61 35 100
61 37 21
61 38 30
61 40 59
61 41 132
61 42 53
61 45 67
61 47 119
61 49 77
61 53 42
61 54 26
61 55 111
61 56 64
61 57 51
61 58 70
61 59 49
61 60 12
61 62 87
61 63 116
61 69 22
61 73 15
61 75 49
61 76 31
61 78 35
61 t 111
62 2 26
62 3 14
62 5 45
62 6 84
62 7 120
62 8 137
62 9 135
62 10 102
62 11 100
62 15 34
62 16 35
62 17 71
62 20 62
62 21 94
62 22 56
62 25 13
62 29 65
62 32 47
62 33 108
62 36 59
62 38 44
62 39 105
62 41 28
62 43 132
62 45 44
62 47 124
62 48 40
62 49 15
62 51 50
62 53 62
62 55 25
62 57 46
62 59 57
62 60 27
62 61 87
62 63 140
62 66 103
62 69 10
62 71 11
62 74 87
62 t 138
63 2 12
63 4 117
63 5 18
63 6 107
63 7 15
63 8 73
63 9 124
63 10 32
63 11 21
63 13 55
63 14 16
63 17 74
63 18 111
63 20 50
63 21 12
63 23 139
63 28 15
63 29 22
63 30 31
63 32 124
63 33 50
63 34 40
63 35 103
63 36 61
63 37 89
63 38 21
63 41 28
63 42 70
63 43 89
63 44 13
63 45 91
63 46 30
63 48 117
63 49 30
63 50 142
63 52 45
63 53 137
63 56 85
63 57 60
63 59 69
63 60 20
63 61 116
63 62 140
63 66 27
63 67 72
63 68 104
63 69 27
63 71 33
63 72 65
63 74 101
63 75 89
63 76 120
63 78 11
63 t 63
64 1 142
64 2 115
64 3 116
64 4 40
64 6 124
64 7 72
64 11 129
64 12 16
64 13 82
64 15 140
64 17 16
64 18 19
64 19 105
64 26 28
64 27 87
64 29 72
64 30 50
64 31 130
64 32 125
64 33 18
64 35 61
64 38 40
64 39 86
64 40 85
64 41 79
64 43 135
64 44 70
64 45 94
64 46 80
64 47 29
64 48 54
64 49 100
64 50 105
64 51 69
64 52 61
64 53 67
64 54 54
64 56 22
64 57 116
64 68 110
64 70 82
64 71 103
64 72 129
64 76 115
64 78 16
65 1 10
65 2 75
65 4 11
65 6 127
65 10 128
65 12 114
65 16 144
65 17 94
65 21 92
65 23 140
65 24 111
65 27 28
65 28 83
65 29 14
65 30 108
65 33 66
65 35 54
65 37 106
65 40 109
65 42 125
65 43 21
65 46 125
65 47 12
65 49 108
65 51 133
65 56 45
65 58 139
65 59 114
65 60 85
65 67 96
65 68 120
65 69 35
65 72 106
65 75 50
65 76 70
65 77 140
65 78 124
66 2 125
66 3 112
66 4 95
66 5 42
66 6 130
66 8 35
66 10 95
66 12 89
66 14 42
66 15 140
66 22 123
66 24 120
66 26 16
66 28 81
66 29 39
66 30 28
66 31 12
66 32 142
66 35 36
66 37 25
66 39 97
66 40 84
66 42 22
66 44 74
66 45 139
66 46 89
66 47 134
66 48 50
66 51 106
66 53 34
66 57 46
66 58 16
66 62 103
66 63 27
66 67 112
66 68 65
66 69 76
66 71 50
66 72 40
66 73 96
66 74 20
66 76 138
66 77 110
66 78 49
67 1 100
67 2 139
67 3 133
67 4 76
67 5 79
67 6 15
67 7 76
67 10 43
67 15 128
67 16 118
67 17 43
67 18 110
67 19 113
67 20 95
67 22 82
67 23 104
67 24 90
67 25 112
67 28 13
67 31 44
67 32 68
67 33 67
67 34 53
67 37 39
67 38 115
67 40 19
67 42 136
67 44 141
67 46 129
67 48 33
67 51 98
67 52 113
67 53 119
67 54 99
67 55 105
67 59 117
67 63 72
67 65 96
67 66 112
67 68 129
67 69 92
67 70 42
67 71 126
67 73 34
67 76 120
67 77 139
68 1 35
68 3 20
68 6 135
68 8 48
68 10 115
68 21 88
68 23 126
68 24 75
68 25 45
68 28 135
68 29 67
68 30 129
68 31 116
68 33 75
68 34 39
68 35 28
68 36 96
68 42 38
68 44 136
68 46 119
68 47 132
68 49 101
68 50 18
68 53 40
68 54 121
68 55 19
68 56 24
68 57 133
68 58 112
68 63 104
68 64 110
68 65 120
68 66 65
68 67 129
68 73 90
68 76 37
68 77 120
68 78 33
68 t 136
69 1 30
69 2 68
69 4 118
69 5 15
69 6 19
69 7 22
69 8 85
69 9 127
69 11 73
69 12 33
69 13 116
69 14 37
69 15 95
69 16 86
69 20 133
69 21 83
69 22 29
69 23 96
69 24 106
69 26 64
69 27 41
69 28 69
69 30 124
69 31 103
69 32 34
69 34 109
69 35 25
69 36 17
69 39 74
69 40 127
69 41 71
69 42 118
69 43 15
69 44 76
69 46 43
69 47 120
69 48 118
69 50 26
69 51 38
69 52 73
69 53 108
69 54 71
69 55 36
69 57 117
69 58 117
69 59 73
69 60 87
69 61 22
69 62 10
69 63 27
69 65 35
69 66 76
69 67 92
69 71 120
69 72 15
69 73 124
69 74 133
69 75 64
69 76 31
69 78 80
69 t 88
70 1 65
70 2 55
70 3 57
70 4 138
70 5 59
70 6 90
70 12 40
70 13 131
70 15 82
70 16 108
70 17 139
70 20 10
70 22 53
70 23 31
70 25 46
70 26 104
70 27 39
70 28 110
70 30 126
70 31 117
70 32 19
70 37 30
70 38 109
70 39 60
70 40 136
70 43 101
70 44 35
70 47 91
70 48 42
70 50 136
70 51 51
70 52 16
70 56 57
70 57 77
70 58 96
70 59 64
70 60 64
70 64 82
70 67 42
70 71 45
70 72 129
70 74 100
70 75 78
70 76 83
70 77 43
70 t 111
71 1 115
71 2 133
71 3 61
71 4 92
71 5 42
71 7 98
71 9 118
71 10 38
71 11 13
71 12 40
71 15 140
71 16 135
71 17 16
71 18 142
71 20 70
71 21 17
71 24 28
71 25 23
71 30 41
71 31 101
71 33 84
71 34 35
71 36 63
71 39 113
71 40 11
71 42 134
71 44 45
71 45 125
71 46 144
71 48 22
71 49 125
71 51 78
71 52 137
71 54 115
71 55 113
71 56 87
71 59 125
71 62 11
71 63 33
71 64 103
71 66 50
71 67 126
71 69 120
71 70 45
71 72 56
71 73 19
71 74 90
71 75 129
71 76 94
71 77 32
71 78 121
71 t 125
72 1 32
72 3 20
72 5 106
72 6 101
72 8 29
72 12 45
72 13 65
72 17 36
72 18 13
72 21 51
72 23 22
72 24 78
72 26 66
72 28 41
72 29 137
72 33 127
72 35 72
72 36 122
72 37 74
72 38 43
72 40 71
72 41 23
72 43 121
72 44 35
72 45 43
72 46 67
72 49 33
72 50 71
72 52 68
72 54 143
72 55 113
72 58 124
72 60 68
72 63 65
72 64 129
72 65 106
72 66 40
72 69 15
72 70 129
72 71 56
72 73 18
72 74 103
72 76 108
72 t 116
73 3 141
73 4 34
73 5 115
73 8 40
73 10 79
73 11 23
73 12 34
73 13 89
73 14 59
73 19 124
73 20 125
73 21 60
73 22 13
73 23 110
73 24 102
73 25 36
73 26 96
73 27 119
73 28 123
73 29 45
73 31 134
73 32 55
73 34 40
73 35 125
73 36 61
73 37 78
73 38 111
73 39 80
73 41 15
73 42 101
73 43 53
73 44 99
73 46 129
73 47 142
73 52 28
73 53 38
73 54 116
73 56 112
73 58 45
73 60 109
73 61 15
73 66 96
73 67 34
73 68 90
73 69 124
73 71 19
73 72 18
73 76 65
73 t 15
74 1 113
74 2 88
74 3 69
74 4 44
74 5 52
74 8 77
74 9 58
74 10 88
74 12 24
74 13 133
74 15 63
74 18 128
74 19 128
74 22 88
74 24 90
74 26 138
74 27 95
74 29 140
74 30 10
74 31 89
74 32 114
74 33 11
74 34 133
74 37 74
74 38 103
74 39 51
74 40 127
74 41 97
74 43 115
74 44 105
74 48 67
74 49 102
74 50 136
74 51 47
74 52 140
74 54 18
74 55 29
74 56 63
74 59 55
74 60 95
74 62 87
74 63 101
74 66 20
74 69 133
74 70 100
74 71 90
74 72 103
74 76 39
74 78 136
75 1 67
75 2 22
75 4 95
75 6 48
75 7 56
75 8 83
75 9 90
75 10 137
75 11 68
75 13 135
75 16 107
75 20 60
75 21 36
75 22 32
75 23 26
75 25 100
75 26 129
75 28 138
75 30 106
75 33 65
75 34 28
75 36 25
75 40 121
75 42 34
75 43 75
75 44 63
75 45 100
75 47 96
75 48 70
75 50 13
75 51 134
75 53 142
75 54 130
75 56 16
75 60 113
75 61 49
75 63 89
75 65 50
75 69 64
75 70 78
75 71 129
75 77 17
75 78 55
75 t 29
76 2 68
76 3 133
76 4 57
76 5 11
76 6 31
76 7 135
76 9 144
76 11 26
76 12 23
76 13 98
76 14 45
76 18 32
76 20 121
76 21 18
76 22 40
76 23 21
76 24 35
76 27 99
76 28 97
76 30 123
76 33 46
76 34 117
76 35 108
76 36 137
76 38 109
76 39 38
76 41 43
76 43 99
76 45 48
76 46 95
76 48 124
76 49 90
76 50 20
76 51 90
76 52 132
76 53 38
76 55 54
76 56 111
76 58 59
76 59 112
76 60 132
76 61 31
76 63 120
76 64 115
76 65 70
76 66 138
76 67 120
76 68 37
76 69 31
76 70 83
76 71 94
76 72 108
76 73 65
76 74 39
76 78 110
76 t 134
77 1 55
77 4 27
77 6 46
77 7 60
77 8 34
77 10 103
77 11 123
77 12 127
77 13 53
77 14 65
77 16 35
77 17 132
77 20 39
77 21 68
77 22 11
77 23 132
77 24 135
77 26 24
77 28 84
77 29 83
77 31 40
77 34 92
77 37 56
77 38 82
77 39 33
77 41 13
77 42 61
77 43 23
77 44 60
77 46 139
77 48 96
77 49 55
77 50 38
77 54 123
77 58 100
77 65 140
77 66 110
77 67 139
77 68 120
77 70 43
77 71 32
77 75 17
77 t 40
78 1 138
78 2 125
78 3 135
78 4 26
78 5 83
78 7 57
78 9 115
78 10 85
78 12 79
78 13 82
78 14 42
78 15 93
78 17 133
78 19 55
78 22 72
78 23 102
78 24 139
78 25 105
78 26 119
78 27 80
78 28 139
78 30 72
78 32 141
78 33 106
78 34 83
78 37 85
78 38 24
78 39 127
78 41 120
78 45 91
78 47 81
78 50 102
78 52 41
78 55 111
78 56 75
78 57 47
78 58 138
78 61 35
78 63 11
78 64 16
78 65 124
78 66 49
78 68 33
78 69 80
78 71 121
78 74 136
78 75 55
78 76 110
78 t 103
