s 2 57
s 3 34
s 7 16
s 8 42
s 10 51
s 14 76
s 19 73
s 21 45
s 23 62
s 24 24
s 26 25
s 30 47
s 32 70
s 34 28
s 36 79
s 39 21
s 44 45
s 46 22
s 50 65
s 58 12
s 63 82
s 64 73
s 65 52
s 66 31
s 67 40
s 68 41
s 69 66
s 73 60
s 74 48
s 75 33
s 77 68
s 84 51
s 87 35
s 88 81
s t 82
1 5 39
1 8 56
1 9 61
1 10 68
1 11 40
1 13 82
1 14 46
1 16 32
1 18 23
1 24 40
1 25 63
1 26 17
1 27 80
1 29 42
1 31 32
1 34 19
1 36 22
1 45 14
1 47 33
1 48 67
1 51 46
1 55 66
1 59 51
1 61 52
1 68 58
1 70 32
1 81 17
1 82 20
1 85 82
1 87 66
1 89 79
2 6 68
2 12 23
2 13 59
2 15 41
2 16 60
2 18 32
2 21 23
2 24 16
2 25 14
2 26 68
2 29 41
2 30 11
2 33 78
2 34 54
2 35 38
2 36 62
2 38 41
2 39 82
2 41 54
2 42 25
2 44 55
2 59 51
2 63 15
2 64 21
2 65 64
2 68 32
2 70 70
2 71 80
2 81 49
2 87 11
3 4 28
3 6 68
3 11 57
3 16 23
3 19 71
3 20 60
3 23 19
3 24 71
3 25 61
3 29 68
3 31 34
3 32 50
3 34 63
3 39 30
3 41 49
3 51 65
3 53 38
3 54 37
3 57 39
3 62 54
3 63 67
3 64 62
3 65 45
3 70 31
3 71 36
3 73 57
3 74 31
3 75 58
3 78 19
3 80 37
3 81 49
4 3 28
4 17 12
4 19 68
4 20 76
4 22 51
4 23 68
4 27 42
4 29 21
4 31 20
4 36 17
4 40 18
4 50 18
4 57 27
4 64 51
4 67 79
4 71 39
4 76 26
4 77 26
4 82 25
4 83 53
4 85 39
4 86 22
5 1 39
5 9 55
5 10 53
5 17 42
5 18 79
5 25 17
5 32 62
5 35 12
5 40 19
5 41 28
5 42 19
5 44 58
5 45 54
5 47 36
5 51 51
5 53 43
5 55 33
5 56 73
5 58 65
5 59 29
5 60 32
5 64 23
5 66 75
5 73 41
5 74 29
5 75 26
5 76 54
5 79 79
5 80 49
5 85 15
5 86 19
5 88 47
6 2 68
6 3 68
6 7 25
6 8 49
6 11 16
6 15 30
6 18 31
6 19 77
6 22 17
6 27 65
6 28 67
6 29 13
6 31 51
6 37 74
6 39 29
6 45 36
6 46 20
6 47 54
6 48 55
6 50 78
6 52 59
6 55 43
6 61 51
6 63 43
6 71 31
6 73 69
6 74 55
6 88 61
7 6 25
7 8 35
7 10 55
7 12 11
7 13 32
7 20 16
7 25 54
7 26 29
7 31 52
7 33 22
7 40 71
7 42 36
7 45 33
7 48 33
7 49 70
7 54 50
7 55 29
7 62 20
7 64 36
7 66 30
7 68 81
7 72 63
7 73 52
7 74 63
7 78 47
7 79 52
7 82 19
7 85 33
7 87 36
7 t 47
8 1 56
8 6 49
8 7 35
8 10 63
8 12 43
8 14 76
8 16 72
8 19 18
8 23 55
8 26 78
8 27 17
8 28 60
8 32 67
8 33 43
8 36 16
8 39 18
8 40 55
8 46 70
8 48 54
8 51 69
8 55 52
8 57 39
8 61 41
8 63 76
8 64 80
8 70 76
8 72 43
8 73 57
8 78 79
8 81 64
8 86 32
8 89 57
8 t 19
9 1 61
9 5 55
9 10 75
9 11 75
9 12 35
9 14 27
9 15 48
9 18 67
9 19 68
9 20 64
9 21 75
9 24 53
9 25 82
9 29 14
9 30 24
9 34 12
9 38 71
9 39 34
9 42 55
9 45 64
9 46 20
9 48 47
9 51 33
9 54 33
9 60 43
9 62 74
9 63 78
9 65 43
9 67 78
9 69 33
9 78 18
9 84 53
9 87 73
9 88 81
9 89 62
10 1 68
10 5 53
10 7 55
10 8 63
10 9 75
10 11 38
10 16 72
10 22 76
10 29 81
10 30 44
10 32 57
10 34 31
10 35 12
10 38 60
10 41 80
10 43 53
10 46 77
10 50 28
10 54 57
10 55 69
10 63 42
10 64 56
10 66 30
10 68 75
10 70 67
10 75 78
10 78 52
10 79 74
10 82 32
10 84 38
10 87 16
11 1 40
11 3 57
11 6 16
11 9 75
11 10 38
11 18 74
11 21 40
11 29 47
11 34 53
11 37 52
11 38 77
11 40 54
11 43 64
11 50 46
11 52 45
11 55 42
11 60 47
11 62 74
11 66 20
11 68 54
11 70 23
11 72 21
11 74 27
11 78 60
11 79 21
11 80 32
11 83 40
11 84 68
11 87 39
11 89 79
11 t 28
12 2 23
12 7 11
12 8 43
12 9 35
12 13 50
12 20 80
12 21 73
12 23 49
12 31 19
12 33 73
12 34 81
12 35 58
12 39 40
12 42 22
12 47 22
12 48 71
12 50 71
12 53 60
12 54 69
12 55 75
12 58 29
12 65 70
12 66 78
12 67 25
12 69 60
12 71 65
12 75 45
12 77 35
12 81 24
12 82 43
12 84 53
13 1 82
13 2 59
13 7 32
13 12 50
13 15 68
13 17 37
13 19 42
13 20 63
13 23 25
13 25 66
13 27 34
13 28 75
13 29 23
13 30 36
13 32 70
13 34 48
13 36 58
13 40 70
13 43 40
13 45 75
13 49 13
13 50 26
13 51 36
13 54 41
13 55 25
13 56 76
13 67 52
13 69 61
13 75 40
13 81 20
13 83 73
13 84 65
13 86 25
13 88 57
13 t 71
14 1 46
14 8 76
14 9 27
14 15 67
14 27 57
14 33 25
14 37 74
14 41 63
14 43 70
14 44 36
14 47 53
14 56 49
14 58 81
14 59 70
14 61 16
14 63 20
14 64 38
14 67 52
14 69 52
14 76 46
14 85 47
15 2 41
15 6 30
15 9 48
15 13 68
15 14 67
15 18 51
15 21 71
15 26 12
15 30 74
15 32 60
15 39 58
15 41 61
15 42 59
15 43 45
15 45 60
15 46 56
15 50 71
15 52 34
15 55 21
15 57 21
15 60 59
15 64 25
15 66 58
15 67 30
15 73 77
15 74 19
15 76 24
15 77 23
15 78 59
15 79 16
15 t 78
16 1 32
16 2 60
16 3 23
16 8 72
16 10 72
16 17 63
16 21 36
16 22 71
16 31 17
16 34 45
16 35 29
16 38 36
16 39 62
16 41 13
16 43 41
16 44 24
16 46 35
16 52 60
16 53 28
16 54 15
16 55 36
16 59 64
16 62 81
16 67 31
16 69 53
16 70 12
16 73 53
16 74 69
16 75 37
16 79 63
16 80 22
16 83 36
16 84 58
16 86 79
16 87 46
17 4 12
17 5 42
17 13 37
17 16 63
17 22 62
17 26 77
17 28 71
17 29 72
17 32 63
17 33 49
17 34 11
17 39 31
17 45 54
17 49 78
17 55 18
17 56 38
17 58 58
17 62 34
17 73 79
17 74 24
17 83 61
17 87 34
17 88 48
17 t 82
18 1 23
18 2 32
18 5 79
18 6 31
18 9 67
18 11 74
18 15 51
18 20 56
18 21 19
18 32 13
18 33 71
18 34 17
18 36 36
18 37 21
18 39 33
18 40 66
18 42 82
18 43 14
18 52 73
18 55 19
18 58 24
18 59 51
18 60 70
18 62 51
18 63 61
18 65 31
18 66 79
18 68 38
18 70 21
18 71 65
18 72 56
18 75 61
18 76 24
18 80 53
18 81 78
18 82 71
18 87 40
18 89 70
19 3 71
19 4 68
19 6 77
19 8 18
19 9 68
19 13 42
19 21 81
19 27 16
19 29 15
19 35 44
19 41 31
19 42 68
19 43 74
19 47 59
19 51 13
19 52 20
19 53 79
19 55 23
19 60 82
19 65 21
19 66 59
19 67 51
19 68 23
19 71 79
19 72 68
19 73 39
19 75 48
19 76 31
19 80 43
19 85 22
19 87 56
19 89 73
20 3 60
20 4 76
20 7 16
20 9 64
20 12 80
20 13 63
20 18 56
20 26 49
20 29 52
20 30 79
20 31 74
20 40 81
20 42 31
20 44 31
20 45 23
20 48 60
20 50 65
20 51 31
20 53 29
20 55 69
20 59 29
20 60 22
20 63 41
20 65 38
20 68 34
20 70 46
20 76 48
20 77 45
20 78 58
20 79 56
20 88 49
20 t 63
21 2 23
21 9 75
21 11 40
21 12 73
21 15 71
21 16 36
21 18 19
21 19 81
21 24 64
21 31 66
21 32 48
21 34 37
21 41 52
21 44 52
21 47 54
21 48 24
21 50 23
21 56 58
21 57 28
21 60 47
21 61 17
21 69 38
21 77 82
21 78 57
21 86 56
21 87 44
22 4 51
22 6 17
22 10 76
22 16 71
22 17 62
22 25 15
22 26 76
22 30 43
22 33 52
22 34 71
22 36 53
22 38 55
22 39 48
22 41 46
22 44 69
22 46 63
22 54 61
22 57 43
22 59 57
22 61 36
22 63 11
22 65 30
22 68 43
22 70 18
22 71 67
22 76 20
22 79 73
22 80 30
22 86 80
22 89 69
23 3 19
23 4 68
23 8 55
23 12 49
23 13 25
23 24 65
23 25 55
23 33 20
23 34 66
23 37 19
23 38 74
23 43 66
23 44 20
23 49 24
23 52 47
23 57 16
23 58 44
23 59 25
23 61 42
23 64 48
23 70 74
23 71 82
23 74 74
23 75 40
23 78 38
23 81 48
23 84 44
23 85 14
23 89 47
23 t 51
24 1 40
24 2 16
24 3 71
24 9 53
24 21 64
24 23 65
24 27 55
24 29 38
24 30 65
24 31 45
24 32 45
24 36 77
24 38 18
24 41 40
24 44 64
24 45 62
24 49 31
24 54 72
24 56 45
24 58 36
24 59 33
24 60 16
24 62 66
24 63 79
24 64 47
24 65 72
24 67 18
24 74 28
24 78 62
24 79 18
24 80 76
24 83 18
24 84 81
24 87 70
25 1 63
25 2 14
25 3 61
25 5 17
25 7 54
25 9 82
25 13 66
25 22 15
25 23 55
25 26 68
25 29 58
25 33 79
25 35 47
25 40 35
25 41 67
25 47 79
25 50 17
25 60 14
25 62 23
25 70 39
25 73 63
25 74 70
25 79 17
25 80 65
25 82 56
25 88 30
26 1 17
26 2 68
26 7 29
26 8 78
26 15 12
26 17 77
26 20 49
26 22 76
26 25 68
26 29 76
26 31 36
26 34 51
26 36 11
26 39 22
26 40 67
26 46 47
26 49 37
26 55 82
26 56 38
26 63 70
26 64 32
26 65 40
26 67 71
26 68 71
26 73 49
26 75 82
26 83 78
26 87 53
26 t 73
27 1 80
27 4 42
27 6 65
27 8 17
27 13 34
27 14 57
27 19 16
27 24 55
27 32 41
27 35 23
27 36 24
27 37 49
27 40 17
27 44 50
27 45 30
27 50 56
27 60 61
27 64 44
27 65 32
27 68 58
27 72 24
27 73 37
27 75 49
27 83 24
27 87 25
27 88 18
27 89 32
28 6 67
28 8 60
28 13 75
28 17 71
28 29 82
28 30 12
28 31 15
28 35 23
28 36 18
28 49 74
28 50 15
28 56 41
28 57 27
28 61 37
28 65 74
28 70 33
28 71 41
28 76 32
28 77 57
28 79 35
28 82 46
28 85 73
28 t 18
29 1 42
29 2 41
29 3 68
29 4 21
29 6 13
29 9 14
29 10 81
29 11 47
29 13 23
29 17 72
29 19 15
29 20 52
29 24 38
29 25 58
29 26 76
29 28 82
29 30 33
29 33 75
29 35 79
29 41 39
29 44 70
29 45 50
29 48 42
29 50 12
29 51 54
29 55 55
29 56 58
29 57 58
29 58 40
29 59 21
29 61 36
29 72 75
29 73 67
29 75 70
29 80 47
29 82 41
29 83 46
29 t 55
30 2 11
30 9 24
30 10 44
30 13 36
30 15 74
30 20 79
30 22 43
30 24 65
30 28 12
30 29 33
30 32 17
30 33 15
30 35 62
30 36 66
30 38 49
30 41 79
30 43 62
30 45 78
30 47 67
30 49 66
30 51 18
30 52 44
30 53 61
30 57 38
30 59 62
30 62 77
30 67 28
30 70 40
30 73 48
30 75 21
30 76 73
30 77 59
30 78 30
30 81 18
30 83 70
30 85 21
30 88 49
30 t 45
31 1 32
31 3 34
31 4 20
31 6 51
31 7 52
31 12 19
31 16 17
31 20 74
31 21 66
31 24 45
31 26 36
31 28 15
31 34 78
31 37 58
31 38 26
31 39 32
31 41 12
31 44 74
31 45 46
31 46 20
31 50 66
31 52 57
31 54 63
31 57 51
31 59 65
31 63 30
31 66 80
31 67 17
31 68 45
31 70 20
31 74 41
31 76 32
31 80 30
31 82 18
31 84 79
31 87 27
31 88 23
31 89 25
32 3 50
32 5 62
32 8 67
32 10 57
32 13 70
32 15 60
32 17 63
32 18 13
32 21 48
32 24 45
32 27 41
32 30 17
32 40 29
32 41 78
32 44 61
32 47 12
32 52 72
32 54 53
32 56 69
32 59 41
32 62 71
32 63 41
32 66 19
32 69 36
32 74 27
32 78 23
32 84 36
32 85 21
33 2 78
33 7 22
33 8 43
33 12 73
33 14 25
33 17 49
33 18 71
33 22 52
33 23 20
33 25 79
33 29 75
33 30 15
33 34 20
33 36 68
33 37 18
33 38 35
33 44 64
33 45 65
33 46 50
33 48 68
33 51 57
33 56 19
33 59 25
33 62 18
33 66 77
33 68 18
33 71 67
33 74 43
33 79 76
33 82 72
33 t 64
34 1 19
34 2 54
34 3 63
34 9 12
34 10 31
34 11 53
34 12 81
34 13 48
34 16 45
34 17 11
34 18 17
34 21 37
34 22 71
34 23 66
34 26 51
34 31 78
34 33 20
34 37 77
34 39 59
34 42 24
34 46 45
34 54 36
34 56 41
34 59 29
34 60 78
34 61 70
34 62 68
34 65 68
34 67 36
34 68 82
34 69 81
34 73 35
34 75 64
34 78 54
34 79 25
34 81 17
34 87 11
34 88 68
35 2 38
35 5 12
35 10 12
35 12 58
35 16 29
35 19 44
35 25 47
35 27 23
35 28 23
35 29 79
35 30 62
35 43 11
35 46 15
35 49 37
35 51 35
35 54 72
35 55 34
35 56 41
35 57 14
35 62 61
35 66 12
35 67 30
35 71 77
35 74 19
35 77 23
35 78 31
35 79 65
35 84 73
35 86 27
35 87 14
35 88 41
35 89 80
36 1 22
36 2 62
36 4 17
36 8 16
36 13 58
36 18 36
36 22 53
36 24 77
36 26 11
36 27 24
36 28 18
36 30 66
36 33 68
36 41 56
36 46 68
36 47 82
36 48 81
36 50 40
36 52 21
36 56 77
36 57 45
36 59 33
36 63 80
36 66 16
36 72 32
36 80 51
36 82 25
36 83 52
36 84 28
36 86 21
37 6 74
37 11 52
37 14 74
37 18 21
37 23 19
37 27 49
37 31 58
37 33 18
37 34 77
37 45 26
37 48 32
37 52 39
37 54 20
37 57 56
37 59 34
37 64 80
37 66 19
37 67 22
37 68 75
37 69 78
37 71 72
37 76 67
37 78 49
37 79 17
37 81 44
37 82 16
37 83 22
37 85 11
37 86 25
38 2 41
38 9 71
38 10 60
38 11 77
38 16 36
38 22 55
38 23 74
38 24 18
38 30 49
38 31 26
38 33 35
38 40 36
38 42 62
38 48 60
38 49 60
38 51 64
38 52 45
38 58 77
38 62 26
38 63 57
38 67 33
38 69 16
38 72 50
38 75 41
38 77 14
38 80 70
38 81 75
38 84 51
38 85 43
39 2 82
39 3 30
39 6 29
39 8 18
39 9 34
39 12 40
39 15 58
39 16 62
39 17 31
39 18 33
39 22 48
39 26 22
39 31 32
39 34 59
39 45 71
39 47 20
39 51 76
39 53 74
39 55 38
39 56 17
39 57 20
39 68 56
39 73 11
39 76 53
39 77 21
39 79 37
39 80 30
39 82 49
39 83 37
39 84 39
39 87 78
39 t 13
40 4 18
40 5 19
40 7 71
40 8 55
40 11 54
40 13 70
40 18 66
40 20 81
40 25 35
40 26 67
40 27 17
40 32 29
40 38 36
40 42 20
40 50 23
40 51 49
40 53 45
40 55 17
40 60 59
40 63 53
40 68 43
40 74 56
40 75 43
40 77 18
40 81 78
40 84 65
40 85 24
40 86 63
40 87 63
40 88 40
40 t 73
41 2 54
41 3 49
41 5 28
41 10 80
41 14 63
41 15 61
41 16 13
41 19 31
41 21 52
41 22 46
41 24 40
41 25 67
41 29 39
41 30 79
41 31 12
41 32 78
41 36 56
41 42 52
41 43 38
41 44 44
41 46 42
41 50 62
41 52 53
41 54 47
41 55 46
41 56 49
41 58 14
41 59 75
41 60 31
41 61 45
41 62 44
41 63 79
41 64 67
41 69 54
41 74 55
41 75 78
41 76 24
41 78 73
41 79 51
41 84 59
41 86 69
41 88 41
41 t 53
42 2 25
42 5 19
42 7 36
42 9 55
42 12 22
42 15 59
42 18 82
42 19 68
42 20 31
42 34 24
42 38 62
42 40 20
42 41 52
42 45 13
42 46 16
42 48 21
42 49 22
42 51 46
42 57 18
42 59 64
42 60 76
42 66 19
42 67 44
42 68 49
42 70 18
42 71 27
42 73 29
42 74 75
42 76 57
42 77 18
42 80 36
42 81 74
42 82 74
42 84 81
43 10 53
43 11 64
43 13 40
43 14 70
43 15 45
43 16 41
43 18 14
43 19 74
43 23 66
43 30 62
43 35 11
43 41 38
43 44 55
43 46 15
43 47 50
43 49 56
43 50 43
43 51 66
43 56 81
43 57 15
43 58 31
43 61 69
43 64 59
43 65 36
43 69 54
43 75 18
43 77 66
43 78 81
43 80 70
43 82 43
43 83 77
43 85 20
43 86 44
43 87 59
43 89 15
44 2 55
44 5 58
44 14 36
44 16 24
44 20 31
44 21 52
44 22 69
44 23 20
44 24 64
44 27 50
44 29 70
44 31 74
44 32 61
44 33 64
44 41 44
44 43 55
44 45 19
44 50 13
44 51 52
44 52 45
44 55 29
44 56 50
44 57 37
44 58 56
44 59 77
44 61 57
44 62 34
44 67 50
44 69 12
44 70 27
44 71 64
44 74 27
44 75 45
44 77 40
44 80 50
44 84 66
44 86 58
44 87 59
44 88 44
44 89 75
45 1 14
45 5 54
45 6 36
45 7 33
45 9 64
45 13 75
45 15 60
45 17 54
45 20 23
45 24 62
45 27 30
45 29 50
45 30 78
45 31 46
45 33 65
45 37 26
45 39 71
45 42 13
45 44 19
45 46 25
45 48 65
45 50 27
45 51 24
45 53 36
45 54 35
45 57 49
45 60 52
45 63 63
45 64 60
45 65 27
45 67 60
45 75 38
45 78 24
45 82 66
45 84 31
45 85 82
45 87 55
46 6 20
46 8 70
46 9 20
46 10 77
46 15 56
46 16 35
46 22 63
46 26 47
46 31 20
46 33 50
46 34 45
46 35 15
46 36 68
46 41 42
46 42 16
46 43 15
46 45 25
46 52 47
46 59 67
46 60 13
46 61 77
46 62 77
46 64 43
46 67 36
46 69 22
46 74 71
46 81 65
46 83 32
46 t 21
47 1 33
47 5 36
47 6 54
47 12 22
47 14 53
47 19 59
47 21 54
47 25 79
47 30 67
47 32 12
47 36 82
47 39 20
47 43 50
47 50 78
47 51 15
47 53 45
47 55 21
47 58 18
47 60 74
47 61 73
47 62 78
47 69 76
47 75 46
47 77 31
47 80 63
47 83 54
47 85 73
48 1 67
48 6 55
48 7 33
48 8 54
48 9 47
48 12 71
48 20 60
48 21 24
48 29 42
48 33 68
48 36 81
48 37 32
48 38 60
48 42 21
48 45 65
48 51 14
48 52 19
48 53 74
48 58 62
48 63 26
48 64 20
48 67 41
48 68 20
48 70 23
48 75 24
48 76 48
48 80 52
48 83 18
48 85 52
48 87 74
48 89 18
48 t 22
49 7 70
49 13 13
49 17 78
49 23 24
49 24 31
49 26 37
49 28 74
49 30 66
49 35 37
49 38 60
49 42 22
49 43 56
49 51 82
49 53 20
49 55 71
49 56 47
49 58 54
49 72 71
49 75 73
49 76 14
49 77 20
49 79 54
49 83 46
49 84 36
49 86 73
49 88 24
50 4 18
50 6 78
50 10 28
50 11 46
50 12 71
50 13 26
50 15 71
50 20 65
50 21 23
50 25 17
50 27 56
50 28 15
50 29 12
50 31 66
50 36 40
50 40 23
50 41 62
50 43 43
50 44 13
50 45 27
50 47 78
50 51 24
50 55 58
50 57 50
50 58 34
50 60 20
50 64 47
50 65 80
50 67 72
50 72 18
50 74 21
50 75 35
50 76 30
50 82 13
50 84 55
50 89 58
51 1 46
51 3 65
51 5 51
51 8 69
51 9 33
51 13 36
51 19 13
51 20 31
51 29 54
51 30 18
51 33 57
51 35 35
51 38 64
51 39 76
51 40 49
51 42 46
51 43 66
51 44 52
51 45 24
51 47 15
51 48 14
51 49 82
51 50 24
51 54 81
51 60 70
51 61 18
51 62 68
51 66 72
51 73 37
51 76 46
51 77 14
51 84 45
51 85 53
51 89 46
51 t 49
52 6 59
52 11 45
52 15 34
52 16 60
52 18 73
52 19 20
52 23 47
52 30 44
52 31 57
52 32 72
52 36 21
52 37 39
52 38 45
52 41 53
52 44 45
52 46 47
52 48 19
52 53 12
52 56 67
52 57 72
52 58 65
52 60 57
52 63 65
52 64 64
52 70 20
52 73 47
52 74 16
52 79 81
52 80 72
53 3 38
53 5 43
53 12 60
53 16 28
53 19 79
53 20 29
53 30 61
53 39 74
53 40 45
53 45 36
53 47 45
53 48 74
53 49 20
53 52 12
53 55 74
53 57 60
53 59 51
53 62 74
53 65 17
53 66 27
53 69 13
53 70 56
53 80 61
53 81 64
53 87 81
53 88 16
53 89 42
54 3 37
54 7 50
54 9 33
54 10 57
54 12 69
54 13 41
54 16 15
54 22 61
54 24 72
54 31 63
54 32 53
54 34 36
54 35 72
54 37 20
54 41 47
54 45 35
54 51 81
54 55 31
54 56 31
54 58 30
54 61 40
54 70 71
54 72 58
54 76 31
54 77 31
54 79 25
54 83 11
54 84 14
54 86 78
54 87 37
54 89 82
55 1 66
55 5 33
55 6 43
55 7 29
55 8 52
55 10 69
55 11 42
55 12 75
55 13 25
55 15 21
55 16 36
55 17 18
55 18 19
55 19 23
55 20 69
55 26 82
55 29 55
55 35 34
55 39 38
55 40 17
55 41 46
55 44 29
55 47 21
55 49 71
55 50 58
55 53 74
55 54 31
55 56 53
55 58 25
55 60 35
55 65 38
55 66 72
55 67 61
55 68 72
55 69 65
55 79 82
55 85 43
55 89 59
55 t 72
56 5 73
56 13 76
56 14 49
56 17 38
56 21 58
56 24 45
56 26 38
56 28 41
56 29 58
56 32 69
56 33 19
56 34 41
56 35 41
56 36 77
56 39 17
56 41 49
56 43 81
56 44 50
56 49 47
56 52 67
56 54 31
56 55 53
56 59 71
56 60 57
56 63 37
56 66 59
56 67 56
56 68 39
56 69 30
56 74 29
56 77 37
56 78 80
56 82 11
56 83 53
56 86 48
56 87 62
56 89 62
56 t 16
57 3 39
57 4 27
57 8 39
57 15 21
57 21 28
57 22 43
57 23 16
57 28 27
57 29 58
57 30 38
57 31 51
57 35 14
57 36 45
57 37 56
57 39 20
57 42 18
57 43 15
57 44 37
57 45 49
57 50 50
57 52 72
57 53 60
57 61 25
57 63 47
57 65 64
57 70 69
57 71 26
57 72 41
57 81 65
57 84 36
57 85 79
58 5 65
58 12 29
58 14 81
58 17 58
58 18 24
58 23 44
58 24 36
58 29 40
58 38 77
58 41 14
58 43 31
58 44 56
58 47 18
58 48 62
58 49 54
58 50 34
58 52 65
58 54 30
58 55 25
58 60 30
58 62 20
58 63 40
58 65 75
58 66 15
58 67 23
58 68 62
58 72 32
58 76 63
58 77 23
58 85 74
58 86 25
59 1 51
59 2 51
59 5 29
59 14 70
59 16 64
59 18 51
59 20 29
59 22 57
59 23 25
59 24 33
59 29 21
59 30 62
59 31 65
59 32 41
59 33 25
59 34 29
59 36 33
59 37 34
59 41 75
59 42 64
59 44 77
59 46 67
59 53 51
59 56 71
59 61 78
59 62 59
59 66 28
59 68 42
59 70 60
59 71 80
59 73 38
59 75 12
59 83 13
59 86 77
59 87 48
59 88 31
60 5 32
60 9 43
60 11 47
60 15 59
60 18 70
60 19 82
60 20 22
60 21 47
60 24 16
60 25 14
60 27 61
60 34 78
60 40 59
60 41 31
60 42 76
60 45 52
60 46 13
60 47 74
60 50 20
60 51 70
60 52 57
60 55 35
60 56 57
60 58 30
60 65 28
60 66 41
60 70 49
60 72 44
60 73 54
60 75 77
60 76 31
60 79 50
60 80 16
60 83 74
60 85 36
60 86 75
60 87 36
60 88 19
60 t 56
61 1 52
61 6 51
61 8 41
61 14 16
61 21 17
61 22 36
61 23 42
61 28 37
61 29 36
61 34 70
61 41 45
61 43 69
61 44 57
61 46 77
61 47 73
61 51 18
61 54 40
61 57 25
61 59 78
61 65 31
61 70 72
61 79 48
61 80 79
61 81 35
61 82 17
61 87 37
61 t 34
62 3 54
62 7 20
62 9 74
62 11 74
62 16 81
62 17 34
62 18 51
62 24 66
62 25 23
62 30 77
62 32 71
62 33 18
62 34 68
62 35 61
62 38 26
62 41 44
62 44 34
62 46 77
62 47 78
62 51 68
62 53 74
62 58 20
62 59 59
62 69 42
62 71 24
62 73 11
62 77 15
62 79 13
62 80 78
62 84 79
62 86 54
62 89 56
62 t 52
63 2 15
63 3 67
63 6 43
63 8 76
63 9 78
63 10 42
63 14 20
63 18 61
63 20 41
63 22 11
63 24 79
63 26 70
63 31 30
63 32 41
63 36 80
63 38 57
63 40 53
63 41 79
63 45 63
63 48 26
63 52 65
63 56 37
63 57 47
63 58 40
63 66 37
63 69 55
63 73 67
63 79 82
63 80 11
63 84 49
63 85 15
63 88 69
63 89 39
64 2 21
64 3 62
64 4 51
64 5 23
64 7 36
64 8 80
64 10 56
64 14 38
64 15 25
64 23 48
64 24 47
64 26 32
64 27 44
64 37 80
64 41 67
64 43 59
64 45 60
64 46 43
64 48 20
64 50 47
64 52 64
64 66 31
64 67 23
64 68 19
64 70 58
64 71 21
64 72 69
64 77 36
64 78 60
64 81 28
64 88 80
64 89 17
65 2 64
65 3 45
65 9 43
65 12 70
65 18 31
65 19 21
65 20 38
65 22 30
65 24 72
65 26 40
65 27 32
65 28 74
65 34 68
65 43 36
65 45 27
65 50 80
65 53 17
65 55 38
65 57 64
65 58 75
65 60 28
65 61 31
65 74 65
65 75 61
65 76 45
65 81 60
65 82 77
65 85 66
66 5 75
66 7 30
66 10 30
66 11 20
66 12 78
66 15 58
66 18 79
66 19 59
66 31 80
66 32 19
66 33 77
66 35 12
66 36 16
66 37 19
66 42 19
66 51 72
66 53 27
66 55 72
66 56 59
66 58 15
66 59 28
66 60 41
66 63 37
66 64 31
66 72 60
66 74 66
66 76 49
66 81 58
66 82 69
66 83 28
66 85 21
66 t 55
67 4 79
67 9 78
67 12 25
67 13 52
67 14 52
67 15 30
67 16 31
67 19 51
67 24 18
67 26 71
67 30 28
67 31 17
67 34 36
67 35 30
67 37 22
67 38 33
67 42 44
67 44 50
67 45 60
67 46 36
67 48 41
67 50 72
67 55 61
67 56 56
67 58 23
67 64 23
67 79 72
67 82 65
67 83 37
67 86 73
68 1 58
68 2 32
68 7 81
68 10 75
68 11 54
68 18 38
68 19 23
68 20 34
68 22 43
68 26 71
68 27 58
68 31 45
68 33 18
68 34 82
68 37 75
68 39 56
68 40 43
68 42 49
68 48 20
68 55 72
68 56 39
68 58 62
68 59 42
68 64 19
68 69 28
68 75 13
68 80 57
68 81 18
68 82 14
68 84 11
68 87 31
68 88 14
69 9 33
69 12 60
69 13 61
69 14 52
69 16 53
69 21 38
69 32 36
69 34 81
69 37 78
69 38 16
69 41 54
69 43 54
69 44 12
69 46 22
69 47 76
69 53 13
69 55 65
69 56 30
69 62 42
69 63 55
69 68 28
69 70 37
69 76 59
69 78 34
69 79 71
69 81 20
69 t 62
70 1 32
70 2 70
70 3 31
70 8 76
70 10 67
70 11 23
70 16 12
70 18 21
70 20 46
70 22 18
70 23 74
70 25 39
70 28 33
70 30 40
70 31 20
70 42 18
70 44 27
70 48 23
70 52 20
70 53 56
70 54 71
70 57 69
70 59 60
70 60 49
70 61 72
70 64 58
70 69 37
70 72 37
70 76 80
70 77 76
70 78 60
70 80 71
70 81 57
70 89 13
70 t 34
71 2 80
71 3 36
71 4 39
71 6 31
71 12 65
71 18 65
71 19 79
71 22 67
71 23 82
71 28 41
71 33 67
71 35 77
71 37 72
71 42 27
71 44 64
71 57 26
71 59 80
71 62 24
71 64 21
71 72 61
71 73 17
71 75 39
71 76 49
71 77 28
71 80 45
71 81 24
71 82 60
71 83 54
71 t 26
72 7 63
72 8 43
72 11 21
72 18 56
72 19 68
72 27 24
72 29 75
72 36 32
72 38 50
72 49 71
72 50 18
72 54 58
72 57 41
72 58 32
72 60 44
72 64 69
72 66 60
72 70 37
72 71 61
72 74 59
72 75 17
72 79 82
72 80 80
72 82 13
72 86 36
72 87 68
72 89 61
72 t 27
73 3 57
73 5 41
73 6 69
73 7 52
73 8 57
73 15 77
73 16 53
73 17 79
73 19 39
73 25 63
73 26 49
73 27 37
73 29 67
73 30 48
73 34 35
73 39 11
73 42 29
73 51 37
73 52 47
73 59 38
73 60 54
73 62 11
73 63 67
73 71 17
73 74 33
73 75 47
73 76 71
73 77 56
73 78 56
73 81 11
73 82 45
73 85 71
73 86 61
73 88 20
73 t 11
74 3 31
74 5 29
74 6 55
74 7 63
74 11 27
74 15 19
74 16 69
74 17 24
74 23 74
74 24 28
74 25 70
74 31 41
74 32 27
74 33 43
74 35 19
74 40 56
74 41 55
74 42 75
74 44 27
74 46 71
74 50 21
74 52 16
74 56 29
74 65 65
74 66 66
74 72 59
74 73 33
74 76 71
74 88 82
75 3 58
75 5 26
75 10 78
75 12 45
75 13 40
75 16 37
75 18 61
75 19 48
75 23 40
75 26 82
75 27 49
75 29 70
75 30 21
75 34 64
75 38 41
75 40 43
75 41 78
75 43 18
75 44 45
75 45 38
75 47 46
75 48 24
75 49 73
75 50 35
75 59 12
75 60 77
75 65 61
75 68 13
75 71 39
75 72 17
75 73 47
75 77 74
75 79 46
75 80 34
75 83 76
75 84 16
75 87 12
75 88 17
75 89 21
76 4 26
76 5 54
76 14 46
76 15 24
76 18 24
76 19 31
76 20 48
76 22 20
76 28 32
76 30 73
76 31 32
76 37 67
76 39 53
76 41 24
76 42 57
76 48 48
76 49 14
76 50 30
76 51 46
76 54 31
76 58 63
76 60 31
76 65 45
76 66 49
76 69 59
76 70 80
76 71 49
76 73 71
76 74 71
76 79 30
76 81 78
76 83 33
76 87 82
76 89 70
77 4 26
77 12 35
77 15 23
77 20 45
77 21 82
77 28 57
77 30 59
77 35 23
77 38 14
77 39 21
77 40 18
77 42 18
77 43 66
77 44 40
77 47 31
77 49 20
77 51 14
77 54 31
77 56 37
77 58 23
77 62 15
77 64 36
77 70 76
77 71 28
77 73 56
77 75 74
77 80 24
77 87 40
77 88 19
77 89 48
78 3 19
78 7 47
78 8 79
78 9 18
78 10 52
78 11 60
78 15 59
78 20 58
78 21 57
78 23 38
78 24 62
78 30 30
78 32 23
78 34 54
78 35 31
78 37 49
78 41 73
78 43 81
78 45 24
78 56 80
78 64 60
78 69 34
78 70 60
78 73 56
78 81 73
78 82 43
78 83 68
78 t 74
79 5 79
79 7 52
79 10 74
79 11 21
79 15 16
79 16 63
79 20 56
79 22 73
79 24 18
79 25 17
79 28 35
79 33 76
79 34 25
79 35 65
79 37 17
79 39 37
79 41 51
79 49 54
79 52 81
79 54 25
79 55 82
79 60 50
79 61 48
79 62 13
79 63 82
79 67 72
79 69 71
79 72 82
79 75 46
79 76 30
79 80 44
79 83 79
79 84 28
79 85 23
79 86 82
79 89 52
79 t 31
80 3 37
80 5 49
80 11 32
80 16 22
80 18 53
80 19 43
80 22 30
80 24 76
80 25 65
80 29 47
80 31 30
80 36 51
80 38 70
80 39 30
80 42 36
80 43 70
80 44 50
80 47 63
80 48 52
80 52 72
80 53 61
80 60 16
80 61 79
80 62 78
80 63 11
80 68 57
80 70 71
80 71 45
80 72 80
80 75 34
80 77 24
80 79 44
80 82 12
80 86 20
81 1 17
81 2 49
81 3 49
81 8 64
81 12 24
81 13 20
81 18 78
81 23 48
81 30 18
81 34 17
81 37 44
81 38 75
81 40 78
81 42 74
81 46 65
81 53 64
81 57 65
81 61 35
81 64 28
81 65 60
81 66 58
81 68 18
81 69 20
81 70 57
81 71 24
81 73 11
81 76 78
81 78 73
81 83 12
81 85 18
81 86 72
81 87 30
82 1 20
82 4 25
82 7 19
82 10 32
82 12 43
82 18 71
82 25 56
82 28 46
82 29 41
82 31 18
82 33 72
82 36 25
82 37 16
82 39 49
82 42 74
82 43 43
82 45 66
82 50 13
82 56 11
82 61 17
82 65 77
82 66 69
82 67 65
82 68 14
82 71 60
82 72 13
82 73 45
82 78 43
82 80 12
82 85 50
82 88 56
82 89 62
82 t 37
83 4 53
83 11 40
83 13 73
83 16 36
83 17 61
83 24 18
83 26 78
83 27 24
83 29 46
83 30 70
83 36 52
83 37 22
83 39 37
83 43 77
83 46 32
83 47 54
83 48 18
83 49 46
83 54 11
83 56 53
83 59 13
83 60 74
83 66 28
83 67 37
83 71 54
83 75 76
83 76 33
83 78 68
83 79 79
83 81 12
83 85 36
83 86 57
84 9 53
84 10 38
84 11 68
84 12 53
84 13 65
84 16 58
84 23 44
84 24 81
84 31 79
84 32 36
84 35 73
84 36 28
84 38 51
84 39 39
84 40 65
84 41 59
84 42 81
84 44 66
84 45 31
84 49 36
84 50 55
84 51 45
84 54 14
84 57 36
84 62 79
84 63 49
84 68 11
84 75 16
84 79 28
84 85 19
84 86 18
84 t 13
85 1 82
85 4 39
85 5 15
85 7 33
85 14 47
85 19 22
85 23 14
85 28 73
85 30 21
85 32 21
85 37 11
85 38 43
85 40 24
85 43 20
85 45 82
85 47 73
85 48 52
85 51 53
85 55 43
85 57 79
85 58 74
85 60 36
85 63 15
85 65 66
85 66 21
85 73 71
85 79 23
85 81 18
85 82 50
85 83 36
85 84 19
85 86 57
85 88 50
86 4 22
86 5 19
86 8 32
86 13 25
86 16 79
86 21 56
86 22 80
86 35 27
86 36 21
86 37 25
86 40 63
86 41 69
86 43 44
86 44 58
86 49 73
86 54 78
86 56 48
86 58 25
86 59 77
86 60 75
86 62 54
86 67 73
86 72 36
86 73 61
86 79 82
86 80 20
86 81 72
86 83 57
86 84 18
86 85 57
86 87 54
86 88 71
87 1 66
87 2 11
87 7 36
87 9 73
87 10 16
87 11 39
87 16 46
87 17 34
87 18 40
87 19 56
87 21 44
87 24 70
87 26 53
87 27 25
87 31 27
87 34 11
87 35 14
87 39 78
87 40 63
87 43 59
87 44 59
87 45 55
87 48 74
87 53 81
87 54 37
87 56 62
87 59 48
87 60 36
87 61 37
87 68 31
87 72 68
87 75 12
87 76 82
87 77 40
87 81 30
87 86 54
87 89 65
87 t 55
88 5 47
88 6 61
88 9 81
88 13 57
88 17 48
88 20 49
88 25 30
88 27 18
88 30 49
88 31 23
88 34 68
88 35 41
88 40 40
88 41 41
88 44 44
88 49 24
88 53 16
88 59 31
88 60 19
88 63 69
88 64 80
88 68 14
88 73 20
88 74 82
88 75 17
88 77 19
88 82 56
88 85 50
88 86 71
89 1 79
89 8 57
89 9 62
89 11 79
89 18 70
89 19 73
89 22 69
89 23 47
89 27 32
89 31 25
89 35 80
89 43 15
89 44 75
89 48 18
89 50 58
89 51 46
89 53 42
89 54 82
89 55 59
89 56 62
89 62 56
89 63 39
89 64 17
89 70 13
89 72 61
89 75 21
89 76 70
89 77 48
89 79 52
89 82 62
89 87 65
89 t 59
