s 2 50
s 4 13
s 5 90
s 6 80
s 8 81
s 11 90
s 13 32
s 14 18
s 15 57
s 16 73
s 17 116
s 18 50
s 19 92
s 20 79
s 21 68
s 23 51
s 28 12
s 29 54
s 34 105
s 37 64
s 39 59
s 41 41
s 44 15
s 45 101
s 46 40
s 48 23
s 49 28
s 50 77
s 51 81
s 52 77
s 55 91
s 56 83
s 58 32
s 61 22
s 62 98
s 63 24
s 65 115
s 67 81
s 68 83
s 69 61
s 70 49
s 73 48
s 74 50
s 75 94
s 76 108
s 77 86
s 82 97
s 84 41
s t 13
1 4 56
1 5 57
1 9 111
1 12 27
1 13 112
1 15 67
1 16 108
1 20 75
1 23 27
1 25 22
1 27 94
1 30 85
1 35 10
1 39 62
1 41 34
1 48 39
1 49 109
1 50 51
1 52 98
1 54 101
1 56 47
1 58 13
1 62 61
1 63 28
1 66 98
1 68 46
1 75 99
1 76 32
1 77 29
1 79 98
1 81 10
1 82 25
1 84 114
2 3 61
2 8 59
2 13 43
2 14 93
2 15 38
2 17 48
2 18 101
2 22 25
2 24 40
2 26 93
2 27 37
2 28 23
2 33 62
2 36 114
2 40 90
2 41 22
2 42 58
2 44 50
2 45 37
2 51 50
2 52 49
2 53 70
2 54 102
2 56 33
2 57 16
2 60 28
2 62 96
2 63 12
2 68 112
2 83 65
2 t 69
3 2 61
3 4 73
3 6 27
3 17 109
3 24 15
3 25 32
3 27 35
3 28 26
3 29 43
3 34 72
3 35 76
3 36 39
3 39 49
3 43 35
3 44 79
3 45 28
3 46 109
3 51 19
3 52 71
3 55 103
3 57 94
3 61 106
3 66 77
3 67 101
3 70 35
3 71 90
3 73 106
3 77 106
3 78 67
3 82 41
4 1 56
4 3 73
4 6 84
4 10 57
4 12 112
4 15 72
4 17 102
4 18 13
4 19 65
4 23 79
4 25 59
4 26 111
4 28 65
4 30 63
4 31 40
4 33 17
4 34 81
4 36 32
4 37 29
4 46 115
4 47 34
4 53 80
4 61 25
4 64 57
4 65 20
4 70 52
4 71 73
4 76 20
4 77 37
4 80 31
4 t 51
5 1 57
5 6 75
5 8 65
5 9 85
5 10 25
5 11 79
5 12 63
5 15 20
5 16 79
5 19 54
5 20 101
5 21 41
5 23 45
5 24 18
5 27 75
5 28 86
5 29 78
5 30 103
5 35 71
5 38 91
5 42 16
5 46 32
5 53 95
5 56 10
5 57 31
5 58 57
5 59 25
5 61 82
5 62 15
5 64 109
5 68 71
5 73 81
5 79 53
5 81 45
5 t 100
6 3 27
6 4 84
6 5 75
6 9 14
6 11 75
6 18 39
6 20 72
6 23 70
6 25 96
6 26 85
6 27 41
6 28 81
6 36 114
6 37 22
6 41 84
6 43 73
6 45 111
6 47 110
6 48 42
6 49 101
6 51 113
6 53 16
6 55 55
6 58 60
6 62 113
6 68 37
6 69 95
6 71 44
6 72 67
6 74 56
6 75 56
6 79 53
7 9 13
7 10 31
7 11 51
7 12 94
7 14 56
7 15 82
7 18 44
7 21 91
7 22 39
7 23 75
7 29 70
7 31 10
7 33 95
7 34 85
7 36 21
7 42 19
7 43 14
7 44 77
7 46 77
7 52 79
7 56 90
7 57 55
7 60 27
7 66 47
7 68 69
7 69 31
7 70 12
7 72 10
7 74 41
7 76 113
7 77 58
7 78 45
7 79 11
7 83 52
7 t 89
8 2 59
8 5 65
8 9 116
8 12 78
8 15 81
8 16 94
8 17 105
8 21 16
8 29 68
8 32 86
8 33 48
8 34 106
8 35 11
8 38 19
8 40 25
8 43 66
8 44 78
8 48 12
8 51 89
8 54 107
8 58 11
8 59 107
8 61 73
8 62 102
8 64 43
8 68 67
8 70 104
8 72 67
8 74 82
8 75 89
8 77 36
8 79 44
8 80 109
8 82 38
9 1 111
9 5 85
9 6 14
9 7 13
9 8 116
9 13 95
9 14 100
9 15 13
9 17 48
9 18 94
9 19 32
9 27 60
9 28 66
9 36 45
9 40 22
9 41 24
9 42 29
9 48 53
9 51 112
9 55 49
9 58 110
9 62 67
9 63 16
9 67 44
9 68 114
9 72 106
9 73 44
9 75 67
9 79 89
9 80 90
9 81 94
9 84 46
10 4 57
10 5 25
10 7 31
10 12 41
10 13 73
10 14 72
10 15 38
10 16 90
10 17 93
10 18 50
10 19 15
10 25 101
10 26 26
10 28 49
10 29 89
10 31 67
10 33 20
10 34 39
10 35 44
10 36 72
10 38 28
10 39 108
10 41 46
10 43 80
10 48 13
10 49 64
10 53 95
10 54 39
10 55 91
10 57 41
10 61 115
10 62 10
10 63 97
10 64 63
10 65 14
10 67 10
10 68 71
10 75 84
10 77 47
10 79 63
10 81 78
10 82 21
10 t 106
11 5 79
11 6 75
11 7 51
11 12 101
11 19 87
11 20 116
11 26 82
11 27 112
11 28 35
11 29 13
11 30 51
11 32 98
11 36 16
11 37 79
11 41 35
11 43 59
11 44 22
11 45 88
11 46 38
11 51 82
11 54 11
11 56 116
11 57 113
11 58 23
11 60 65
11 64 34
11 66 106
11 69 50
11 70 45
11 75 110
11 79 102
11 t 81
12 1 27
12 4 112
12 5 63
12 7 94
12 8 78
12 10 41
12 11 101
12 14 30
12 17 97
12 18 112
12 21 50
12 25 66
12 28 29
12 29 100
12 31 38
12 32 102
12 36 41
12 41 111
12 43 64
12 44 18
12 47 32
12 55 114
12 56 45
12 57 54
12 59 107
12 60 90
12 61 111
12 62 56
12 63 116
12 71 37
12 72 28
12 76 97
12 77 37
12 79 100
12 84 56
13 1 112
13 2 43
13 9 95
13 10 73
13 17 16
13 18 99
13 22 83
13 29 14
13 30 87
13 36 47
13 44 84
13 45 113
13 49 10
13 52 108
13 58 59
13 60 43
13 61 45
13 64 57
13 67 116
13 69 79
13 70 11
13 72 62
13 73 45
13 79 89
13 82 61
13 84 68
14 2 93
14 7 56
14 9 100
14 10 72
14 12 30
14 15 38
14 22 86
14 23 90
14 25 53
14 26 57
14 28 20
14 35 116
14 39 94
14 40 35
14 43 91
14 44 88
14 48 83
14 49 36
14 50 87
14 52 46
14 54 63
14 55 116
14 56 51
14 61 116
14 62 61
14 65 31
14 72 62
14 76 58
14 82 23
15 1 67
15 2 38
15 4 72
15 5 20
15 7 82
15 8 81
15 9 13
15 10 38
15 14 38
15 16 35
15 18 19
15 22 106
15 24 74
15 25 76
15 26 31
15 27 62
15 28 56
15 32 15
15 33 75
15 34 80
15 35 115
15 37 86
15 38 45
15 39 85
15 41 46
15 44 26
15 46 99
15 50 115
15 52 53
15 53 38
15 54 76
15 57 101
15 61 62
15 62 59
15 68 53
15 71 76
15 72 89
15 73 104
15 75 95
16 1 108
16 5 79
16 8 94
16 10 90
16 15 35
16 17 42
16 18 114
16 19 99
16 20 115
16 21 36
16 22 23
16 24 15
16 31 36
16 35 10
16 36 107
16 37 66
16 38 36
16 40 78
16 47 81
16 48 65
16 49 79
16 54 20
16 56 35
16 61 93
16 66 32
16 68 40
16 69 13
16 72 103
16 75 103
16 78 63
16 79 101
16 80 85
17 2 48
17 3 109
17 4 102
17 8 105
17 9 48
17 10 93
17 12 97
17 13 16
17 16 42
17 18 26
17 20 99
17 22 68
17 23 76
17 25 92
17 26 14
17 27 26
17 30 16
17 31 74
17 35 47
17 38 99
17 39 111
17 40 103
17 42 112
17 43 115
17 44 104
17 46 96
17 47 94
17 48 18
17 52 79
17 53 31
17 58 105
17 60 15
17 63 104
17 65 51
17 69 87
17 70 66
17 72 83
17 75 67
17 76 114
17 77 102
17 78 40
17 81 41
17 t 42
18 2 101
18 4 13
18 6 39
18 7 44
18 9 94
18 10 50
18 12 112
18 13 99
18 15 19
18 16 114
18 17 26
18 19 76
18 21 10
18 25 71
18 30 41
18 31 77
18 34 95
18 35 107
18 38 83
18 42 58
18 43 76
18 45 13
18 47 87
18 48 46
18 56 15
18 58 99
18 60 106
18 65 94
18 66 99
18 67 108
18 68 35
18 72 34
18 74 22
18 75 17
18 79 33
18 81 58
18 83 16
18 t 61
19 4 65
19 5 54
19 9 32
19 10 15
19 11 87
19 16 99
19 18 76
19 20 31
19 21 36
19 22 39
19 23 80
19 24 55
19 26 92
19 27 76
19 28 82
19 30 21
19 33 84
19 34 13
19 41 29
19 42 57
19 47 52
19 49 90
19 50 102
19 52 35
19 56 88
19 62 39
19 64 15
19 65 27
19 68 67
19 74 35
19 75 65
19 79 101
19 80 53
19 81 52
19 83 109
19 t 62
20 1 75
20 5 101
20 6 72
20 11 116
20 16 115
20 17 99
20 19 31
20 21 64
20 24 64
20 26 18
20 27 58
20 31 85
20 35 61
20 37 92
20 38 92
20 42 78
20 44 59
20 45 107
20 46 32
20 47 17
20 48 38
20 51 80
20 53 47
20 54 85
20 55 82
20 57 22
20 65 88
20 68 105
20 71 85
20 73 82
20 74 101
20 78 71
20 79 99
20 84 82
21 5 41
21 7 91
21 8 16
21 12 50
21 16 36
21 18 10
21 19 36
21 20 64
21 22 116
21 26 25
21 31 26
21 32 101
21 33 23
21 38 107
21 39 85
21 42 80
21 43 98
21 54 26
21 55 24
21 56 81
21 57 73
21 58 99
21 60 71
21 61 50
21 62 96
21 64 112
21 67 23
21 69 95
21 70 63
21 72 28
21 77 49
21 78 68
21 81 50
21 83 53
21 t 41
22 2 25
22 7 39
22 13 83
22 14 86
22 15 106
22 16 23
22 17 68
22 19 39
22 21 116
22 25 25
22 28 78
22 30 72
22 33 116
22 36 27
22 38 33
22 39 95
22 40 51
22 45 97
22 46 56
22 51 38
22 55 110
22 57 110
22 61 79
22 65 102
22 67 11
22 68 94
22 72 100
22 73 62
22 75 48
22 78 40
22 83 93
22 84 64
23 1 27
23 4 79
23 5 45
23 6 70
23 7 75
23 14 90
23 17 76
23 19 80
23 24 57
23 26 109
23 27 110
23 28 102
23 30 51
23 32 23
23 33 39
23 34 99
23 35 90
23 40 57
23 42 62
23 46 60
23 49 23
23 51 105
23 57 15
23 59 108
23 62 112
23 63 77
23 65 72
23 71 63
23 72 82
23 73 98
23 75 49
23 79 76
23 81 70
23 83 47
23 84 85
23 t 111
24 2 40
24 3 15
24 5 18
24 15 74
24 16 15
24 19 55
24 20 64
24 23 57
24 26 114
24 28 100
24 29 17
24 30 67
24 31 36
24 32 113
24 34 54
24 35 36
24 37 34
24 38 64
24 39 63
24 45 98
24 50 36
24 51 45
24 52 73
24 57 84
24 60 105
24 61 16
24 62 95
24 63 79
24 64 43
24 65 33
24 67 27
24 73 40
24 74 115
24 75 110
24 76 111
24 79 20
24 82 25
24 84 62
25 1 22
25 3 32
25 4 59
25 6 96
25 10 101
25 12 66
25 14 53
25 15 76
25 17 92
25 18 71
25 22 25
25 26 45
25 30 57
25 33 36
25 39 16
25 40 91
25 42 112
25 44 91
25 45 59
25 46 58
25 49 50
25 51 41
25 54 97
25 55 61
25 56 97
25 61 87
25 62 81
25 63 112
25 64 39
25 68 90
25 69 71
25 72 61
25 73 42
25 74 102
25 75 58
25 78 104
25 79 85
25 80 102
25 81 34
25 83 36
26 2 93
26 4 111
26 6 85
26 10 26
26 11 82
26 14 57
26 15 31
26 17 14
26 19 92
26 20 18
26 21 25
26 23 109
26 24 114
26 25 45
26 27 114
26 28 95
26 30 38
26 32 72
26 33 72
26 35 54
26 37 97
26 39 100
26 45 106
26 46 99
26 54 89
26 55 21
26 56 60
26 57 55
26 60 56
26 62 43
26 64 30
26 71 115
26 73 10
26 74 107
26 77 76
26 80 44
26 81 95
26 83 79
27 1 94
27 2 37
27 3 35
27 5 75
27 6 41
27 9 60
27 11 112
27 15 62
27 17 26
27 19 76
27 20 58
27 23 110
27 26 114
27 30 101
27 31 74
27 33 116
27 38 55
27 44 46
27 48 25
27 53 55
27 55 22
27 56 38
27 57 44
27 61 91
27 62 34
27 63 33
27 65 74
27 69 80
27 71 98
27 74 42
27 78 10
27 t 22
28 2 23
28 3 26
28 4 65
28 5 86
28 6 81
28 9 66
28 10 49
28 11 35
28 12 29
28 14 20
28 15 56
28 19 82
28 22 78
28 23 102
28 24 100
28 26 95
28 33 24
28 34 70
28 39 35
28 43 51
28 44 94
28 46 115
28 50 56
28 55 85
28 56 89
28 59 43
28 63 46
28 65 55
28 67 63
28 69 107
28 70 80
28 73 43
28 74 86
28 75 113
28 76 93
28 77 49
28 78 56
28 81 109
28 82 100
28 83 106
28 84 109
28 t 90
29 3 43
29 5 78
29 7 70
29 8 68
29 10 89
29 11 13
29 12 100
29 13 14
29 24 17
29 30 47
29 31 19
29 36 28
29 38 88
29 45 112
29 47 90
29 48 29
29 49 41
29 52 55
29 57 107
29 60 29
29 61 93
29 65 27
29 68 80
29 69 38
29 71 49
29 79 77
29 t 41
30 1 85
30 4 63
30 5 103
30 11 51
30 13 87
30 17 16
30 18 41
30 19 21
30 22 72
30 23 51
30 24 67
30 25 57
30 26 38
30 27 101
30 29 47
30 36 99
30 39 52
30 40 39
30 41 83
30 42 66
30 44 89
30 47 91
30 49 68
30 52 85
30 54 50
30 55 100
30 59 115
30 60 115
30 61 58
30 64 36
30 67 100
30 69 32
30 70 28
30 73 105
30 75 34
30 76 112
30 77 73
30 79 59
30 83 69
30 84 16
31 4 40
31 7 10
31 10 67
31 12 38
31 16 36
31 17 74
31 18 77
31 20 85
31 21 26
31 24 36
31 27 74
31 29 19
31 33 98
31 34 44
31 35 104
31 46 72
31 47 102
31 48 24
31 54 29
31 58 44
31 59 21
31 61 102
31 62 87
31 63 97
31 67 19
31 68 57
31 74 93
31 75 104
31 76 113
32 8 86
32 11 98
32 12 102
32 15 15
32 21 101
32 23 23
32 24 113
32 26 72
32 33 38
32 34 18
32 37 85
32 39 54
32 43 77
32 45 85
32 50 39
32 56 66
32 57 23
32 58 59
32 59 49
32 60 57
32 62 40
32 65 59
32 66 104
32 71 68
32 73 108
32 74 58
32 77 19
32 78 113
32 79 79
32 80 108
33 2 62
33 4 17
33 7 95
33 8 48
33 10 20
33 15 75
33 19 84
33 21 23
33 22 116
33 23 39
33 25 36
33 26 72
33 27 116
33 28 24
33 31 98
33 32 38
33 34 47
33 39 97
33 42 33
33 44 103
33 45 100
33 54 17
33 55 54
33 59 48
33 60 79
33 66 84
33 67 111
33 70 90
33 71 22
33 72 95
33 73 87
33 75 93
33 76 113
33 79 57
33 84 14
34 3 72
34 4 81
34 7 85
34 8 106
34 10 39
34 15 80
34 18 95
34 19 13
34 23 99
34 24 54
34 28 70
34 31 44
34 32 18
34 33 47
34 36 34
34 37 39
34 38 31
34 42 29
34 43 36
34 44 80
34 45 21
34 48 65
34 50 17
34 56 95
34 57 77
34 64 104
34 65 88
34 67 65
34 71 50
34 75 54
34 t 48
35 1 10
35 3 76
35 5 71
35 8 11
35 10 44
35 14 116
35 15 115
35 16 10
35 17 47
35 18 107
35 20 61
35 23 90
35 24 36
35 26 54
35 31 104
35 41 10
35 44 78
35 45 19
35 51 13
35 52 37
35 55 83
35 59 61
35 60 109
35 64 96
35 68 108
35 73 34
35 74 11
35 76 57
35 77 114
35 81 110
35 84 92
36 2 114
36 3 39
36 4 32
36 6 114
36 7 21
36 9 45
36 10 72
36 11 16
36 12 41
36 13 47
36 16 107
36 22 27
36 29 28
36 30 99
36 34 34
36 40 108
36 43 27
36 44 73
36 46 90
36 47 104
36 49 51
36 50 114
36 52 107
36 53 30
36 54 97
36 56 61
36 61 17
36 62 13
36 65 87
36 66 46
36 72 61
36 75 52
36 79 20
36 80 68
36 81 78
37 4 29
37 6 22
37 11 79
37 15 86
37 16 66
37 20 92
37 24 34
37 26 97
37 32 85
37 34 39
37 41 71
37 47 60
37 51 32
37 52 48
37 56 79
37 58 67
37 59 52
37 60 29
37 63 111
37 64 106
37 65 30
37 66 39
37 68 86
37 69 75
37 70 100
37 72 79
37 74 108
37 77 86
37 78 29
37 82 24
37 83 81
37 t 94
38 5 91
38 8 19
38 10 28
38 15 45
38 16 36
38 17 99
38 18 83
38 20 92
38 21 107
38 22 33
38 24 64
38 27 55
38 29 88
38 34 31
38 39 17
38 40 96
38 43 95
38 44 107
38 45 52
38 46 16
38 47 37
38 53 61
38 55 97
38 56 100
38 59 22
38 61 23
38 65 50
38 67 65
38 68 50
38 71 116
38 72 37
38 76 64
38 80 72
38 81 40
39 1 62
39 3 49
39 10 108
39 14 94
39 15 85
39 17 111
39 21 85
39 22 95
39 24 63
39 25 16
39 26 100
39 28 35
39 30 52
39 32 54
39 33 97
39 38 17
39 40 42
39 42 34
39 45 20
39 47 18
39 49 112
39 51 106
39 53 83
39 58 67
39 62 80
39 63 101
39 64 28
39 67 25
39 69 34
39 70 24
39 76 88
39 78 15
39 79 21
39 80 48
39 84 54
40 2 90
40 8 25
40 9 22
40 14 35
40 16 78
40 17 103
40 22 51
40 23 57
40 25 91
40 30 39
40 36 108
40 38 96
40 39 42
40 42 25
40 43 33
40 48 56
40 50 109
40 54 41
40 55 71
40 57 46
40 60 19
40 64 110
40 71 29
40 75 56
40 78 57
40 81 26
40 82 35
41 1 34
41 2 22
41 6 84
41 9 24
41 10 46
41 11 35
41 12 111
41 15 46
41 19 29
41 30 83
41 35 10
41 37 71
41 45 91
41 46 83
41 49 102
41 52 99
41 55 31
41 63 88
41 69 68
41 71 44
41 76 62
41 77 21
41 79 113
41 80 10
41 81 42
41 82 64
42 2 58
42 5 16
42 7 19
42 9 29
42 17 112
42 18 58
42 19 57
42 20 78
42 21 80
42 23 62
42 25 112
42 30 66
42 33 33
42 34 29
42 39 34
42 40 25
42 43 98
42 47 89
42 48 27
42 49 27
42 51 54
42 52 34
42 53 87
42 55 47
42 56 60
42 60 68
42 65 47
42 66 19
42 68 22
42 69 44
42 71 109
42 72 33
42 73 60
42 75 107
42 78 28
42 80 102
43 3 35
43 6 73
43 7 14
43 8 66
43 10 80
43 11 59
43 12 64
43 14 91
43 17 115
43 18 76
43 21 98
43 28 51
43 32 77
43 34 36
43 36 27
43 38 95
43 40 33
43 42 98
43 45 100
43 46 23
43 47 55
43 50 90
43 55 35
43 58 104
43 59 85
43 61 42
43 63 26
43 65 100
43 68 94
43 70 60
43 77 42
43 79 38
43 81 36
43 84 44
44 2 50
44 3 79
44 7 77
44 8 78
44 11 22
44 12 18
44 13 84
44 14 88
44 15 26
44 17 104
44 20 59
44 25 91
44 27 46
44 28 94
44 30 89
44 33 103
44 34 80
44 35 78
44 36 73
44 38 107
44 48 39
44 49 113
44 51 46
44 55 109
44 56 18
44 57 105
44 61 24
44 62 29
44 63 63
44 64 106
44 65 104
44 68 59
44 71 32
44 73 82
44 74 77
44 76 41
44 78 67
44 80 54
44 81 93
44 84 82
44 t 95
45 2 37
45 3 28
45 6 111
45 11 88
45 13 113
45 18 13
45 20 107
45 22 97
45 24 98
45 25 59
45 26 106
45 29 112
45 32 85
45 33 100
45 34 21
45 35 19
45 38 52
45 39 20
45 41 91
45 43 100
45 46 38
45 47 96
45 52 99
45 53 62
45 54 24
45 56 81
45 57 89
45 58 75
45 59 80
45 61 89
45 62 31
45 65 42
45 68 29
45 72 17
45 78 95
45 81 30
45 t 79
46 3 109
46 4 115
46 5 32
46 7 77
46 11 38
46 15 99
46 17 96
46 20 32
46 22 56
46 23 60
46 25 58
46 26 99
46 28 115
46 31 72
46 36 90
46 38 16
46 41 83
46 43 23
46 45 38
46 47 85
46 49 16
46 51 15
46 52 15
46 53 53
46 54 76
46 56 79
46 57 50
46 58 56
46 60 22
46 64 87
46 67 38
46 70 83
46 71 110
46 76 39
46 78 14
46 80 16
46 81 67
46 84 87
46 t 39
47 4 34
47 6 110
47 12 32
47 16 81
47 17 94
47 18 87
47 19 52
47 20 17
47 29 90
47 30 91
47 31 102
47 36 104
47 37 60
47 38 37
47 39 18
47 42 89
47 43 55
47 45 96
47 46 85
47 49 82
47 52 34
47 55 115
47 58 104
47 59 26
47 61 88
47 62 22
47 64 78
47 65 34
47 69 62
47 72 93
47 74 22
47 75 10
47 76 68
47 t 98
48 1 39
48 6 42
48 8 12
48 9 53
48 10 13
48 14 83
48 16 65
48 17 18
48 18 46
48 20 38
48 27 25
48 29 29
48 31 24
48 34 65
48 40 56
48 42 27
48 44 39
48 49 61
48 50 113
48 52 45
48 57 34
48 58 92
48 65 45
48 68 58
48 70 24
48 72 91
48 73 70
48 74 111
48 76 27
48 80 66
48 81 79
49 1 109
49 6 101
49 10 64
49 13 10
49 14 36
49 16 79
49 19 90
49 23 23
49 25 50
49 29 41
49 30 68
49 36 51
49 39 112
49 41 102
49 42 27
49 44 113
49 46 16
49 47 82
49 48 61
49 50 112
49 52 15
49 57 83
49 61 32
49 64 10
49 68 31
49 69 26
49 70 105
49 73 41
49 74 20
49 75 64
49 77 52
49 78 99
49 79 71
49 83 64
49 84 50
50 1 51
50 14 87
50 15 115
50 19 102
50 24 36
50 28 56
50 32 39
50 34 17
50 36 114
50 40 109
50 43 90
50 48 113
50 49 112
50 51 112
50 55 113
50 60 103
50 61 95
50 62 12
50 63 47
50 67 87
50 68 16
50 69 34
50 70 22
50 72 84
50 76 67
50 77 77
50 78 18
50 82 89
50 84 32
51 2 50
51 3 19
51 6 113
51 8 89
51 9 112
51 11 82
51 20 80
51 22 38
51 23 105
51 24 45
51 25 41
51 35 13
51 37 32
51 39 106
51 42 54
51 44 46
51 46 15
51 50 112
51 58 51
51 60 20
51 64 91
51 65 81
51 70 49
51 72 92
51 73 15
51 74 38
51 75 94
51 76 102
51 79 115
51 82 37
51 83 70
51 84 78
52 1 98
52 2 49
52 3 71
52 7 79
52 13 108
52 14 46
52 15 53
52 17 79
52 19 35
52 24 73
52 29 55
52 30 85
52 35 37
52 36 107
52 37 48
52 41 99
52 42 34
52 45 99
52 46 15
52 47 34
52 48 45
52 49 15
52 53 50
52 59 110
52 62 60
52 63 83
52 67 48
52 69 16
52 71 54
52 73 73
52 76 71
52 80 29
52 82 79
53 2 70
53 4 80
53 5 95
53 6 16
53 10 95
53 15 38
53 17 31
53 20 47
53 27 55
53 36 30
53 38 61
53 39 83
53 42 87
53 45 62
53 46 53
53 52 50
53 54 34
53 56 60
53 58 58
53 60 103
53 65 52
53 66 90
53 68 115
53 71 73
53 75 47
53 76 30
53 79 72
53 80 104
53 83 111
54 1 101
54 2 102
54 8 107
54 10 39
54 11 11
54 14 63
54 15 76
54 16 20
54 20 85
54 21 26
54 25 97
54 26 89
54 30 50
54 31 29
54 33 17
54 36 97
54 40 41
54 45 24
54 46 76
54 53 34
54 56 71
54 60 91
54 67 109
54 72 52
54 74 105
54 77 11
54 79 68
54 80 83
54 84 51
55 3 103
55 6 55
55 9 49
55 10 91
55 12 114
55 14 116
55 20 82
55 21 24
55 22 110
55 25 61
55 26 21
55 27 22
55 28 85
55 30 100
55 33 54
55 35 83
55 38 97
55 40 71
55 41 31
55 42 47
55 43 35
55 44 109
55 47 115
55 50 113
55 56 42
55 59 96
55 60 39
55 63 55
55 65 55
55 66 59
55 69 87
55 74 68
55 77 102
55 79 107
55 80 35
55 82 84
55 83 52
55 84 73
56 1 47
56 2 33
56 5 10
56 7 90
56 11 116
56 12 45
56 14 51
56 16 35
56 18 15
56 19 88
56 21 81
56 25 97
56 26 60
56 27 38
56 28 89
56 32 66
56 34 95
56 36 61
56 37 79
56 38 100
56 42 60
56 44 18
56 45 81
56 46 79
56 53 60
56 54 71
56 55 42
56 60 89
56 66 58
56 67 83
56 71 49
56 74 82
56 75 112
56 78 107
56 81 49
56 83 82
57 2 16
57 3 94
57 5 31
57 7 55
57 10 41
57 11 113
57 12 54
57 15 101
57 20 22
57 21 73
57 22 110
57 23 15
57 24 84
57 26 55
57 27 44
57 29 107
57 32 23
57 34 77
57 40 46
57 44 105
57 45 89
57 46 50
57 48 34
57 49 83
57 61 69
57 62 58
57 63 109
57 64 103
57 65 98
57 69 67
57 70 41
57 73 15
57 78 51
57 80 114
57 84 100
58 1 13
58 5 57
58 6 60
58 8 11
58 9 110
58 11 23
58 13 59
58 17 105
58 18 99
58 21 99
58 31 44
58 32 59
58 37 67
58 39 67
58 43 104
58 45 75
58 46 56
58 47 104
58 48 92
58 51 51
58 53 58
58 59 114
58 63 52
58 66 32
58 67 45
58 68 40
58 69 15
58 72 68
58 73 32
58 74 88
58 76 79
58 78 30
58 82 78
58 83 67
59 5 25
59 8 107
59 12 107
59 23 108
59 28 43
59 30 115
59 31 21
59 32 49
59 33 48
59 35 61
59 37 52
59 38 22
59 43 85
59 45 80
59 47 26
59 52 110
59 55 96
59 58 114
59 60 99
59 61 90
59 67 36
59 73 79
59 81 79
59 82 101
59 83 55
59 84 115
60 2 28
60 7 27
60 11 65
60 12 90
60 13 43
60 17 15
60 18 106
60 21 71
60 24 105
60 26 56
60 29 29
60 30 115
60 32 57
60 33 79
60 35 109
60 37 29
60 40 19
60 42 68
60 46 22
60 50 103
60 51 20
60 53 103
60 54 91
60 55 39
60 56 89
60 59 99
60 64 57
60 65 111
60 66 34
60 70 10
60 71 85
60 74 104
60 76 24
60 78 56
60 80 31
60 81 57
60 83 10
60 t 44
61 3 106
61 4 25
61 5 82
61 8 73
61 10 115
61 12 111
61 13 45
61 14 116
61 15 62
61 16 93
61 21 50
61 22 79
61 24 16
61 25 87
61 27 91
61 29 93
61 30 58
61 31 102
61 36 17
61 38 23
61 43 42
61 44 24
61 45 89
61 47 88
61 49 32
61 50 95
61 57 69
61 59 90
61 62 76
61 65 45
61 67 99
61 69 115
61 70 109
61 73 35
61 77 96
61 80 83
61 82 61
61 83 90
61 84 45
61 t 60
62 1 61
62 2 96
62 5 15
62 6 113
62 8 102
62 9 67
62 10 10
62 12 56
62 14 61
62 15 59
62 19 39
62 21 96
62 23 112
62 24 95
62 25 81
62 26 43
62 27 34
62 31 87
62 32 40
62 36 13
62 39 80
62 44 29
62 45 31
62 47 22
62 50 12
62 52 60
62 57 58
62 61 76
62 65 53
62 66 39
62 67 91
62 68 33
62 73 95
62 74 60
62 81 25
62 t 12
63 1 28
63 2 12
63 9 16
63 10 97
63 12 116
63 17 104
63 23 77
63 24 79
63 25 112
63 27 33
63 28 46
63 31 97
63 37 111
63 39 101
63 41 88
63 43 26
63 44 63
63 50 47
63 52 83
63 55 55
63 57 109
63 58 52
63 64 58
63 67 63
63 68 99
63 73 63
63 75 10
63 76 88
63 77 97
63 80 89
63 81 102
63 t 71
64 4 57
64 5 109
64 8 43
64 10 63
64 11 34
64 13 57
64 19 15
64 21 112
64 24 43
64 25 39
64 26 30
64 30 36
64 34 104
64 35 96
64 37 106
64 39 28
64 40 110
64 44 106
64 46 87
64 47 78
64 49 10
64 51 91
64 57 103
64 60 57
64 63 58
64 66 59
64 67 16
64 70 82
64 73 55
64 75 61
64 77 30
64 78 96
64 82 100
64 83 76
64 84 70
65 4 20
65 10 14
65 14 31
65 17 51
65 18 94
65 19 27
65 20 88
65 22 102
65 23 72
65 24 33
65 27 74
65 28 55
65 29 27
65 32 59
65 34 88
65 36 87
65 37 30
65 38 50
65 42 47
65 43 100
65 44 104
65 45 42
65 47 34
65 48 45
65 51 81
65 53 52
65 55 55
65 57 98
65 60 111
65 61 45
65 62 53
65 73 72
65 80 38
66 1 98
66 3 77
66 7 47
66 11 106
66 16 32
66 18 99
66 32 104
66 33 84
66 36 46
66 37 39
66 42 19
66 53 90
66 55 59
66 56 58
66 58 32
66 60 34
66 62 39
66 64 59
66 68 16
66 75 65
66 76 113
66 78 70
66 83 108
66 t 17
67 3 101
67 9 44
67 10 10
67 13 116
67 18 108
67 21 23
67 22 11
67 24 27
67 28 63
67 30 100
67 31 19
67 33 111
67 34 65
67 38 65
67 39 25
67 46 38
67 50 87
67 52 48
67 54 109
67 56 83
67 58 45
67 59 36
67 61 99
67 62 91
67 63 63
67 64 16
67 68 22
67 71 94
67 73 68
67 75 96
67 77 17
67 84 80
68 1 46
68 2 112
68 5 71
68 6 37
68 7 69
68 8 67
68 9 114
68 10 71
68 15 53
68 16 40
68 18 35
68 19 67
68 20 105
68 22 94
68 25 90
68 29 80
68 31 57
68 35 108
68 37 86
68 38 50
68 42 22
68 43 94
68 44 59
68 45 29
68 48 58
68 49 31
68 50 16
68 53 115
68 58 40
68 62 33
68 63 99
68 66 16
68 67 22
68 69 40
68 72 100
68 73 94
68 77 55
68 80 28
68 81 115
68 82 34
68 83 79
68 84 23
69 6 95
69 7 31
69 11 50
69 13 79
69 16 13
69 17 87
69 21 95
69 25 71
69 27 80
69 28 107
69 29 38
69 30 32
69 37 75
69 39 34
69 41 68
69 42 44
69 47 62
69 49 26
69 50 34
69 52 16
69 55 87
69 57 67
69 58 15
69 61 115
69 68 40
69 76 114
69 77 85
69 79 16
69 80 32
69 81 103
69 84 84
69 t 30
70 3 35
70 4 52
70 7 12
70 8 104
70 11 45
70 13 11
70 17 66
70 21 63
70 28 80
70 30 28
70 33 90
70 37 100
70 39 24
70 43 60
70 46 83
70 48 24
70 49 105
70 50 22
70 51 49
70 57 41
70 60 10
70 61 109
70 64 82
70 74 22
70 78 48
70 79 78
70 84 20
71 3 90
71 4 73
71 6 44
71 12 37
71 15 76
71 20 85
71 23 63
71 26 115
71 27 98
71 29 49
71 32 68
71 33 22
71 34 50
71 38 116
71 40 29
71 41 44
71 42 109
71 44 32
71 46 110
71 52 54
71 53 73
71 56 49
71 60 85
71 67 94
71 74 20
71 76 78
71 77 15
71 79 105
71 81 31
71 83 111
71 84 23
72 6 67
72 7 10
72 8 67
72 9 106
72 12 28
72 13 62
72 14 62
72 15 89
72 16 103
72 17 83
72 18 34
72 21 28
72 22 100
72 23 82
72 25 61
72 33 95
72 36 61
72 37 79
72 38 37
72 42 33
72 45 17
72 47 93
72 48 91
72 50 84
72 51 92
72 54 52
72 58 68
72 68 100
72 77 82
72 78 44
72 79 34
72 82 23
72 83 67
73 3 106
73 5 81
73 9 44
73 13 45
73 15 104
73 20 82
73 22 62
73 23 98
73 24 40
73 25 42
73 26 10
73 28 43
73 30 105
73 32 108
73 33 87
73 35 34
73 42 60
73 44 82
73 48 70
73 49 41
73 51 15
73 52 73
73 57 15
73 58 32
73 59 79
73 61 35
73 62 95
73 63 63
73 64 55
73 65 72
73 67 68
73 68 94
73 74 28
73 75 65
73 76 89
73 79 99
73 81 33
73 83 73
73 84 33
73 t 80
74 6 56
74 7 41
74 8 82
74 18 22
74 19 35
74 20 101
74 24 115
74 25 102
74 26 107
74 27 42
74 28 86
74 31 93
74 32 58
74 35 11
74 37 108
74 44 77
74 47 22
74 48 111
74 49 20
74 51 38
74 54 105
74 55 68
74 56 82
74 58 88
74 60 104
74 62 60
74 70 22
74 71 20
74 73 28
74 75 78
74 76 13
74 79 76
74 82 11
74 84 85
74 t 101
75 1 99
75 6 56
75 8 89
75 9 67
75 10 84
75 11 110
75 15 95
75 16 103
75 17 67
75 18 17
75 19 65
75 22 48
75 23 49
75 24 110
75 25 58
75 28 113
75 30 34
75 31 104
75 33 93
75 34 54
75 36 52
75 40 56
75 42 107
75 47 10
75 49 64
75 51 94
75 53 47
75 56 112
75 63 10
75 64 61
75 66 65
75 67 96
75 73 65
75 74 78
75 77 20
75 82 11
75 84 77
76 1 32
76 4 20
76 7 113
76 12 97
76 14 58
76 17 114
76 24 111
76 28 93
76 30 112
76 31 113
76 33 113
76 35 57
76 38 64
76 39 88
76 41 62
76 44 41
76 46 39
76 47 68
76 48 27
76 50 67
76 51 102
76 52 71
76 53 30
76 58 79
76 60 24
76 63 88
76 66 113
76 69 114
76 71 78
76 73 89
76 74 13
76 79 100
76 82 63
77 1 29
77 3 106
77 4 37
77 7 58
77 8 36
77 10 47
77 12 37
77 17 102
77 21 49
77 26 76
77 28 49
77 30 73
77 32 19
77 35 114
77 37 86
77 41 21
77 43 42
77 49 52
77 50 77
77 54 11
77 55 102
77 61 96
77 63 97
77 64 30
77 67 17
77 68 55
77 69 85
77 71 15
77 72 82
77 75 20
77 79 70
78 3 67
78 7 45
78 16 63
78 17 40
78 20 71
78 21 68
78 22 40
78 25 104
78 27 10
78 28 56
78 32 113
78 37 29
78 39 15
78 40 57
78 42 28
78 44 67
78 45 95
78 46 14
78 49 99
78 50 18
78 56 107
78 57 51
78 58 30
78 60 56
78 64 96
78 66 70
78 70 48
78 72 44
78 79 69
79 1 98
79 5 53
79 6 53
79 7 11
79 8 44
79 9 89
79 10 63
79 11 102
79 12 100
79 13 89
79 16 101
79 18 33
79 19 101
79 20 99
79 23 76
79 24 20
79 25 85
79 29 77
79 30 59
79 32 79
79 33 57
79 36 20
79 39 21
79 41 113
79 43 38
79 49 71
79 51 115
79 53 72
79 54 68
79 55 107
79 69 16
79 70 78
79 71 105
79 72 34
79 73 99
79 74 76
79 76 100
79 77 70
79 78 69
79 81 29
79 84 73
80 4 31
80 8 109
80 9 90
80 16 85
80 19 53
80 25 102
80 26 44
80 32 108
80 36 68
80 38 72
80 39 48
80 41 10
80 42 102
80 44 54
80 46 16
80 48 66
80 52 29
80 53 104
80 54 83
80 55 35
80 57 114
80 60 31
80 61 83
80 63 89
80 65 38
80 68 28
80 69 32
81 1 10
81 5 45
81 9 94
81 10 78
81 17 41
81 18 58
81 19 52
81 21 50
81 23 70
81 25 34
81 26 95
81 28 109
81 35 110
81 36 78
81 38 40
81 40 26
81 41 42
81 43 36
81 44 93
81 45 30
81 46 67
81 48 79
81 56 49
81 59 79
81 60 57
81 62 25
81 63 102
81 68 115
81 69 103
81 71 31
81 73 33
81 79 29
81 82 10
82 1 25
82 3 41
82 8 38
82 10 21
82 13 61
82 14 23
82 24 25
82 28 100
82 37 24
82 40 35
82 41 64
82 50 89
82 51 37
82 52 79
82 55 84
82 58 78
82 59 101
82 61 61
82 64 100
82 68 34
82 72 23
82 74 11
82 75 11
82 76 63
82 81 10
82 83 23
82 t 10
83 2 65
83 7 52
83 18 16
83 19 109
83 21 53
83 22 93
83 23 47
83 25 36
83 26 79
83 28 106
83 30 69
83 37 81
83 49 64
83 51 70
83 53 111
83 55 52
83 56 82
83 58 67
83 59 55
83 60 10
83 61 90
83 64 76
83 66 108
83 68 79
83 71 111
83 72 67
83 73 73
83 82 23
83 t 61
84 1 114
84 9 46
84 12 56
84 13 68
84 20 82
84 22 64
84 23 85
84 24 62
84 28 109
84 30 16
84 33 14
84 35 92
84 39 54
84 43 44
84 44 82
84 46 87
84 49 50
84 50 32
84 51 78
84 54 51
84 55 73
84 57 100
84 59 115
84 61 45
84 64 70
84 67 80
84 68 23
84 69 84
84 70 20
84 71 23
84 73 33
84 74 85
84 75 77
84 79 73
