s 1 68
s 7 89
s 8 40
s 9 160
s 11 34
s 15 21
s 18 159
s 22 88
s 26 110
s 27 126
s 28 137
s 33 175
s 34 17
s 35 61
s 36 121
s 44 51
s 51 150
s 56 101
s 58 134
s 61 61
s 62 182
s 63 172
s 66 79
s 68 39
s 69 88
s 71 161
s 72 87
s 82 132
s 84 106
s 87 159
s 88 43
s 89 75
s 93 22
s 97 49
s 100 33
s 101 114
s 103 150
s t 94
1 3 121
1 4 140
1 5 133
1 6 87
1 14 35
1 15 89
1 18 83
1 19 173
1 23 135
1 24 122
1 26 110
1 31 92
1 33 114
1 35 129
1 36 18
1 37 74
1 38 167
1 39 140
1 41 88
1 44 70
1 46 69
1 47 81
1 48 82
1 51 142
1 53 56
1 54 76
1 56 145
1 57 65
1 58 28
1 61 31
1 65 78
1 68 163
1 73 154
1 76 90
1 77 126
1 78 129
1 80 50
1 83 81
1 84 143
1 85 92
1 86 104
1 91 17
1 93 133
1 94 142
1 96 142
1 98 35
1 100 80
1 101 48
1 104 37
2 3 125
2 4 126
2 6 132
2 11 155
2 13 151
2 14 107
2 16 108
2 17 24
2 18 19
2 20 162
2 21 156
2 22 141
2 24 39
2 25 35
2 28 96
2 29 21
2 31 77
2 32 59
2 33 57
2 34 62
2 36 179
2 37 74
2 42 161
2 43 113
2 44 23
2 48 152
2 50 169
2 52 61
2 54 112
2 55 130
2 56 75
2 57 122
2 59 41
2 60 46
2 61 88
2 64 84
2 67 49
2 69 112
2 71 72
2 75 42
2 77 164
2 78 79
2 79 67
2 81 169
2 82 56
2 83 100
2 86 112
2 90 96
2 91 20
2 93 162
2 95 44
2 96 33
2 100 163
2 101 149
2 102 35
2 t 35
3 1 121
3 2 125
3 6 126
3 9 140
3 14 145
3 16 30
3 23 171
3 27 65
3 29 160
3 31 45
3 32 177
3 34 95
3 35 78
3 36 66
3 38 53
3 42 161
3 44 181
3 45 50
3 46 104
3 49 66
3 51 148
3 54 55
3 55 46
3 56 103
3 60 78
3 61 146
3 62 129
3 64 118
3 67 156
3 68 33
3 69 154
3 71 72
3 72 178
3 73 116
3 75 97
3 77 172
3 80 19
3 82 161
3 83 147
3 84 161
3 85 133
3 91 56
3 92 138
3 93 85
3 94 157
3 95 123
3 98 73
3 99 138
3 102 154
3 104 173
4 1 140
4 2 126
4 8 175
4 9 165
4 12 33
4 13 142
4 15 137
4 17 160
4 18 126
4 23 61
4 24 167
4 31 150
4 32 66
4 34 180
4 36 180
4 40 101
4 41 60
4 43 76
4 45 72
4 49 57
4 50 36
4 52 86
4 53 182
4 55 72
4 56 29
4 58 24
4 60 100
4 63 100
4 64 135
4 66 153
4 67 94
4 68 138
4 70 55
4 71 66
4 72 172
4 76 155
4 77 130
4 80 181
4 81 164
4 82 99
4 84 155
4 85 48
4 86 57
4 91 98
4 93 98
4 94 179
4 95 63
4 98 40
4 100 83
4 101 121
4 102 174
4 103 108
4 104 171
4 t 140
5 1 133
5 6 168
5 12 143
5 13 168
5 14 46
5 16 115
5 20 178
5 23 31
5 24 75
5 25 119
5 26 165
5 27 134
5 28 101
5 32 66
5 33 20
5 35 182
5 36 55
5 41 113
5 42 57
5 43 43
5 44 35
5 45 176
5 48 19
5 49 69
5 50 132
5 53 21
5 54 25
5 55 29
5 56 182
5 57 118
5 58 58
5 64 171
5 66 86
5 67 87
5 68 66
5 73 50
5 74 44
5 75 102
5 77 122
5 78 72
5 81 181
5 82 167
5 85 100
5 87 57
5 88 133
5 90 144
5 91 119
5 95 54
5 96 63
5 97 168
5 99 28
5 100 42
5 103 45
5 104 134
6 1 87
6 2 132
6 3 126
6 5 168
6 8 107
6 9 144
6 10 86
6 16 120
6 17 145
6 19 175
6 20 129
6 21 65
6 22 108
6 23 151
6 30 69
6 35 88
6 37 91
6 41 80
6 42 72
6 43 174
6 46 176
6 47 157
6 48 179
6 50 150
6 51 111
6 52 166
6 53 43
6 54 126
6 56 157
6 58 102
6 59 78
6 60 139
6 61 159
6 62 61
6 63 122
6 64 171
6 66 17
6 67 158
6 68 134
6 69 96
6 71 145
6 73 146
6 76 95
6 77 62
6 78 87
6 79 170
6 81 65
6 82 105
6 84 17
6 85 174
6 89 66
6 95 144
6 96 113
6 99 114
6 102 163
6 104 61
7 8 23
7 13 33
7 15 152
7 16 142
7 17 168
7 19 137
7 21 175
7 27 113
7 30 121
7 31 85
7 32 55
7 34 182
7 37 68
7 38 154
7 40 162
7 42 55
7 45 123
7 53 116
7 57 158
7 58 131
7 59 171
7 60 107
7 63 61
7 64 104
7 65 139
7 66 19
7 67 58
7 68 133
7 71 91
7 72 34
7 75 29
7 77 141
7 79 135
7 81 67
7 82 119
7 87 17
7 91 37
7 93 155
7 95 160
7 96 160
7 99 84
7 100 40
7 101 146
7 102 99
7 103 51
7 104 70
7 t 57
8 4 175
8 6 107
8 7 23
8 9 159
8 12 34
8 15 17
8 16 44
8 17 120
8 20 81
8 21 161
8 22 57
8 24 155
8 26 158
8 28 66
8 30 26
8 31 142
8 36 172
8 37 84
8 39 49
8 40 25
8 42 177
8 46 89
8 50 59
8 53 102
8 55 39
8 58 57
8 60 43
8 61 176
8 62 118
8 63 114
8 65 149
8 66 164
8 70 137
8 72 148
8 73 80
8 75 162
8 77 21
8 80 118
8 82 144
8 83 18
8 86 63
8 89 74
8 93 31
8 95 18
8 96 90
8 98 134
8 101 106
8 102 166
8 t 83
9 3 140
9 4 165
9 6 144
9 8 159
9 10 139
9 14 65
9 15 110
9 19 179
9 22 67
9 23 175
9 25 89
9 26 92
9 27 124
9 28 115
9 29 81
9 32 145
9 33 67
9 34 144
9 36 142
9 37 57
9 39 110
9 40 146
9 45 84
9 46 141
9 49 140
9 51 91
9 52 51
9 53 30
9 54 66
9 55 19
9 60 180
9 61 82
9 62 82
9 65 40
9 66 76
9 67 135
9 68 80
9 71 84
9 72 115
9 73 57
9 75 40
9 78 82
9 80 152
9 81 86
9 83 163
9 87 81
9 89 123
9 91 33
9 95 126
9 97 114
9 100 51
9 101 40
9 102 99
9 104 23
10 6 86
10 9 139
10 16 96
10 20 45
10 28 22
10 30 122
10 32 127
10 35 101
10 39 159
10 43 78
10 45 50
10 46 136
10 47 120
10 50 138
10 56 97
10 57 163
10 59 108
10 60 88
10 62 156
10 65 18
10 66 44
10 67 30
10 69 144
10 71 33
10 72 157
10 73 46
10 74 122
10 76 175
10 78 116
10 79 175
10 80 67
10 83 48
10 90 26
10 92 70
10 93 27
10 96 173
10 97 109
10 101 171
10 104 142
10 t 112
11 2 155
11 13 154
11 15 34
11 16 41
11 20 58
11 21 62
11 22 99
11 23 163
11 26 102
11 30 46
11 33 22
11 36 90
11 37 56
11 40 172
11 42 166
11 47 92
11 52 68
11 55 108
11 56 96
11 57 19
11 59 113
11 60 174
11 61 112
11 62 81
11 66 40
11 67 99
11 68 152
11 69 45
11 70 140
11 74 166
11 80 32
11 82 20
11 84 145
11 85 34
11 86 32
11 87 36
11 88 125
11 90 168
11 93 146
11 94 74
11 95 126
11 98 148
11 100 23
11 103 52
11 t 176
12 4 33
12 5 143
12 8 34
12 18 84
12 19 52
12 21 32
12 23 71
12 29 18
12 33 156
12 36 92
12 37 87
12 40 37
12 41 150
12 43 106
12 47 81
12 51 169
12 53 181
12 56 74
12 58 92
12 59 171
12 60 39
12 61 23
12 63 156
12 66 88
12 67 54
12 68 63
12 69 35
12 71 69
12 72 163
12 73 97
12 78 104
12 79 133
12 81 181
12 87 144
12 89 61
12 91 92
12 92 58
12 95 125
12 96 139
12 97 18
12 98 45
12 99 109
12 100 139
12 104 62
12 t 63
13 2 151
13 4 142
13 5 168
13 7 33
13 11 154
13 18 121
13 20 50
13 21 19
13 23 133
13 26 137
13 27 56
13 29 93
13 30 106
13 31 92
13 33 86
13 35 148
13 38 136
13 40 19
13 41 138
13 42 171
13 46 98
13 47 94
13 48 63
13 51 23
13 52 140
13 55 81
13 56 53
13 57 23
13 62 52
13 63 150
13 64 123
13 65 90
13 66 82
13 69 165
13 73 40
13 75 70
13 78 103
13 80 85
13 81 116
13 82 39
13 83 94
13 84 44
13 85 48
13 89 108
13 90 49
13 91 60
13 93 124
13 95 62
13 96 71
13 98 152
13 100 125
13 102 152
13 103 48
14 1 35
14 2 107
14 3 145
14 5 46
14 9 65
14 17 48
14 19 155
14 20 38
14 22 169
14 23 174
14 24 101
14 26 160
14 27 31
14 28 38
14 29 47
14 31 37
14 32 99
14 33 56
14 35 140
14 39 88
14 40 112
14 42 162
14 43 116
14 44 116
14 45 150
14 46 118
14 49 94
14 51 153
14 52 118
14 53 45
14 57 164
14 59 23
14 61 57
14 62 164
14 63 37
14 64 171
14 67 93
14 68 181
14 72 84
14 73 146
14 74 103
14 75 87
14 76 154
14 78 137
14 82 92
14 89 59
14 96 137
14 97 52
14 98 151
14 101 144
14 102 55
15 1 89
15 4 137
15 7 152
15 8 17
15 9 110
15 11 34
15 17 57
15 18 31
15 19 139
15 20 37
15 22 148
15 23 54
15 24 24
15 27 123
15 29 75
15 30 120
15 31 80
15 32 79
15 33 18
15 36 29
15 37 104
15 38 166
15 41 179
15 42 58
15 43 91
15 49 40
15 57 40
15 62 180
15 67 24
15 70 41
15 71 126
15 72 115
15 73 101
15 75 76
15 76 38
15 78 73
15 79 62
15 80 173
15 82 68
15 83 178
15 85 32
15 86 62
15 87 143
15 91 23
15 95 63
15 97 152
15 99 30
15 102 34
15 103 53
15 104 50
16 2 108
16 3 30
16 5 115
16 6 120
16 7 142
16 8 44
16 10 96
16 11 41
16 17 130
16 19 84
16 21 60
16 22 85
16 23 91
16 25 115
16 26 129
16 33 133
16 34 56
16 37 178
16 40 180
16 42 125
16 43 35
16 44 30
16 45 157
16 50 55
16 53 121
16 57 26
16 59 130
16 61 77
16 65 92
16 67 71
16 71 177
16 73 176
16 76 144
16 78 173
16 79 179
16 80 77
16 82 53
16 83 21
16 84 149
16 90 122
16 94 101
16 96 102
16 99 55
16 100 161
16 103 166
16 t 56
17 2 24
17 4 160
17 6 145
17 7 168
17 8 120
17 14 48
17 15 57
17 16 130
17 20 98
17 21 42
17 22 125
17 24 116
17 25 146
17 26 101
17 27 23
17 31 65
17 34 46
17 37 128
17 39 69
17 44 36
17 45 173
17 48 92
17 51 120
17 52 119
17 54 131
17 59 100
17 60 172
17 61 31
17 62 178
17 68 143
17 69 143
17 70 115
17 73 48
17 74 108
17 75 104
17 77 139
17 80 123
17 87 120
17 89 22
17 90 157
17 91 64
17 92 107
17 94 90
17 101 21
17 103 73
17 104 157
18 1 83
18 2 19
18 4 126
18 12 84
18 13 121
18 15 31
18 20 136
18 24 129
18 25 127
18 26 114
18 27 72
18 28 125
18 29 169
18 30 80
18 32 111
18 37 104
18 39 39
18 40 167
18 45 165
18 46 33
18 51 161
18 53 158
18 55 34
18 57 23
18 59 130
18 60 145
18 62 111
18 64 63
18 68 43
18 78 35
18 82 70
18 83 91
18 87 19
18 88 170
18 92 77
18 94 58
18 95 33
18 96 48
18 97 18
18 98 53
18 99 93
18 100 138
18 101 124
18 104 78
18 t 39
19 1 173
19 6 175
19 7 137
19 9 179
19 12 52
19 14 155
19 15 139
19 16 84
19 22 18
19 24 55
19 30 158
19 31 99
19 33 145
19 35 85
19 38 46
19 39 116
19 40 20
19 41 42
19 42 69
19 47 83
19 48 175
19 49 85
19 52 129
19 53 27
19 55 137
19 56 110
19 60 151
19 63 153
19 64 97
19 65 49
19 66 32
19 67 55
19 68 166
19 69 71
19 70 40
19 71 71
19 73 35
19 79 18
19 80 168
19 83 140
19 84 62
19 85 149
19 87 150
19 88 148
19 90 139
19 92 40
19 93 75
19 96 116
19 t 62
20 2 162
20 5 178
20 6 129
20 8 81
20 10 45
20 11 58
20 13 50
20 14 38
20 15 37
20 17 98
20 18 136
20 21 180
20 22 169
20 27 36
20 28 170
20 29 156
20 33 33
20 36 117
20 38 167
20 40 149
20 41 173
20 43 76
20 45 108
20 56 131
20 58 78
20 59 19
20 60 160
20 62 83
20 63 29
20 64 93
20 70 115
20 71 173
20 73 151
20 76 95
20 81 127
20 84 90
20 85 31
20 86 43
20 91 123
20 99 113
20 102 170
20 104 21
21 2 156
21 6 65
21 7 175
21 8 161
21 11 62
21 12 32
21 13 19
21 16 60
21 17 42
21 20 180
21 22 140
21 23 56
21 24 39
21 25 70
21 27 151
21 28 45
21 29 32
21 30 76
21 31 179
21 35 108
21 36 107
21 38 107
21 40 60
21 43 58
21 47 115
21 48 37
21 49 89
21 50 102
21 51 113
21 54 45
21 56 179
21 57 172
21 58 155
21 61 77
21 64 73
21 68 24
21 69 149
21 71 120
21 72 33
21 73 152
21 76 103
21 77 66
21 78 26
21 81 91
21 89 88
21 91 160
21 93 117
21 94 104
21 95 84
21 96 35
21 97 97
21 98 115
21 102 141
21 103 59
22 2 141
22 6 108
22 8 57
22 9 67
22 11 99
22 14 169
22 15 148
22 16 85
22 17 125
22 19 18
22 20 169
22 21 140
22 24 65
22 25 76
22 26 179
22 27 133
22 29 28
22 31 40
22 40 163
22 43 37
22 44 142
22 45 169
22 51 93
22 52 104
22 53 180
22 55 118
22 56 151
22 57 140
22 59 105
22 62 17
22 63 93
22 64 180
22 66 153
22 72 35
22 73 131
22 74 25
22 75 181
22 78 58
22 80 98
22 83 153
22 85 107
22 86 50
22 87 36
22 89 131
22 92 170
22 93 31
22 95 45
22 96 150
22 97 25
22 98 118
22 99 181
22 100 137
22 101 110
22 104 49
23 1 135
23 3 171
23 4 61
23 5 31
23 6 151
23 9 175
23 11 163
23 12 71
23 13 133
23 14 174
23 15 54
23 16 91
23 21 56
23 24 91
23 25 179
23 27 143
23 28 115
23 30 55
23 31 177
23 37 162
23 39 176
23 40 168
23 42 178
23 43 177
23 44 119
23 45 72
23 50 169
23 51 144
23 52 147
23 53 60
23 54 116
23 55 88
23 56 27
23 58 52
23 60 84
23 62 154
23 65 49
23 70 89
23 74 39
23 75 55
23 76 24
23 77 30
23 78 80
23 81 112
23 86 26
23 87 65
23 88 63
23 92 155
23 95 96
23 96 17
23 98 116
23 99 43
24 1 122
24 2 39
24 4 167
24 5 75
24 8 155
24 14 101
24 15 24
24 17 116
24 18 129
24 19 55
24 21 39
24 22 65
24 23 91
24 25 25
24 26 165
24 29 124
24 32 116
24 33 136
24 35 70
24 37 96
24 38 21
24 41 88
24 43 164
24 45 33
24 48 78
24 49 120
24 51 100
24 52 111
24 54 75
24 56 56
24 57 128
24 58 80
24 60 179
24 61 64
24 62 74
24 68 46
24 69 177
24 74 38
24 76 45
24 81 128
24 82 78
24 84 124
24 85 17
24 87 100
24 93 81
24 94 83
24 95 61
24 96 85
24 97 106
24 99 121
24 104 164
24 t 156
25 2 35
25 5 119
25 9 89
25 16 115
25 17 146
25 18 127
25 21 70
25 22 76
25 23 179
25 24 25
25 26 39
25 27 163
25 28 44
25 30 158
25 32 117
25 34 180
25 40 37
25 42 143
25 44 128
25 45 90
25 47 175
25 48 158
25 50 180
25 51 83
25 52 104
25 54 155
25 56 43
25 57 179
25 58 177
25 60 44
25 61 117
25 62 41
25 63 93
25 66 54
25 69 121
25 73 56
25 74 63
25 76 23
25 77 90
25 78 83
25 79 65
25 83 150
25 86 38
25 87 104
25 88 175
25 89 73
25 93 49
25 94 96
25 96 85
25 98 45
25 100 159
25 101 19
25 102 35
25 t 81
26 1 110
26 5 165
26 8 158
26 9 92
26 11 102
26 13 137
26 14 160
26 16 129
26 17 101
26 18 114
26 22 179
26 24 165
26 25 39
26 27 45
26 28 57
26 31 111
26 32 68
26 33 157
26 34 155
26 36 28
26 40 76
26 41 122
26 42 125
26 45 101
26 47 123
26 49 149
26 50 146
26 51 102
26 52 76
26 54 150
26 56 37
26 57 113
26 59 56
26 60 118
26 62 168
26 66 30
26 69 78
26 74 175
26 75 135
26 76 141
26 77 177
26 80 40
26 81 49
26 82 175
26 83 142
26 85 100
26 86 59
26 89 37
26 92 169
26 94 79
26 97 83
26 98 44
26 99 84
26 101 164
26 t 136
27 3 65
27 5 134
27 7 113
27 9 124
27 13 56
27 14 31
27 15 123
27 17 23
27 18 72
27 20 36
27 21 151
27 22 133
27 23 143
27 25 163
27 26 45
27 29 96
27 30 120
27 31 42
27 32 47
27 33 97
27 34 154
27 36 48
27 37 18
27 42 154
27 45 25
27 46 119
27 47 110
27 48 102
27 50 104
27 53 52
27 55 149
27 57 92
27 58 88
27 59 177
27 61 80
27 63 104
27 64 83
27 66 160
27 67 21
27 73 85
27 74 139
27 75 178
27 81 112
27 84 132
27 86 44
27 92 113
27 93 50
27 96 39
27 97 173
27 100 155
27 101 141
27 103 113
27 104 48
27 t 135
28 2 96
28 5 101
28 8 66
28 9 115
28 10 22
28 14 38
28 18 125
28 20 170
28 21 45
28 23 115
28 25 44
28 26 57
28 29 165
28 32 45
28 36 83
28 39 67
28 42 38
28 43 144
28 45 137
28 47 40
28 54 138
28 55 93
28 56 174
28 60 119
28 61 28
28 62 123
28 64 87
28 67 178
28 68 168
28 69 153
28 72 179
28 77 96
28 79 103
28 80 69
28 81 72
28 82 107
28 83 167
28 84 170
28 85 28
28 87 70
28 90 86
28 93 22
28 94 119
28 97 58
28 99 61
28 101 34
28 103 176
29 2 21
29 3 160
29 9 81
29 12 18
29 13 93
29 14 47
29 15 75
29 18 169
29 20 156
29 21 32
29 22 28
29 24 124
29 27 96
29 28 165
29 32 34
29 35 168
29 36 45
29 37 37
29 38 26
29 41 142
29 43 158
29 46 75
29 47 97
29 49 153
29 56 119
29 59 112
29 61 105
29 64 139
29 66 174
29 67 34
29 69 119
29 70 101
29 73 59
29 74 165
29 80 123
29 82 34
29 83 96
29 84 106
29 85 105
29 86 145
29 87 115
29 88 130
29 89 92
29 91 75
29 92 83
29 93 144
29 95 169
29 96 129
29 101 97
29 t 70
30 6 69
30 7 121
30 8 26
30 10 122
30 11 46
30 13 106
30 15 120
30 18 80
30 19 158
30 21 76
30 23 55
30 25 158
30 27 120
30 32 130
30 34 92
30 35 152
30 36 128
30 37 112
30 38 54
30 39 80
30 40 79
30 42 47
30 46 53
30 47 182
30 49 81
30 51 103
30 53 160
30 57 179
30 58 156
30 60 129
30 61 50
30 63 121
30 64 46
30 69 130
30 74 60
30 76 169
30 80 182
30 82 175
30 83 26
30 85 111
30 86 104
30 88 146
30 94 172
30 97 120
30 98 59
30 99 23
30 100 66
30 101 46
30 102 55
30 t 21
31 1 92
31 2 77
31 3 45
31 4 150
31 7 85
31 8 142
31 13 92
31 14 37
31 15 80
31 17 65
31 19 99
31 21 179
31 22 40
31 23 177
31 26 111
31 27 42
31 32 93
31 33 69
31 34 91
31 36 96
31 38 47
31 39 54
31 42 84
31 43 57
31 45 171
31 51 143
31 52 52
31 54 88
31 56 98
31 61 125
31 62 157
31 63 68
31 65 171
31 66 150
31 73 146
31 74 138
31 75 105
31 76 92
31 77 102
31 79 82
31 83 60
31 85 165
31 87 51
31 90 24
31 91 171
31 92 107
31 95 147
31 96 130
31 97 67
31 99 128
31 102 151
31 103 108
31 104 44
32 2 59
32 3 177
32 4 66
32 5 66
32 7 55
32 9 145
32 10 127
32 14 99
32 15 79
32 18 111
32 24 116
32 25 117
32 26 68
32 27 47
32 28 45
32 29 34
32 30 130
32 31 93
32 34 147
32 35 144
32 40 102
32 41 93
32 42 66
32 44 54
32 46 65
32 49 118
32 51 118
32 52 101
32 56 91
32 57 75
32 58 45
32 63 98
32 64 103
32 67 139
32 69 51
32 71 175
32 72 146
32 73 64
32 75 108
32 80 157
32 81 113
32 83 69
32 85 163
32 86 32
32 90 123
32 92 123
32 94 39
32 95 178
32 96 104
32 97 42
32 98 166
32 101 64
32 102 113
32 103 69
32 104 68
32 t 52
33 1 114
33 2 57
33 5 20
33 9 67
33 11 22
33 12 156
33 13 86
33 14 56
33 15 18
33 16 133
33 19 145
33 20 33
33 24 136
33 26 157
33 27 97
33 31 69
33 34 83
33 36 32
33 38 64
33 41 119
33 45 62
33 47 159
33 48 117
33 50 27
33 52 118
33 56 93
33 57 57
33 58 39
33 59 76
33 60 179
33 62 115
33 63 32
33 64 116
33 70 38
33 72 103
33 76 71
33 77 159
33 78 174
33 79 149
33 80 140
33 81 85
33 83 55
33 84 82
33 86 144
33 90 131
33 91 54
33 93 156
33 99 32
33 100 166
33 104 124
33 t 93
34 2 62
34 3 95
34 4 180
34 7 182
34 9 144
34 16 56
34 17 46
34 25 180
34 26 155
34 27 154
34 30 92
34 31 91
34 32 147
34 33 83
34 35 87
34 38 178
34 40 62
34 43 36
34 44 111
34 46 100
34 50 162
34 52 142
34 53 110
34 55 40
34 57 99
34 58 29
34 60 64
34 62 101
34 63 173
34 64 180
34 65 49
34 68 171
34 71 175
34 72 87
34 75 135
34 77 37
34 78 99
34 80 133
34 89 99
34 90 84
34 91 115
34 92 70
34 94 130
34 98 142
34 99 20
34 103 61
34 104 32
34 t 135
35 1 129
35 3 78
35 5 182
35 6 88
35 10 101
35 13 148
35 14 140
35 19 85
35 21 108
35 24 70
35 29 168
35 30 152
35 32 144
35 34 87
35 37 83
35 38 63
35 42 175
35 43 43
35 47 53
35 48 80
35 53 67
35 55 88
35 56 71
35 57 62
35 58 169
35 59 132
35 61 98
35 62 116
35 63 32
35 64 174
35 67 74
35 68 77
35 70 46
35 74 19
35 75 82
35 77 68
35 79 173
35 80 53
35 82 164
35 85 101
35 87 39
35 88 176
35 89 114
35 90 54
35 91 26
35 93 42
35 94 37
35 95 33
35 96 52
35 98 87
35 100 50
35 103 181
36 1 18
36 2 179
36 3 66
36 4 180
36 5 55
36 8 172
36 9 142
36 11 90
36 12 92
36 15 29
36 20 117
36 21 107
36 26 28
36 27 48
36 28 83
36 29 45
36 30 128
36 31 96
36 33 32
36 37 23
36 39 64
36 40 101
36 43 136
36 44 117
36 45 171
36 46 88
36 50 36
36 52 54
36 54 19
36 59 76
36 60 141
36 61 105
36 65 116
36 66 81
36 67 181
36 69 38
36 72 93
36 73 53
36 74 49
36 75 98
36 78 126
36 79 170
36 84 115
36 85 153
36 86 74
36 88 87
36 89 147
36 92 17
36 96 182
36 97 125
36 98 31
36 100 64
36 101 130
36 102 102
36 104 97
37 1 74
37 2 74
37 6 91
37 7 68
37 8 84
37 9 57
37 11 56
37 12 87
37 15 104
37 16 178
37 17 128
37 18 104
37 23 162
37 24 96
37 27 18
37 29 37
37 30 112
37 35 83
37 36 23
37 38 31
37 39 96
37 42 70
37 43 80
37 45 106
37 46 51
37 53 118
37 55 126
37 56 179
37 58 154
37 59 167
37 62 122
37 64 111
37 65 70
37 69 17
37 74 34
37 75 170
37 76 182
37 77 78
37 80 69
37 89 179
37 90 110
37 91 167
37 93 68
37 94 85
37 96 127
37 97 93
37 98 100
37 99 78
37 101 147
37 104 38
38 1 167
38 3 53
38 7 154
38 13 136
38 15 166
38 19 46
38 20 167
38 21 107
38 24 21
38 29 26
38 30 54
38 31 47
38 33 64
38 34 178
38 35 63
38 37 31
38 39 116
38 40 79
38 44 96
38 45 33
38 47 83
38 48 63
38 57 104
38 58 37
38 60 176
38 62 61
38 63 30
38 64 180
38 66 65
38 67 158
38 68 78
38 71 19
38 72 116
38 76 144
38 77 124
38 78 133
38 81 42
38 82 145
38 87 160
38 89 49
38 90 52
38 92 79
38 95 111
38 97 136
38 98 107
38 100 62
38 t 85
39 1 140
39 8 49
39 9 110
39 10 159
39 14 88
39 17 69
39 18 39
39 19 116
39 23 176
39 28 67
39 30 80
39 31 54
39 36 64
39 37 96
39 38 116
39 40 17
39 48 148
39 51 99
39 53 45
39 55 33
39 60 152
39 61 100
39 64 155
39 65 71
39 66 76
39 67 47
39 69 41
39 72 100
39 73 33
39 77 45
39 78 150
39 83 72
39 85 49
39 86 112
39 87 132
39 89 178
39 96 134
39 97 119
39 100 24
39 101 121
39 104 36
40 4 101
40 7 162
40 8 25
40 9 146
40 11 172
40 12 37
40 13 19
40 14 112
40 16 180
40 18 167
40 19 20
40 20 149
40 21 60
40 22 163
40 23 168
40 25 37
40 26 76
40 30 79
40 32 102
40 34 62
40 36 101
40 38 79
40 39 17
40 42 57
40 43 35
40 44 114
40 45 129
40 46 41
40 49 147
40 50 133
40 51 58
40 52 44
40 53 101
40 54 70
40 57 172
40 58 76
40 59 72
40 62 114
40 63 99
40 64 163
40 66 123
40 67 107
40 71 57
40 72 38
40 73 143
40 74 150
40 75 46
40 78 156
40 85 44
40 86 50
40 88 159
40 90 45
40 94 81
40 96 133
40 98 176
40 101 29
41 1 88
41 4 60
41 5 113
41 6 80
41 12 150
41 13 138
41 15 179
41 19 42
41 20 173
41 24 88
41 26 122
41 29 142
41 32 93
41 33 119
41 42 177
41 46 49
41 47 60
41 49 101
41 50 51
41 52 73
41 54 154
41 55 172
41 56 74
41 57 56
41 58 175
41 59 76
41 61 39
41 62 30
41 64 94
41 65 59
41 66 90
41 67 173
41 68 17
41 69 122
41 71 88
41 72 38
41 75 165
41 78 157
41 79 163
41 80 109
41 82 75
41 86 115
41 87 44
41 89 155
41 94 158
41 96 180
41 98 74
41 103 138
41 104 137
42 2 161
42 3 161
42 5 57
42 6 72
42 7 55
42 8 177
42 11 166
42 13 171
42 14 162
42 15 58
42 16 125
42 19 69
42 23 178
42 25 143
42 26 125
42 27 154
42 28 38
42 30 47
42 31 84
42 32 66
42 35 175
42 37 70
42 40 57
42 41 177
42 43 163
42 44 143
42 45 79
42 46 45
42 47 178
42 49 145
42 55 108
42 57 71
42 58 107
42 60 88
42 63 32
42 67 141
42 68 142
42 69 27
42 70 68
42 72 18
42 74 144
42 75 17
42 76 99
42 77 162
42 78 167
42 79 56
42 82 70
42 84 140
42 85 125
42 87 178
42 88 93
42 90 92
42 94 94
42 97 44
42 98 20
42 102 23
42 t 37
43 2 113
43 4 76
43 5 43
43 6 174
43 10 78
43 12 106
43 14 116
43 15 91
43 16 35
43 20 76
43 21 58
43 22 37
43 23 177
43 24 164
43 28 144
43 29 158
43 31 57
43 34 36
43 35 43
43 36 136
43 37 80
43 40 35
43 42 163
43 48 152
43 49 158
43 52 78
43 54 62
43 55 69
43 56 48
43 57 179
43 66 123
43 67 66
43 68 79
43 74 182
43 76 40
43 78 66
43 81 74
43 82 172
43 83 64
43 88 72
43 90 121
43 92 84
43 95 127
43 98 128
43 103 172
43 104 175
44 1 70
44 2 23
44 3 181
44 5 35
44 14 116
44 16 30
44 17 36
44 22 142
44 23 119
44 25 128
44 32 54
44 34 111
44 36 117
44 38 96
44 40 114
44 42 143
44 45 95
44 46 64
44 48 78
44 49 49
44 50 135
44 51 157
44 52 29
44 55 50
44 56 165
44 57 122
44 59 78
44 60 174
44 64 96
44 65 182
44 67 165
44 68 171
44 70 55
44 72 172
44 73 160
44 74 62
44 75 80
44 76 114
44 77 19
44 78 104
44 79 66
44 80 73
44 83 34
44 84 148
44 86 32
44 88 33
44 89 104
44 90 134
44 92 94
44 94 26
44 96 104
44 97 139
44 98 76
44 99 51
44 103 134
44 104 96
44 t 140
45 3 50
45 4 72
45 5 176
45 7 123
45 9 84
45 10 50
45 14 150
45 16 157
45 17 173
45 18 165
45 20 108
45 22 169
45 23 72
45 24 33
45 25 90
45 26 101
45 27 25
45 28 137
45 31 171
45 33 62
45 36 171
45 37 106
45 38 33
45 40 129
45 42 79
45 44 95
45 47 131
45 50 58
45 51 124
45 57 93
45 63 79
45 66 125
45 67 43
45 68 107
45 69 126
45 70 43
45 71 26
45 73 86
45 76 122
45 78 19
45 79 46
45 81 70
45 82 98
45 87 123
45 90 46
45 91 38
45 92 142
45 94 134
45 100 50
45 104 145
45 t 32
46 1 69
46 3 104
46 6 176
46 8 89
46 9 141
46 10 136
46 13 98
46 14 118
46 18 33
46 27 119
46 29 75
46 30 53
46 32 65
46 34 100
46 36 88
46 37 51
46 40 41
46 41 49
46 42 45
46 44 64
46 47 32
46 48 113
46 49 52
46 50 154
46 52 150
46 54 97
46 55 132
46 58 159
46 64 94
46 66 97
46 68 37
46 70 72
46 72 79
46 76 47
46 77 55
46 78 159
46 83 121
46 85 175
46 87 117
46 88 100
46 91 152
46 92 160
46 94 141
46 98 174
46 99 108
46 102 51
46 103 17
46 104 42
47 1 81
47 6 157
47 10 120
47 11 92
47 12 81
47 13 94
47 19 83
47 21 115
47 25 175
47 26 123
47 27 110
47 28 40
47 29 97
47 30 182
47 33 159
47 35 53
47 38 83
47 41 60
47 42 178
47 45 131
47 46 32
47 49 167
47 50 79
47 52 65
47 53 123
47 54 137
47 55 77
47 59 18
47 63 150
47 66 172
47 67 174
47 68 127
47 69 71
47 70 61
47 71 79
47 78 163
47 79 49
47 80 84
47 82 93
47 83 133
47 89 29
47 92 116
47 94 69
47 95 181
47 97 181
47 99 35
47 100 114
48 1 82
48 2 152
48 5 19
48 6 179
48 13 63
48 17 92
48 19 175
48 21 37
48 24 78
48 25 158
48 27 102
48 33 117
48 35 80
48 38 63
48 39 148
48 43 152
48 44 78
48 46 113
48 51 76
48 52 80
48 53 134
48 54 63
48 55 71
48 59 99
48 62 98
48 63 56
48 64 31
48 67 174
48 69 70
48 70 139
48 71 165
48 73 19
48 74 182
48 76 102
48 80 39
48 81 182
48 83 158
48 84 175
48 85 72
48 94 45
48 95 168
48 96 88
48 97 109
48 99 135
48 101 29
48 102 54
48 t 174
49 3 66
49 4 57
49 5 69
49 9 140
49 14 94
49 15 40
49 19 85
49 21 89
49 24 120
49 26 149
49 29 153
49 30 81
49 32 118
49 40 147
49 41 101
49 42 145
49 43 158
49 44 49
49 46 52
49 47 167
49 51 43
49 54 74
49 55 22
49 56 173
49 57 34
49 58 109
49 61 151
49 62 146
49 63 128
49 64 125
49 65 50
49 66 91
49 67 44
49 70 134
49 72 54
49 73 148
49 77 81
49 80 86
49 84 43
49 85 46
49 88 101
49 89 155
49 90 109
49 91 110
49 94 78
49 95 35
49 96 131
49 98 181
49 99 117
49 101 87
49 102 55
49 103 88
49 104 18
49 t 40
50 2 169
50 4 36
50 5 132
50 6 150
50 8 59
50 10 138
50 16 55
50 21 102
50 23 169
50 25 180
50 26 146
50 27 104
50 33 27
50 34 162
50 36 36
50 40 133
50 41 51
50 44 135
50 45 58
50 46 154
50 47 79
50 51 102
50 55 178
50 56 182
50 57 89
50 59 112
50 60 104
50 61 150
50 62 135
50 66 34
50 67 49
50 70 75
50 71 164
50 72 63
50 74 139
50 80 121
50 85 55
50 86 28
50 87 38
50 88 52
50 89 179
50 90 45
50 93 141
50 94 154
50 99 142
50 101 163
50 t 68
51 1 142
51 3 148
51 6 111
51 9 91
51 12 169
51 13 23
51 14 153
51 17 120
51 18 161
51 21 113
51 22 93
51 23 144
51 24 100
51 25 83
51 26 102
51 30 103
51 31 143
51 32 118
51 39 99
51 40 58
51 44 157
51 45 124
51 48 76
51 49 43
51 50 102
51 53 167
51 54 179
51 55 150
51 57 156
51 59 168
51 62 55
51 63 38
51 64 39
51 67 104
51 71 162
51 72 159
51 74 79
51 77 66
51 78 58
51 80 104
51 81 85
51 90 109
51 93 106
51 96 72
51 97 124
51 99 31
51 103 177
52 2 61
52 4 86
52 6 166
52 9 51
52 11 68
52 13 140
52 14 118
52 17 119
52 19 129
52 22 104
52 23 147
52 24 111
52 25 104
52 26 76
52 31 52
52 32 101
52 33 118
52 34 142
52 36 54
52 40 44
52 41 73
52 43 78
52 44 29
52 46 150
52 47 65
52 48 80
52 55 29
52 56 119
52 61 173
52 62 121
52 63 100
52 67 151
52 69 54
52 71 33
52 72 146
52 75 127
52 77 103
52 79 180
52 80 54
52 85 146
52 87 121
52 88 26
52 90 181
52 91 162
52 93 27
52 95 85
52 99 46
52 100 94
52 103 26
52 104 165
53 1 56
53 4 182
53 5 21
53 6 43
53 7 116
53 8 102
53 9 30
53 12 181
53 14 45
53 16 121
53 18 158
53 19 27
53 22 180
53 23 60
53 27 52
53 30 160
53 34 110
53 35 67
53 37 118
53 39 45
53 40 101
53 47 123
53 48 134
53 51 167
53 54 178
53 56 138
53 58 75
53 60 26
53 64 122
53 65 83
53 67 109
53 71 128
53 72 131
53 74 27
53 75 46
53 77 77
53 80 46
53 84 160
53 87 105
53 90 73
53 93 108
53 94 145
53 98 25
53 100 168
53 102 26
53 103 19
54 1 76
54 2 112
54 3 55
54 5 25
54 6 126
54 9 66
54 17 131
54 21 45
54 23 116
54 24 75
54 25 155
54 26 150
54 28 138
54 31 88
54 36 19
54 40 70
54 41 154
54 43 62
54 46 97
54 47 137
54 48 63
54 49 74
54 51 179
54 53 178
54 58 79
54 60 147
54 62 116
54 65 131
54 67 169
54 68 166
54 71 130
54 72 55
54 74 134
54 75 31
54 76 181
54 79 115
54 81 110
54 83 115
54 88 95
54 89 68
54 91 182
54 92 124
54 94 71
54 96 64
54 98 51
54 101 167
54 103 27
55 2 130
55 3 46
55 4 72
55 5 29
55 8 39
55 9 19
55 11 108
55 13 81
55 18 34
55 19 137
55 22 118
55 23 88
55 27 149
55 28 93
55 34 40
55 35 88
55 37 126
55 39 33
55 41 172
55 42 108
55 43 69
55 44 50
55 46 132
55 47 77
55 48 71
55 49 22
55 50 178
55 51 150
55 52 29
55 56 168
55 57 72
55 61 48
55 63 117
55 64 99
55 66 114
55 67 27
55 70 140
55 72 50
55 75 69
55 78 170
55 79 56
55 80 60
55 84 24
55 85 168
55 88 169
55 89 141
55 90 41
55 91 19
55 92 60
55 93 19
55 99 86
55 102 56
56 1 145
56 2 75
56 3 103
56 4 29
56 5 182
56 6 157
56 10 97
56 11 96
56 12 74
56 13 53
56 19 110
56 20 131
56 21 179
56 22 151
56 23 27
56 24 56
56 25 43
56 26 37
56 28 174
56 29 119
56 31 98
56 32 91
56 33 93
56 35 71
56 37 179
56 41 74
56 43 48
56 44 165
56 49 173
56 50 182
56 52 119
56 53 138
56 55 168
56 57 171
56 59 182
56 65 57
56 66 68
56 68 107
56 70 67
56 71 138
56 72 159
56 83 126
56 84 77
56 85 82
56 88 123
56 94 164
56 96 158
56 102 125
57 1 65
57 2 122
57 5 118
57 7 158
57 10 163
57 11 19
57 13 23
57 14 164
57 15 40
57 16 26
57 18 23
57 21 172
57 22 140
57 24 128
57 25 179
57 26 113
57 27 92
57 30 179
57 32 75
57 33 57
57 34 99
57 35 62
57 38 104
57 40 172
57 41 56
57 42 71
57 43 179
57 44 122
57 45 93
57 49 34
57 50 89
57 51 156
57 55 72
57 56 171
57 59 133
57 60 129
57 66 180
57 68 136
57 69 103
57 70 61
57 71 118
57 72 81
57 73 130
57 76 56
57 78 115
57 80 101
57 82 71
57 89 121
57 91 84
57 92 181
57 94 47
57 95 61
57 96 167
57 97 44
57 101 119
57 104 36
57 t 126
58 1 28
58 4 24
58 5 58
58 6 102
58 7 131
58 8 57
58 12 92
58 20 78
58 21 155
58 23 52
58 24 80
58 25 177
58 27 88
58 30 156
58 32 45
58 33 39
58 34 29
58 35 169
58 37 154
58 38 37
58 40 76
58 41 175
58 42 107
58 46 159
58 49 109
58 53 75
58 54 79
58 59 117
58 61 134
58 62 22
58 65 90
58 68 116
58 72 59
58 73 92
58 75 55
58 78 175
58 79 123
58 81 26
58 82 41
58 84 82
58 85 77
58 89 58
58 94 141
58 96 137
58 99 103
58 100 145
58 101 158
58 103 153
58 104 124
58 t 177
59 2 41
59 6 78
59 7 171
59 10 108
59 11 113
59 12 171
59 14 23
59 16 130
59 17 100
59 18 130
59 20 19
59 22 105
59 26 56
59 27 177
59 29 112
59 33 76
59 35 132
59 36 76
59 37 167
59 40 72
59 41 76
59 44 78
59 47 18
59 48 99
59 50 112
59 51 168
59 56 182
59 57 133
59 58 117
59 60 72
59 61 86
59 63 150
59 65 166
59 67 166
59 68 67
59 69 95
59 70 49
59 71 27
59 75 173
59 77 19
59 78 145
59 79 83
59 80 60
59 82 107
59 84 36
59 85 30
59 87 102
59 88 28
59 89 57
59 93 58
59 94 59
59 95 40
59 99 120
59 101 138
59 103 153
59 t 28
60 2 46
60 3 78
60 4 100
60 6 139
60 7 107
60 8 43
60 9 180
60 10 88
60 11 174
60 12 39
60 17 172
60 18 145
60 19 151
60 20 160
60 23 84
60 24 179
60 25 44
60 26 118
60 28 119
60 30 129
60 33 179
60 34 64
60 36 141
60 38 176
60 39 152
60 42 88
60 44 174
60 50 104
60 53 26
60 54 147
60 57 129
60 59 72
60 62 93
60 63 141
60 64 53
60 66 164
60 69 129
60 70 98
60 72 142
60 74 67
60 75 171
60 76 84
60 81 48
60 82 18
60 83 46
60 85 135
60 86 79
60 87 152
60 89 61
60 93 157
60 95 159
60 101 90
60 102 106
60 103 26
60 104 150
60 t 24
61 1 31
61 2 88
61 3 146
61 6 159
61 8 176
61 9 82
61 11 112
61 12 23
61 14 57
61 16 77
61 17 31
61 21 77
61 24 64
61 25 117
61 27 80
61 28 28
61 29 105
61 30 50
61 31 125
61 35 98
61 36 105
61 39 100
61 41 39
61 49 151
61 50 150
61 52 173
61 55 48
61 58 134
61 59 86
61 62 82
61 66 83
61 67 87
61 70 33
61 77 181
61 79 57
61 83 112
61 84 153
61 87 19
61 90 90
61 94 164
61 96 114
61 100 67
61 102 163
61 104 35
62 3 129
62 6 61
62 8 118
62 9 82
62 10 156
62 11 81
62 13 52
62 14 164
62 15 180
62 17 178
62 18 111
62 20 83
62 22 17
62 23 154
62 24 74
62 25 41
62 26 168
62 28 123
62 31 157
62 33 115
62 34 101
62 35 116
62 37 122
62 38 61
62 40 114
62 41 30
62 48 98
62 49 146
62 50 135
62 51 55
62 52 121
62 54 116
62 58 22
62 60 93
62 61 82
62 63 165
62 65 116
62 69 28
62 70 153
62 73 154
62 74 143
62 78 31
62 79 19
62 89 68
62 90 163
62 91 166
62 94 31
62 96 165
62 97 118
62 99 170
62 100 162
62 101 58
62 103 18
62 t 166
63 4 100
63 6 122
63 7 61
63 8 114
63 12 156
63 13 150
63 14 37
63 19 153
63 20 29
63 22 93
63 25 93
63 27 104
63 30 121
63 31 68
63 32 98
63 33 32
63 34 173
63 35 32
63 38 30
63 40 99
63 42 32
63 45 79
63 47 150
63 48 56
63 49 128
63 51 38
63 52 100
63 55 117
63 59 150
63 60 141
63 62 165
63 65 135
63 66 53
63 67 17
63 68 39
63 70 160
63 71 104
63 74 44
63 75 154
63 76 134
63 79 106
63 81 122
63 82 72
63 89 169
63 91 98
63 92 29
63 98 92
63 100 169
63 103 79
63 t 114
64 2 84
64 3 118
64 4 135
64 5 171
64 6 171
64 7 104
64 13 123
64 14 171
64 18 63
64 19 97
64 20 93
64 21 73
64 22 180
64 27 83
64 28 87
64 29 139
64 30 46
64 32 103
64 33 116
64 34 180
64 35 174
64 37 111
64 38 180
64 39 155
64 40 163
64 41 94
64 44 96
64 46 94
64 48 31
64 49 125
64 51 39
64 53 122
64 55 99
64 60 53
64 65 41
64 66 181
64 68 161
64 73 62
64 74 93
64 75 177
64 76 65
64 77 130
64 78 158
64 82 177
64 83 42
64 84 44
64 85 101
64 87 120
64 88 104
64 89 170
64 92 113
64 93 41
64 97 72
64 98 116
64 99 20
64 100 49
64 103 168
64 104 135
64 t 146
65 1 78
65 7 139
65 8 149
65 9 40
65 10 18
65 13 90
65 16 92
65 19 49
65 23 49
65 31 171
65 34 49
65 36 116
65 37 70
65 39 71
65 41 59
65 44 182
65 49 50
65 53 83
65 54 131
65 56 57
65 58 90
65 59 166
65 62 116
65 63 135
65 64 41
65 66 162
65 70 50
65 72 108
65 73 47
65 74 49
65 75 46
65 78 41
65 82 60
65 83 116
65 87 162
65 89 98
65 95 92
65 97 70
65 98 98
65 99 59
65 101 92
65 103 55
65 104 82
66 4 153
66 5 86
66 6 17
66 7 19
66 8 164
66 9 76
66 10 44
66 11 40
66 12 88
66 13 82
66 19 32
66 22 153
66 25 54
66 26 30
66 27 160
66 29 174
66 31 150
66 36 81
66 38 65
66 39 76
66 40 123
66 41 90
66 43 123
66 45 125
66 46 97
66 47 172
66 49 91
66 50 34
66 55 114
66 56 68
66 57 180
66 60 164
66 61 83
66 63 53
66 64 181
66 65 162
66 67 133
66 70 37
66 72 21
66 74 130
66 76 69
66 77 82
66 80 69
66 84 90
66 85 154
66 87 25
66 89 44
66 92 19
66 94 34
66 95 125
66 97 90
66 102 167
67 2 49
67 3 156
67 4 94
67 5 87
67 6 158
67 7 58
67 9 135
67 10 30
67 11 99
67 12 54
67 14 93
67 15 24
67 16 71
67 19 55
67 27 21
67 28 178
67 29 34
67 32 139
67 35 74
67 36 181
67 38 158
67 39 47
67 40 107
67 41 173
67 42 141
67 43 66
67 44 165
67 45 43
67 47 174
67 48 174
67 49 44
67 50 49
67 51 104
67 52 151
67 53 109
67 54 169
67 55 27
67 59 166
67 61 87
67 63 17
67 66 133
67 69 168
67 72 57
67 75 102
67 77 90
67 78 42
67 82 146
67 86 101
67 89 36
67 91 34
67 95 70
67 96 106
67 97 86
67 98 75
67 99 156
67 101 50
67 102 96
67 103 144
68 1 163
68 3 33
68 4 138
68 5 66
68 6 134
68 7 133
68 9 80
68 11 152
68 12 63
68 14 181
68 17 143
68 18 43
68 19 166
68 21 24
68 24 46
68 28 168
68 34 171
68 35 77
68 38 78
68 41 17
68 42 142
68 43 79
68 44 171
68 45 107
68 46 37
68 47 127
68 54 166
68 56 107
68 57 136
68 58 116
68 59 67
68 63 39
68 64 161
68 70 147
68 71 73
68 74 63
68 77 159
68 81 28
68 84 144
68 87 23
68 89 118
68 90 73
68 92 151
68 93 111
68 94 181
68 97 118
68 99 29
68 101 130
68 103 89
69 2 112
69 3 154
69 6 96
69 10 144
69 11 45
69 12 35
69 13 165
69 17 143
69 19 71
69 21 149
69 24 177
69 25 121
69 26 78
69 28 153
69 29 119
69 30 130
69 32 51
69 36 38
69 37 17
69 39 41
69 41 122
69 42 27
69 45 126
69 47 71
69 48 70
69 52 54
69 57 103
69 59 95
69 60 129
69 62 28
69 67 168
69 76 101
69 77 64
69 78 51
69 80 60
69 83 58
69 84 69
69 85 143
69 88 165
69 90 151
69 91 147
69 92 78
69 100 73
69 102 162
69 104 118
69 t 159
70 4 55
70 8 137
70 11 140
70 15 41
70 17 115
70 19 40
70 20 115
70 23 89
70 29 101
70 33 38
70 35 46
70 42 68
70 44 55
70 45 43
70 46 72
70 47 61
70 48 139
70 49 134
70 50 75
70 55 140
70 56 67
70 57 61
70 59 49
70 60 98
70 61 33
70 62 153
70 63 160
70 65 50
70 66 37
70 68 147
70 72 178
70 73 156
70 74 91
70 75 35
70 79 19
70 80 95
70 82 68
70 83 26
70 86 81
70 87 72
70 88 64
70 90 149
70 92 37
70 93 82
70 94 63
70 96 68
70 97 78
70 99 132
70 100 52
70 101 147
70 103 168
70 104 150
70 t 93
71 2 72
71 3 72
71 4 66
71 6 145
71 7 91
71 9 84
71 10 33
71 12 69
71 15 126
71 16 177
71 19 71
71 20 173
71 21 120
71 32 175
71 34 175
71 38 19
71 40 57
71 41 88
71 45 26
71 47 79
71 48 165
71 50 164
71 51 162
71 52 33
71 53 128
71 54 130
71 56 138
71 57 118
71 59 27
71 63 104
71 68 73
71 73 122
71 75 114
71 81 154
71 82 39
71 83 59
71 84 155
71 85 60
71 86 28
71 89 179
71 90 100
71 91 166
71 92 156
71 100 59
71 101 126
72 3 178
72 4 172
72 7 34
72 8 148
72 9 115
72 10 157
72 12 163
72 14 84
72 15 115
72 21 33
72 22 35
72 28 179
72 32 146
72 33 103
72 34 87
72 36 93
72 38 116
72 39 100
72 40 38
72 41 38
72 42 18
72 44 172
72 46 79
72 49 54
72 50 63
72 51 159
72 52 146
72 53 131
72 54 55
72 55 50
72 56 159
72 57 81
72 58 59
72 60 142
72 65 108
72 66 21
72 67 57
72 70 178
72 73 22
72 76 59
72 78 51
72 82 176
72 83 38
72 89 95
72 90 105
72 92 44
72 97 56
72 99 68
72 102 23
72 t 42
73 1 154
73 3 116
73 5 50
73 6 146
73 8 80
73 9 57
73 10 46
73 12 97
73 13 40
73 14 146
73 15 101
73 16 176
73 17 48
73 19 35
73 20 151
73 21 152
73 22 131
73 25 56
73 27 85
73 29 59
73 31 146
73 32 64
73 36 53
73 39 33
73 40 143
73 44 160
73 45 86
73 48 19
73 49 148
73 57 130
73 58 92
73 62 154
73 64 62
73 65 47
73 70 156
73 71 122
73 72 22
73 75 150
73 76 53
73 77 58
73 78 165
73 79 159
73 81 165
73 83 61
73 87 108
73 88 36
73 89 90
73 91 160
73 92 40
73 95 91
73 97 32
73 98 99
73 101 172
73 103 71
74 5 44
74 10 122
74 11 166
74 14 103
74 17 108
74 22 25
74 23 39
74 24 38
74 25 63
74 26 175
74 27 139
74 29 165
74 30 60
74 31 138
74 35 19
74 36 49
74 37 34
74 40 150
74 42 144
74 43 182
74 44 62
74 48 182
74 50 139
74 51 79
74 53 27
74 54 134
74 60 67
74 62 143
74 63 44
74 64 93
74 65 49
74 66 130
74 68 63
74 70 91
74 78 67
74 79 60
74 80 146
74 81 50
74 82 50
74 84 128
74 85 98
74 86 58
74 87 174
74 89 50
74 91 159
74 92 166
74 93 126
74 96 179
74 98 179
74 104 166
75 2 42
75 3 97
75 5 102
75 7 29
75 8 162
75 9 40
75 13 70
75 14 87
75 15 76
75 17 104
75 22 181
75 23 55
75 26 135
75 27 178
75 31 105
75 32 108
75 34 135
75 35 82
75 36 98
75 37 170
75 40 46
75 41 165
75 42 17
75 44 80
75 52 127
75 53 46
75 54 31
75 55 69
75 58 55
75 59 173
75 60 171
75 63 154
75 64 177
75 65 46
75 67 102
75 70 35
75 71 114
75 73 150
75 76 170
75 78 83
75 79 24
75 80 137
75 83 136
75 87 19
75 90 182
75 93 138
75 95 107
75 99 167
75 101 180
75 102 95
75 103 176
75 104 171
76 1 90
76 4 155
76 6 95
76 10 175
76 14 154
76 15 38
76 16 144
76 20 95
76 21 103
76 23 24
76 24 45
76 25 23
76 26 141
76 30 169
76 31 92
76 33 71
76 37 182
76 38 144
76 42 99
76 43 40
76 44 114
76 45 122
76 46 47
76 48 102
76 54 181
76 57 56
76 60 84
76 63 134
76 64 65
76 66 69
76 69 101
76 72 59
76 73 53
76 75 170
76 77 23
76 78 144
76 79 174
76 81 87
76 83 138
76 84 176
76 88 36
76 89 111
76 91 109
76 92 173
76 96 77
76 100 162
76 102 173
76 104 181
77 1 126
77 2 164
77 3 172
77 4 130
77 5 122
77 6 62
77 7 141
77 8 21
77 17 139
77 21 66
77 23 30
77 25 90
77 26 177
77 28 96
77 31 102
77 33 159
77 34 37
77 35 68
77 37 78
77 38 124
77 39 45
77 42 162
77 44 19
77 46 55
77 49 81
77 51 66
77 52 103
77 53 77
77 59 19
77 61 181
77 64 130
77 66 82
77 67 90
77 68 159
77 69 64
77 73 58
77 76 23
77 85 92
77 86 37
77 88 19
77 91 153
77 92 99
77 95 138
77 96 91
77 97 172
77 98 75
77 100 156
77 101 47
77 104 41
78 1 129
78 2 79
78 5 72
78 6 87
78 9 82
78 10 116
78 12 104
78 13 103
78 14 137
78 15 73
78 16 173
78 18 35
78 21 26
78 22 58
78 23 80
78 25 83
78 33 174
78 34 99
78 36 126
78 38 133
78 39 150
78 40 156
78 41 157
78 42 167
78 43 66
78 44 104
78 45 19
78 46 159
78 47 163
78 51 58
78 55 170
78 57 115
78 58 175
78 59 145
78 62 31
78 64 158
78 65 41
78 67 42
78 69 51
78 72 51
78 73 165
78 74 67
78 75 83
78 76 144
78 81 53
78 82 100
78 85 48
78 87 128
78 93 81
78 97 171
78 103 69
78 104 161
78 t 179
79 2 67
79 6 170
79 7 135
79 10 175
79 12 133
79 15 62
79 16 179
79 19 18
79 25 65
79 28 103
79 31 82
79 33 149
79 35 173
79 36 170
79 41 163
79 42 56
79 44 66
79 45 46
79 47 49
79 52 180
79 54 115
79 55 56
79 58 123
79 59 83
79 61 57
79 62 19
79 63 106
79 70 19
79 73 159
79 74 60
79 75 24
79 76 174
79 80 86
79 81 100
79 82 148
79 84 166
79 86 134
79 89 149
79 90 163
79 92 174
79 94 32
79 97 27
79 98 74
79 99 88
79 101 138
79 102 117
80 1 50
80 3 19
80 4 181
80 8 118
80 9 152
80 10 67
80 11 32
80 13 85
80 15 173
80 16 77
80 17 123
80 19 168
80 22 98
80 26 40
80 28 69
80 29 123
80 30 182
80 32 157
80 33 140
80 34 133
80 35 53
80 37 69
80 41 109
80 44 73
80 47 84
80 48 39
80 49 86
80 50 121
80 51 104
80 52 54
80 53 46
80 55 60
80 57 101
80 59 60
80 66 69
80 69 60
80 70 95
80 74 146
80 75 137
80 79 86
80 81 98
80 83 179
80 84 133
80 85 19
80 86 65
80 87 115
80 88 167
80 89 39
80 90 24
80 92 113
80 93 38
80 97 119
80 99 23
80 100 76
80 101 66
80 103 34
81 2 169
81 4 164
81 5 181
81 6 65
81 7 67
81 9 86
81 12 181
81 13 116
81 20 127
81 21 91
81 23 112
81 24 128
81 26 49
81 27 112
81 28 72
81 32 113
81 33 85
81 38 42
81 43 74
81 45 70
81 48 182
81 51 85
81 54 110
81 58 26
81 60 48
81 63 122
81 68 28
81 71 154
81 73 165
81 74 50
81 76 87
81 78 53
81 79 100
81 80 98
81 82 42
81 83 53
81 86 112
81 88 56
81 89 102
81 93 179
81 95 101
81 96 182
81 97 26
81 98 167
81 104 105
81 t 87
82 2 56
82 3 161
82 4 99
82 5 167
82 6 105
82 7 119
82 8 144
82 11 20
82 13 39
82 14 92
82 15 68
82 16 53
82 18 70
82 24 78
82 26 175
82 28 107
82 29 34
82 30 175
82 35 164
82 38 145
82 41 75
82 42 70
82 43 172
82 45 98
82 47 93
82 57 71
82 58 41
82 59 107
82 60 18
82 63 72
82 64 177
82 65 60
82 67 146
82 70 68
82 71 39
82 72 176
82 74 50
82 78 100
82 79 148
82 81 42
82 83 71
82 84 122
82 86 51
82 87 121
82 89 89
82 92 97
82 94 77
82 99 81
82 t 82
83 1 81
83 2 100
83 3 147
83 8 18
83 9 163
83 10 48
83 13 94
83 15 178
83 16 21
83 18 91
83 19 140
83 22 153
83 25 150
83 26 142
83 28 167
83 29 96
83 30 26
83 31 60
83 32 69
83 33 55
83 39 72
83 43 64
83 44 34
83 46 121
83 47 133
83 48 158
83 54 115
83 56 126
83 60 46
83 61 112
83 64 42
83 65 116
83 69 58
83 70 26
83 71 59
83 72 38
83 73 61
83 75 136
83 76 138
83 80 179
83 81 53
83 82 71
83 84 136
83 91 40
83 93 142
83 95 91
83 96 182
83 97 30
83 98 136
83 101 130
83 102 107
83 t 115
84 1 143
84 3 161
84 4 155
84 6 17
84 11 145
84 13 44
84 16 149
84 19 62
84 20 90
84 24 124
84 27 132
84 28 170
84 29 106
84 33 82
84 36 115
84 42 140
84 44 148
84 48 175
84 49 43
84 53 160
84 55 24
84 56 77
84 58 82
84 59 36
84 61 153
84 64 44
84 66 90
84 68 144
84 69 69
84 71 155
84 74 128
84 76 176
84 79 166
84 80 133
84 82 122
84 83 136
84 85 178
84 86 173
84 87 114
84 89 60
84 92 51
84 93 62
84 94 108
84 95 120
84 98 101
84 101 104
84 102 160
84 t 97
85 1 92
85 3 133
85 4 48
85 5 100
85 6 174
85 11 34
85 13 48
85 15 32
85 19 149
85 20 31
85 22 107
85 24 17
85 26 100
85 28 28
85 29 105
85 30 111
85 31 165
85 32 163
85 35 101
85 36 153
85 39 49
85 40 44
85 42 125
85 46 175
85 48 72
85 49 46
85 50 55
85 52 146
85 55 168
85 56 82
85 58 77
85 59 30
85 60 135
85 64 101
85 66 154
85 69 143
85 71 60
85 74 98
85 77 92
85 78 48
85 80 19
85 84 178
85 90 174
85 92 85
85 94 68
85 95 111
85 99 151
85 100 113
85 104 77
85 t 56
86 1 104
86 2 112
86 4 57
86 8 63
86 11 32
86 15 62
86 20 43
86 22 50
86 23 26
86 25 38
86 26 59
86 27 44
86 29 145
86 30 104
86 32 32
86 33 144
86 36 74
86 39 112
86 40 50
86 41 115
86 44 32
86 50 28
86 60 79
86 67 101
86 70 81
86 71 28
86 74 58
86 77 37
86 79 134
86 80 65
86 81 112
86 82 51
86 84 173
86 88 131
86 89 44
86 90 65
86 92 60
86 93 88
86 95 170
86 100 168
86 101 104
87 5 57
87 7 17
87 9 81
87 11 36
87 12 144
87 15 143
87 17 120
87 18 19
87 19 150
87 22 36
87 23 65
87 24 100
87 25 104
87 28 70
87 29 115
87 31 51
87 35 39
87 38 160
87 39 132
87 41 44
87 42 178
87 45 123
87 46 117
87 50 38
87 52 121
87 53 105
87 59 102
87 60 152
87 61 19
87 64 120
87 65 162
87 66 25
87 68 23
87 70 72
87 73 108
87 74 174
87 75 19
87 78 128
87 80 115
87 82 121
87 84 114
87 89 121
87 91 36
87 92 136
87 99 60
87 100 83
87 101 148
87 102 29
87 103 49
87 t 166
88 5 133
88 11 125
88 18 170
88 19 148
88 23 63
88 25 175
88 29 130
88 30 146
88 35 176
88 36 87
88 40 159
88 42 93
88 43 72
88 44 33
88 46 100
88 49 101
88 50 52
88 52 26
88 54 95
88 55 169
88 56 123
88 59 28
88 64 104
88 69 165
88 70 64
88 73 36
88 76 36
88 77 19
88 80 167
88 81 56
88 86 131
88 89 153
88 92 76
88 94 112
88 95 22
88 97 98
88 101 106
88 102 59
88 103 85
88 104 145
89 6 66
89 8 74
89 9 123
89 12 61
89 13 108
89 14 59
89 17 22
89 21 88
89 22 131
89 25 73
89 26 37
89 29 92
89 34 99
89 35 114
89 36 147
89 37 179
89 38 49
89 39 178
89 41 155
89 44 104
89 47 29
89 49 155
89 50 179
89 54 68
89 55 141
89 57 121
89 58 58
89 59 57
89 60 61
89 62 68
89 63 169
89 64 170
89 65 98
89 66 44
89 67 36
89 68 118
89 71 179
89 72 95
89 73 90
89 74 50
89 76 111
89 79 149
89 80 39
89 81 102
89 82 89
89 84 60
89 86 44
89 87 121
89 88 153
89 90 28
89 91 24
89 94 142
89 95 93
89 96 101
89 99 164
89 101 145
89 102 156
89 104 68
89 t 78
90 2 96
90 5 144
90 10 26
90 11 168
90 13 49
90 16 122
90 17 157
90 19 139
90 28 86
90 31 24
90 32 123
90 33 131
90 34 84
90 35 54
90 37 110
90 38 52
90 40 45
90 42 92
90 43 121
90 44 134
90 45 46
90 49 109
90 50 45
90 51 109
90 52 181
90 53 73
90 55 41
90 61 90
90 62 163
90 68 73
90 69 151
90 70 149
90 71 100
90 72 105
90 75 182
90 79 163
90 80 24
90 85 174
90 86 65
90 89 28
90 92 160
90 94 45
90 96 140
90 98 94
90 101 130
90 104 79
91 1 17
91 2 20
91 3 56
91 4 98
91 5 119
91 7 37
91 9 33
91 12 92
91 13 60
91 15 23
91 17 64
91 20 123
91 21 160
91 29 75
91 31 171
91 33 54
91 34 115
91 35 26
91 37 167
91 45 38
91 46 152
91 49 110
91 52 162
91 54 182
91 55 19
91 57 84
91 62 166
91 63 98
91 67 34
91 69 147
91 71 166
91 73 160
91 74 159
91 76 109
91 77 153
91 83 40
91 87 36
91 89 24
91 93 68
91 95 113
91 99 62
91 103 128
91 t 36
92 3 138
92 10 70
92 12 58
92 17 107
92 18 77
92 19 40
92 22 170
92 23 155
92 26 169
92 27 113
92 29 83
92 31 107
92 32 123
92 34 70
92 36 17
92 38 79
92 43 84
92 44 94
92 45 142
92 46 160
92 47 116
92 54 124
92 55 60
92 57 181
92 63 29
92 64 113
92 66 19
92 68 151
92 69 78
92 70 37
92 71 156
92 72 44
92 73 40
92 74 166
92 76 173
92 77 99
92 79 174
92 80 113
92 82 97
92 84 51
92 85 85
92 86 60
92 87 136
92 88 76
92 90 160
92 94 35
92 95 138
92 96 61
92 98 126
92 100 72
92 103 78
92 t 39
93 1 133
93 2 162
93 3 85
93 4 98
93 7 155
93 8 31
93 10 27
93 11 146
93 13 124
93 19 75
93 21 117
93 22 31
93 24 81
93 25 49
93 27 50
93 28 22
93 29 144
93 33 156
93 35 42
93 37 68
93 50 141
93 51 106
93 52 27
93 53 108
93 55 19
93 59 58
93 60 157
93 64 41
93 68 111
93 70 82
93 74 126
93 75 138
93 78 81
93 80 38
93 81 179
93 83 142
93 84 62
93 86 88
93 91 68
93 94 69
93 97 76
93 98 49
93 100 176
93 101 164
93 104 151
93 t 129
94 1 142
94 3 157
94 4 179
94 11 74
94 16 101
94 17 90
94 18 58
94 21 104
94 24 83
94 25 96
94 26 79
94 28 119
94 30 172
94 32 39
94 34 130
94 35 37
94 37 85
94 40 81
94 41 158
94 42 94
94 44 26
94 45 134
94 46 141
94 47 69
94 48 45
94 49 78
94 50 154
94 53 145
94 54 71
94 56 164
94 57 47
94 58 141
94 59 59
94 61 164
94 62 31
94 66 34
94 68 181
94 70 63
94 79 32
94 82 77
94 84 108
94 85 68
94 88 112
94 89 142
94 90 45
94 92 35
94 93 69
94 95 32
94 99 48
94 100 44
94 102 58
94 103 56
94 t 27
95 2 44
95 3 123
95 4 63
95 5 54
95 6 144
95 7 160
95 8 18
95 9 126
95 11 126
95 12 125
95 13 62
95 15 63
95 18 33
95 21 84
95 22 45
95 23 96
95 24 61
95 29 169
95 31 147
95 32 178
95 35 33
95 38 111
95 43 127
95 47 181
95 48 168
95 49 35
95 52 85
95 57 61
95 59 40
95 60 159
95 65 92
95 66 125
95 67 70
95 73 91
95 75 107
95 77 138
95 81 101
95 83 91
95 84 120
95 85 111
95 86 170
95 88 22
95 89 93
95 91 113
95 92 138
95 94 32
95 98 37
95 101 29
95 103 151
95 104 35
96 1 142
96 2 33
96 5 63
96 6 113
96 7 160
96 8 90
96 10 173
96 12 139
96 13 71
96 14 137
96 16 102
96 18 48
96 19 116
96 21 35
96 22 150
96 23 17
96 24 85
96 25 85
96 27 39
96 29 129
96 31 130
96 32 104
96 35 52
96 36 182
96 37 127
96 39 134
96 40 133
96 41 180
96 44 104
96 48 88
96 49 131
96 51 72
96 54 64
96 56 158
96 57 167
96 58 137
96 61 114
96 62 165
96 67 106
96 70 68
96 74 179
96 76 77
96 77 91
96 81 182
96 83 182
96 89 101
96 90 140
96 92 61
96 98 95
96 99 156
96 101 147
96 102 112
96 103 33
96 t 22
97 5 168
97 9 114
97 10 109
97 12 18
97 14 52
97 15 152
97 18 18
97 21 97
97 22 25
97 24 106
97 26 83
97 27 173
97 28 58
97 30 120
97 31 67
97 32 42
97 36 125
97 37 93
97 38 136
97 39 119
97 42 44
97 44 139
97 47 181
97 48 109
97 51 124
97 57 44
97 62 118
97 64 72
97 65 70
97 66 90
97 67 86
97 68 118
97 70 78
97 72 56
97 73 32
97 77 172
97 78 171
97 79 27
97 80 119
97 81 26
97 83 30
97 88 98
97 93 76
97 103 59
98 1 35
98 3 73
98 4 40
98 8 134
98 11 148
98 12 45
98 13 152
98 14 151
98 18 53
98 21 115
98 22 118
98 23 116
98 25 45
98 26 44
98 30 59
98 32 166
98 34 142
98 35 87
98 36 31
98 37 100
98 38 107
98 40 176
98 41 74
98 42 20
98 43 128
98 44 76
98 46 174
98 49 181
98 53 25
98 54 51
98 63 92
98 64 116
98 65 98
98 67 75
98 73 99
98 74 179
98 77 75
98 79 74
98 81 167
98 83 136
98 84 101
98 90 94
98 92 126
98 93 49
98 95 37
98 96 95
98 99 150
98 101 108
98 102 154
98 103 145
98 104 138
99 3 138
99 5 28
99 6 114
99 7 84
99 12 109
99 15 30
99 16 55
99 18 93
99 20 113
99 22 181
99 23 43
99 24 121
99 26 84
99 28 61
99 30 23
99 31 128
99 33 32
99 34 20
99 37 78
99 44 51
99 46 108
99 47 35
99 48 135
99 49 117
99 50 142
99 51 31
99 52 46
99 55 86
99 58 103
99 59 120
99 62 170
99 64 20
99 65 59
99 67 156
99 68 29
99 70 132
99 72 68
99 75 167
99 79 88
99 80 23
99 82 81
99 85 151
99 87 60
99 89 164
99 91 62
99 94 48
99 96 156
99 98 150
99 t 96
100 1 80
100 2 163
100 4 83
100 5 42
100 7 40
100 9 51
100 11 23
100 12 139
100 13 125
100 16 161
100 18 138
100 22 137
100 25 159
100 27 155
100 30 66
100 33 166
100 35 50
100 36 64
100 38 62
100 39 24
100 45 50
100 47 114
100 52 94
100 53 168
100 58 145
100 61 67
100 62 162
100 63 169
100 64 49
100 69 73
100 70 52
100 71 59
100 76 162
100 77 156
100 80 76
100 85 113
100 86 168
100 87 83
100 92 72
100 93 176
100 94 44
100 101 182
100 103 92
100 t 121
101 1 48
101 2 149
101 4 121
101 7 146
101 8 106
101 9 40
101 10 171
101 14 144
101 17 21
101 18 124
101 22 110
101 25 19
101 26 164
101 27 141
101 28 34
101 29 97
101 30 46
101 32 64
101 36 130
101 37 147
101 39 121
101 40 29
101 48 29
101 49 87
101 50 163
101 54 167
101 57 119
101 58 158
101 59 138
101 60 90
101 62 58
101 65 92
101 67 50
101 68 130
101 70 147
101 71 126
101 73 172
101 75 180
101 77 47
101 79 138
101 80 66
101 83 130
101 84 104
101 86 104
101 87 148
101 88 106
101 89 145
101 90 130
101 93 164
101 95 29
101 96 147
101 98 108
101 100 182
101 102 42
101 103 99
101 104 86
102 2 35
102 3 154
102 4 174
102 6 163
102 7 99
102 8 166
102 9 99
102 13 152
102 14 55
102 15 34
102 20 170
102 21 141
102 25 35
102 30 55
102 31 151
102 32 113
102 36 102
102 42 23
102 46 51
102 48 54
102 49 55
102 53 26
102 55 56
102 56 125
102 60 106
102 61 163
102 66 167
102 67 96
102 69 162
102 72 23
102 75 95
102 76 173
102 79 117
102 83 107
102 84 160
102 87 29
102 88 59
102 89 156
102 94 58
102 96 112
102 98 154
102 101 42
102 103 79
102 t 134
103 4 108
103 5 45
103 7 51
103 11 52
103 13 48
103 15 53
103 16 166
103 17 73
103 21 59
103 27 113
103 28 176
103 31 108
103 32 69
103 34 61
103 35 181
103 41 138
103 43 172
103 44 134
103 46 17
103 49 88
103 51 177
103 52 26
103 53 19
103 54 27
103 58 153
103 59 153
103 60 26
103 62 18
103 63 79
103 64 168
103 65 55
103 67 144
103 68 89
103 70 168
103 73 71
103 75 176
103 78 69
103 80 34
103 87 49
103 88 85
103 91 128
103 92 78
103 94 56
103 95 151
103 96 33
103 97 59
103 98 145
103 100 92
103 101 99
103 102 79
104 1 37
104 3 173
104 4 171
104 5 134
104 6 61
104 7 70
104 9 23
104 10 142
104 12 62
104 15 50
104 17 157
104 18 78
104 20 21
104 22 49
104 24 164
104 27 48
104 31 44
104 32 68
104 33 124
104 34 32
104 36 97
104 37 38
104 39 36
104 41 137
104 43 175
104 44 96
104 45 145
104 46 42
104 49 18
104 52 165
104 57 36
104 58 124
104 60 150
104 61 35
104 64 135
104 65 82
104 69 118
104 70 150
104 74 166
104 75 171
104 76 181
104 77 41
104 78 161
104 81 105
104 85 77
104 88 145
104 89 68
104 90 79
104 93 151
104 95 35
104 98 138
104 101 86
