s 2 49
s 5 37
s 6 58
s 9 53
s 12 28
s 13 38
s 14 68
s 15 91
s 17 64
s 19 84
s 25 50
s 26 40
s 29 97
s 33 83
s 36 101
s 37 97
s 38 61
s 41 44
s 42 20
s 45 91
s t 72
1 2 23
1 7 19
1 8 26
1 9 32
1 10 99
1 11 22
1 12 50
1 13 34
1 14 44
1 15 91
1 16 50
1 17 66
1 20 36
1 22 59
1 24 56
1 25 73
1 27 70
1 28 64
1 29 54
1 30 78
1 32 85
1 33 44
1 37 22
1 38 63
1 40 100
1 41 76
1 42 89
1 44 39
1 45 52
1 46 59
1 t 48
2 1 23
2 4 82
2 8 94
2 10 84
2 11 73
2 12 56
2 17 51
2 19 80
2 20 36
2 21 92
2 24 22
2 27 56
2 29 31
2 31 91
2 32 79
2 33 37
2 34 57
2 35 72
2 36 75
2 37 51
2 39 43
2 40 65
2 42 83
2 44 89
2 t 99
3 6 33
3 7 29
3 8 40
3 9 46
3 11 19
3 12 93
3 14 72
3 20 99
3 21 57
3 22 87
3 23 92
3 24 88
3 26 75
3 27 49
3 28 62
3 29 99
3 30 66
3 31 19
3 32 40
3 33 86
3 34 86
3 36 50
3 37 21
3 39 62
3 41 23
3 42 72
3 44 49
3 45 53
3 46 33
3 48 97
3 t 30
4 2 82
4 6 99
4 7 71
4 8 68
4 12 47
4 13 32
4 14 52
4 16 61
4 17 98
4 18 57
4 19 84
4 20 37
4 21 58
4 22 90
4 23 64
4 24 39
4 27 59
4 29 97
4 30 57
4 33 60
4 37 71
4 38 30
4 39 35
4 40 85
4 41 72
4 42 28
4 43 47
4 47 58
4 48 92
5 6 87
5 7 92
5 8 81
5 9 54
5 11 30
5 12 79
5 13 48
5 15 59
5 16 21
5 18 81
5 20 88
5 22 76
5 24 96
5 25 48
5 26 43
5 27 62
5 28 58
5 30 52
5 32 38
5 33 46
5 34 90
5 36 71
5 37 30
5 38 81
5 39 69
5 40 90
5 44 85
5 46 56
5 t 86
6 3 33
6 4 99
6 5 87
6 8 87
6 9 54
6 13 65
6 18 29
6 20 60
6 22 45
6 29 67
6 30 74
6 31 52
6 33 41
6 34 55
6 35 19
6 36 24
6 39 85
6 40 99
6 43 87
6 45 66
6 46 84
6 t 26
7 1 19
7 3 29
7 4 71
7 5 92
7 8 34
7 9 20
7 10 53
7 11 84
7 13 24
7 14 23
7 15 80
7 16 33
7 17 49
7 18 91
7 19 27
7 21 53
7 22 43
7 23 54
7 26 38
7 27 71
7 34 75
7 36 101
7 37 85
7 38 32
7 39 47
7 42 79
7 44 24
7 45 45
7 47 31
7 t 40
8 1 26
8 2 94
8 3 40
8 4 68
8 5 81
8 6 87
8 7 34
8 9 100
8 10 68
8 12 51
8 15 59
8 16 62
8 22 63
8 23 82
8 25 89
8 26 29
8 28 81
8 31 72
8 36 40
8 41 23
8 43 20
8 44 19
8 45 67
8 47 20
8 48 44
8 t 91
9 1 32
9 3 46
9 5 54
9 6 54
9 7 20
9 8 100
9 11 71
9 12 37
9 14 88
9 15 72
9 16 99
9 19 96
9 20 76
9 21 24
9 22 32
9 24 43
9 31 92
9 32 74
9 33 75
9 35 69
9 36 79
9 37 30
9 38 39
9 41 101
9 42 69
9 45 30
9 46 59
9 48 71
9 t 26
10 1 99
10 2 84
10 7 53
10 8 68
10 11 51
10 13 25
10 14 47
10 19 42
10 20 20
10 23 84
10 24 87
10 26 29
10 27 47
10 28 83
10 29 90
10 34 79
10 37 61
10 38 22
10 39 41
10 40 93
10 42 97
10 43 85
10 46 63
11 1 22
11 2 73
11 3 19
11 5 30
11 7 84
11 9 71
11 10 51
11 12 88
11 13 70
11 15 55
11 18 77
11 20 58
11 21 68
11 22 89
11 23 60
11 24 61
11 25 43
11 26 47
11 27 60
11 29 29
11 30 78
11 31 41
11 32 98
11 37 48
11 38 83
11 40 60
11 42 43
11 43 86
11 44 98
11 47 96
12 1 50
12 2 56
12 3 93
12 4 47
12 5 79
12 8 51
12 9 37
12 11 88
12 13 65
12 15 23
12 16 54
12 18 29
12 23 84
12 24 93
12 25 78
12 33 46
12 34 78
12 36 23
12 38 86
12 39 36
12 40 33
12 41 45
12 42 50
12 43 56
12 44 79
12 45 29
12 46 50
13 1 34
13 4 32
13 5 48
13 6 65
13 7 24
13 10 25
13 11 70
13 12 65
13 14 76
13 16 52
13 17 49
13 19 71
13 20 64
13 21 52
13 22 88
13 24 50
13 25 89
13 26 43
13 34 74
13 35 87
13 37 67
13 38 100
13 40 63
13 42 42
13 44 100
13 46 82
13 t 29
14 1 44
14 3 72
14 4 52
14 7 23
14 9 88
14 10 47
14 13 76
14 17 95
14 18 75
14 20 99
14 21 84
14 23 59
14 29 19
14 30 88
14 34 95
14 35 42
14 37 92
14 39 19
14 41 57
14 42 54
14 43 62
14 45 58
14 47 65
14 48 27
14 t 24
15 1 91
15 5 59
15 7 80
15 8 59
15 9 72
15 11 55
15 12 23
15 17 62
15 19 56
15 20 30
15 22 22
15 26 66
15 27 94
15 28 20
15 29 74
15 30 91
15 32 93
15 34 31
15 35 101
15 38 30
15 40 45
15 42 32
15 43 78
15 45 95
16 1 50
16 4 61
16 5 21
16 7 33
16 8 62
16 9 99
16 12 54
16 13 52
16 17 49
16 18 65
16 21 71
16 24 21
16 25 48
16 27 67
16 28 32
16 30 26
16 31 101
16 32 29
16 34 79
16 35 28
16 36 22
16 37 76
16 38 40
16 41 71
16 42 99
16 43 49
16 44 100
16 45 43
16 t 40
17 1 66
17 2 51
17 4 98
17 7 49
17 13 49
17 14 95
17 15 62
17 16 49
17 18 31
17 20 20
17 22 89
17 23 73
17 24 93
17 25 88
17 28 100
17 29 94
17 32 37
17 33 84
17 35 48
17 36 86
17 37 77
17 39 82
17 40 37
17 41 96
17 44 27
17 45 87
17 47 74
17 t 56
18 4 57
18 5 81
18 6 29
18 7 91
18 11 77
18 12 29
18 14 75
18 16 65
18 17 31
18 19 74
18 24 68
18 26 38
18 27 50
18 29 66
18 30 39
18 31 22
18 32 87
18 39 67
18 42 92
18 44 62
18 45 35
18 46 67
18 47 55
18 48 72
18 t 29
19 2 80
19 4 84
19 7 27
19 9 96
19 10 42
19 13 71
19 15 56
19 18 74
19 21 33
19 22 95
19 27 51
19 31 97
19 35 32
19 36 60
19 38 35
19 39 87
19 40 48
19 43 54
19 47 79
19 48 38
20 1 36
20 2 36
20 3 99
20 4 37
20 5 88
20 6 60
20 9 76
20 10 20
20 11 58
20 13 64
20 14 99
20 15 30
20 17 20
20 21 25
20 23 24
20 26 101
20 28 40
20 31 39
20 32 27
20 33 60
20 35 36
20 36 43
20 37 42
20 39 46
20 40 68
20 42 81
20 44 65
20 46 98
20 t 37
21 2 92
21 3 57
21 4 58
21 7 53
21 9 24
21 11 68
21 13 52
21 14 84
21 16 71
21 19 33
21 20 25
21 22 43
21 24 92
21 26 60
21 29 87
21 34 52
21 36 52
21 39 69
21 41 91
21 44 56
21 45 40
21 47 71
21 t 27
22 1 59
22 3 87
22 4 90
22 5 76
22 6 45
22 7 43
22 8 63
22 9 32
22 11 89
22 13 88
22 15 22
22 17 89
22 19 95
22 21 43
22 24 33
22 26 92
22 28 47
22 29 83
22 30 43
22 32 55
22 33 63
22 35 25
22 36 90
22 38 43
22 39 63
22 40 99
22 41 92
22 43 52
22 44 29
22 46 45
22 48 42
23 3 92
23 4 64
23 7 54
23 8 82
23 10 84
23 11 60
23 12 84
23 14 59
23 17 73
23 20 24
23 24 45
23 26 34
23 27 89
23 30 51
23 31 75
23 33 52
23 34 92
23 39 24
23 41 54
23 44 50
23 46 51
23 47 65
23 t 33
24 1 56
24 2 22
24 3 88
24 4 39
24 5 96
24 9 43
24 10 87
24 11 61
24 12 93
24 13 50
24 16 21
24 17 93
24 18 68
24 21 92
24 22 33
24 23 45
24 25 61
24 26 74
24 29 24
24 32 55
24 33 70
24 35 69
24 36 81
24 37 72
24 38 71
24 39 101
24 42 89
24 45 86
24 46 71
24 47 61
24 t 37
25 1 73
25 5 48
25 8 89
25 11 43
25 12 78
25 13 89
25 16 48
25 17 88
25 24 61
25 26 67
25 28 85
25 29 72
25 30 80
25 32 83
25 36 37
25 37 89
25 41 98
25 43 53
25 45 44
25 48 47
26 3 75
26 5 43
26 7 38
26 8 29
26 10 29
26 11 47
26 13 43
26 15 66
26 18 38
26 20 101
26 21 60
26 22 92
26 23 34
26 24 74
26 25 67
26 27 78
26 28 42
26 31 63
26 32 75
26 33 98
26 37 50
26 38 51
26 39 40
26 40 26
26 41 82
26 43 76
26 44 86
26 46 76
26 47 53
26 48 24
26 t 93
27 1 70
27 2 56
27 3 49
27 4 59
27 5 62
27 7 71
27 10 47
27 11 60
27 15 94
27 16 67
27 18 50
27 19 51
27 23 89
27 26 78
27 28 39
27 29 67
27 31 19
27 32 85
27 33 59
27 36 73
27 40 53
27 41 38
27 44 100
27 48 50
27 t 22
28 1 64
28 3 62
28 5 58
28 8 81
28 10 83
28 15 20
28 16 32
28 17 100
28 20 40
28 22 47
28 25 85
28 26 42
28 27 39
28 29 98
28 30 99
28 31 66
28 34 49
28 36 42
28 41 41
28 42 78
28 43 58
28 44 100
28 45 94
28 46 30
28 48 83
28 t 42
29 1 54
29 2 31
29 3 99
29 4 97
29 6 67
29 10 90
29 11 29
29 14 19
29 15 74
29 17 94
29 18 66
29 21 87
29 22 83
29 24 24
29 25 72
29 27 67
29 28 98
29 30 69
29 31 88
29 32 36
29 33 34
29 35 85
29 37 52
29 38 40
29 41 79
29 43 71
29 45 52
29 46 42
29 48 71
30 1 78
30 3 66
30 4 57
30 5 52
30 6 74
30 11 78
30 14 88
30 15 91
30 16 26
30 18 39
30 22 43
30 23 51
30 25 80
30 28 99
30 29 69
30 32 85
30 34 51
30 35 101
30 36 21
30 37 24
30 38 69
30 39 35
30 40 52
30 42 26
30 43 43
30 44 68
30 45 25
30 46 31
30 47 46
30 48 51
30 t 71
31 2 91
31 3 19
31 6 52
31 8 72
31 9 92
31 11 41
31 16 101
31 18 22
31 19 97
31 20 39
31 23 75
31 26 63
31 27 19
31 28 66
31 29 88
31 33 22
31 35 99
31 38 84
31 40 42
31 42 31
31 43 100
31 45 83
31 47 90
31 48 99
31 t 41
32 1 85
32 2 79
32 3 40
32 5 38
32 9 74
32 11 98
32 15 93
32 16 29
32 17 37
32 18 87
32 20 27
32 22 55
32 24 55
32 25 83
32 26 75
32 27 85
32 29 36
32 30 85
32 33 55
32 34 46
32 35 43
32 36 63
32 37 34
32 38 63
32 39 30
32 40 21
32 41 56
32 45 32
32 46 39
32 47 89
32 t 54
33 1 44
33 2 37
33 3 86
33 4 60
33 5 46
33 6 41
33 9 75
33 12 46
33 17 84
33 20 60
33 22 63
33 23 52
33 24 70
33 26 98
33 27 59
33 29 34
33 31 22
33 32 55
33 34 42
33 36 49
33 37 83
33 38 20
33 40 44
33 43 72
33 44 21
33 46 76
33 48 75
33 t 83
34 2 57
34 3 86
34 5 90
34 6 55
34 7 75
34 10 79
34 12 78
34 13 74
34 14 95
34 15 31
34 16 79
34 21 52
34 23 92
34 28 49
34 30 51
34 32 46
34 33 42
34 35 39
34 36 36
34 37 21
34 39 56
34 40 54
34 41 82
34 42 19
34 43 26
34 45 22
34 47 21
34 t 65
35 2 72
35 6 19
35 9 69
35 13 87
35 14 42
35 15 101
35 16 28
35 17 48
35 19 32
35 20 36
35 22 25
35 24 69
35 29 85
35 30 101
35 31 99
35 32 43
35 34 39
35 36 28
35 38 46
35 39 22
35 42 38
35 47 47
35 t 48
36 2 75
36 3 50
36 5 71
36 6 24
36 7 101
36 8 40
36 9 79
36 12 23
36 16 22
36 17 86
36 19 60
36 20 43
36 21 52
36 22 90
36 24 81
36 25 37
36 27 73
36 28 42
36 30 21
36 32 63
36 33 49
36 34 36
36 35 28
36 41 21
36 43 44
36 45 76
36 46 89
36 47 43
36 t 90
37 1 22
37 2 51
37 3 21
37 4 71
37 5 30
37 7 85
37 9 30
37 10 61
37 11 48
37 13 67
37 14 92
37 16 76
37 17 77
37 20 42
37 24 72
37 25 89
37 26 50
37 29 52
37 30 24
37 32 34
37 33 83
37 34 21
37 41 65
37 44 77
37 47 55
37 48 74
37 t 47
38 1 63
38 4 30
38 5 81
38 7 32
38 9 39
38 10 22
38 11 83
38 12 86
38 13 100
38 15 30
38 16 40
38 19 35
38 22 43
38 24 71
38 26 51
38 29 40
38 30 69
38 31 84
38 32 63
38 33 20
38 35 46
38 39 83
38 43 23
38 45 86
38 48 101
38 t 20
39 2 43
39 3 62
39 4 35
39 5 69
39 6 85
39 7 47
39 10 41
39 12 36
39 14 19
39 17 82
39 18 67
39 19 87
39 20 46
39 21 69
39 22 63
39 23 24
39 24 101
39 26 40
39 30 35
39 32 30
39 34 56
39 35 22
39 38 83
39 40 46
39 41 59
39 43 92
39 44 85
39 45 94
39 46 46
39 47 30
40 1 100
40 2 65
40 4 85
40 5 90
40 6 99
40 10 93
40 11 60
40 12 33
40 13 63
40 15 45
40 17 37
40 19 48
40 20 68
40 22 99
40 26 26
40 27 53
40 30 52
40 31 42
40 32 21
40 33 44
40 34 54
40 39 46
40 41 30
40 42 40
40 44 74
40 46 24
41 1 76
41 3 23
41 4 72
41 8 23
41 9 101
41 12 45
41 14 57
41 16 71
41 17 96
41 21 91
41 22 92
41 23 54
41 25 98
41 26 82
41 27 38
41 28 41
41 29 79
41 32 56
41 34 82
41 36 21
41 37 65
41 39 59
41 40 30
41 43 69
41 44 20
41 45 34
41 48 65
41 t 82
42 1 89
42 2 83
42 3 72
42 4 28
42 7 79
42 9 69
42 10 97
42 11 43
42 12 50
42 13 42
42 14 54
42 15 32
42 16 99
42 18 92
42 20 81
42 24 89
42 28 78
42 30 26
42 31 31
42 34 19
42 35 38
42 40 40
42 43 50
42 46 39
42 t 61
43 4 47
43 6 87
43 8 20
43 10 85
43 11 86
43 12 56
43 14 62
43 15 78
43 16 49
43 19 54
43 22 52
43 25 53
43 26 76
43 28 58
43 29 71
43 30 43
43 31 100
43 33 72
43 34 26
43 36 44
43 38 23
43 39 92
43 41 69
43 42 50
43 44 59
43 47 47
43 48 88
43 t 49
44 1 39
44 2 89
44 3 49
44 5 85
44 7 24
44 8 19
44 11 98
44 12 79
44 13 100
44 16 100
44 17 27
44 18 62
44 20 65
44 21 56
44 22 29
44 23 50
44 26 86
44 27 100
44 28 100
44 30 68
44 33 21
44 37 77
44 39 85
44 40 74
44 41 20
44 43 59
44 45 87
44 t 71
45 1 52
45 3 53
45 6 66
45 7 45
45 8 67
45 9 30
45 12 29
45 14 58
45 15 95
45 16 43
45 17 87
45 18 35
45 21 40
45 24 86
45 25 44
45 28 94
45 29 52
45 30 25
45 31 83
45 32 32
45 34 22
45 36 76
45 38 86
45 39 94
45 41 34
45 44 87
45 46 39
45 48 75
45 t 69
46 1 59
46 3 33
46 5 56
46 6 84
46 9 59
46 10 63
46 12 50
46 13 82
46 18 67
46 20 98
46 22 45
46 23 51
46 24 71
46 26 76
46 28 30
46 29 42
46 30 31
46 32 39
46 33 76
46 36 89
46 39 46
46 40 24
46 42 39
46 45 39
47 4 58
47 7 31
47 8 20
47 11 96
47 14 65
47 17 74
47 18 55
47 19 79
47 21 71
47 23 65
47 24 61
47 26 53
47 30 46
47 31 90
47 32 89
47 34 21
47 35 47
47 36 43
47 37 55
47 39 30
47 43 47
47 48 52
47 t 38
48 3 97
48 4 92
48 8 44
48 9 71
48 14 27
48 18 72
48 19 38
48 22 42
48 25 47
48 26 24
48 27 50
48 28 83
48 29 71
48 30 51
48 31 99
48 33 75
48 37 74
48 38 101
48 41 65
48 43 88
48 45 75
48 47 52
48 t 57
