s 1 83
s 3 45
s 4 35
s 6 21
s 7 65
s 9 35
s 10 63
s 11 75
s 15 56
s 18 35
s 20 64
s 25 69
s 28 73
s 30 73
s 31 61
s 33 20
s 34 81
s 36 61
s 38 26
s 49 46
s 52 9
s 54 43
s 57 21
s 58 52
s 62 14
s 63 41
s 68 25
s 70 88
s 74 75
s 75 34
s 76 87
s 78 25
s 79 19
s 84 68
s 86 18
s 88 93
s 89 75
s 93 39
s 96 22
s 97 98
s 98 25
s 103 28
s 104 55
s 105 83
s 107 13
s 108 9
s 109 37
s 110 76
s 115 26
s 124 94
s 126 69
s 128 44
s 129 93
s 132 18
s 133 74
s 134 22
s 135 72
s 136 38
s 137 28
s t 94
1 2 100
1 4 64
1 6 77
1 8 48
1 10 14
1 13 64
1 14 53
1 18 57
1 20 27
1 22 42
1 30 62
1 31 30
1 35 78
1 36 71
1 37 88
1 38 85
1 39 45
1 40 42
1 41 36
1 42 25
1 46 21
1 49 72
1 51 73
1 52 13
1 53 21
1 54 77
1 57 72
1 58 64
1 60 50
1 61 47
1 64 78
1 65 37
1 66 19
1 68 92
1 76 21
1 77 47
1 78 92
1 79 49
1 84 65
1 88 81
1 90 63
1 91 26
1 93 84
1 100 23
1 103 81
1 105 25
1 106 63
1 107 96
1 108 32
1 109 69
1 112 22
1 114 50
1 117 36
1 119 91
1 120 28
1 123 32
1 124 52
1 125 69
1 126 60
1 129 18
1 131 44
1 135 65
1 136 25
1 141 28
2 1 100
2 3 66
2 9 31
2 10 19
2 12 47
2 13 29
2 17 99
2 20 91
2 23 25
2 24 15
2 29 99
2 35 56
2 37 54
2 38 45
2 40 78
2 41 32
2 42 30
2 44 71
2 45 56
2 47 60
2 48 47
2 51 14
2 53 19
2 54 71
2 55 91
2 58 98
2 63 19
2 64 60
2 66 90
2 67 77
2 68 14
2 69 11
2 73 54
2 77 86
2 78 39
2 82 42
2 83 30
2 84 85
2 86 61
2 89 34
2 90 25
2 91 33
2 94 68
2 97 14
2 104 20
2 105 11
2 107 23
2 111 75
2 112 70
2 114 38
2 116 78
2 117 80
2 118 91
2 122 18
2 123 48
2 125 48
2 128 94
2 130 70
2 131 93
2 133 30
2 135 56
2 136 69
2 140 100
2 141 78
3 2 66
3 5 52
3 7 19
3 13 40
3 15 95
3 17 30
3 24 12
3 25 56
3 26 81
3 28 36
3 29 54
3 31 89
3 32 75
3 33 17
3 34 66
3 35 64
3 38 65
3 39 66
3 40 96
3 43 84
3 44 25
3 46 37
3 50 91
3 53 46
3 55 25
3 57 42
3 60 21
3 61 18
3 65 100
3 66 54
3 67 74
3 69 82
3 73 10
3 75 93
3 84 66
3 86 10
3 88 10
3 91 33
3 94 28
3 96 39
3 97 37
3 99 64
3 101 72
3 102 57
3 104 90
3 106 21
3 108 29
3 110 35
3 113 24
3 114 9
3 115 28
3 117 79
3 119 44
3 120 95
3 122 72
3 131 41
3 136 41
3 137 100
3 139 76
3 141 31
3 t 12
4 1 64
4 7 78
4 10 59
4 16 66
4 17 12
4 19 25
4 24 25
4 26 98
4 27 51
4 28 60
4 31 86
4 34 79
4 35 98
4 36 83
4 38 75
4 39 89
4 41 51
4 44 95
4 45 10
4 46 80
4 49 15
4 57 24
4 61 68
4 62 85
4 65 35
4 67 36
4 68 58
4 70 37
4 72 18
4 74 24
4 77 48
4 78 66
4 80 61
4 83 14
4 84 74
4 86 37
4 89 20
4 96 90
4 97 99
4 98 42
4 99 33
4 101 16
4 102 70
4 103 33
4 104 70
4 105 80
4 106 79
4 110 94
4 113 96
4 115 18
4 116 55
4 121 10
4 122 20
4 126 20
4 127 46
4 128 21
4 131 100
4 132 74
4 135 77
5 3 52
5 8 12
5 9 10
5 10 58
5 14 14
5 16 25
5 17 75
5 22 38
5 25 71
5 27 9
5 28 19
5 30 83
5 34 14
5 37 97
5 39 65
5 41 65
5 42 67
5 46 30
5 47 49
5 48 79
5 51 83
5 55 27
5 56 65
5 61 52
5 66 37
5 67 20
5 70 44
5 73 67
5 75 84
5 76 48
5 79 35
5 80 48
5 81 35
5 82 32
5 86 65
5 88 87
5 90 92
5 92 95
5 93 51
5 96 35
5 98 37
5 99 81
5 100 34
5 102 50
5 103 28
5 105 64
5 111 27
5 112 88
5 114 35
5 117 19
5 119 65
5 120 40
5 124 86
5 125 31
5 126 14
5 131 74
5 134 25
5 137 52
5 139 58
5 141 18
5 t 53
6 1 77
6 9 93
6 10 92
6 11 31
6 13 93
6 15 11
6 20 65
6 23 89
6 25 87
6 26 89
6 28 87
6 32 83
6 37 39
6 38 66
6 43 24
6 44 83
6 46 96
6 47 94
6 49 74
6 50 84
6 52 66
6 53 57
6 54 26
6 55 26
6 56 45
6 59 22
6 61 64
6 66 65
6 72 95
6 73 85
6 75 25
6 78 74
6 83 80
6 86 67
6 88 25
6 89 41
6 92 36
6 94 51
6 95 31
6 96 34
6 97 87
6 98 82
6 100 14
6 102 24
6 103 15
6 104 81
6 107 67
6 109 19
6 112 82
6 113 80
6 114 85
6 116 62
6 119 27
6 121 99
6 123 13
6 129 23
6 133 25
6 134 99
6 136 18
6 138 10
6 139 59
6 t 45
7 3 19
7 4 78
7 11 82
7 15 100
7 16 37
7 18 83
7 20 46
7 23 67
7 24 82
7 28 67
7 30 18
7 32 78
7 34 63
7 41 46
7 46 14
7 47 21
7 51 36
7 53 89
7 56 28
7 57 25
7 58 26
7 63 61
7 64 16
7 66 16
7 67 36
7 68 51
7 69 24
7 70 65
7 71 30
7 72 40
7 73 80
7 74 59
7 75 90
7 76 19
7 79 45
7 84 41
7 85 22
7 87 20
7 88 17
7 90 43
7 92 31
7 93 55
7 95 43
7 96 37
7 97 29
7 99 76
7 100 63
7 103 93
7 104 66
7 106 59
7 108 25
7 109 87
7 114 77
7 115 52
7 118 21
7 124 27
7 125 91
7 127 61
7 130 9
7 131 53
7 133 16
7 134 22
7 135 21
7 138 96
7 141 70
7 t 27
8 1 48
8 5 12
8 9 98
8 10 40
8 12 58
8 15 84
8 16 54
8 24 19
8 29 14
8 31 78
8 33 39
8 35 19
8 37 82
8 43 24
8 45 39
8 46 95
8 47 56
8 48 85
8 49 54
8 53 89
8 54 48
8 55 68
8 56 59
8 57 28
8 60 60
8 61 88
8 65 85
8 68 31
8 69 93
8 71 99
8 74 66
8 75 98
8 78 96
8 82 9
8 83 86
8 86 98
8 87 34
8 88 62
8 89 30
8 93 70
8 95 48
8 97 54
8 98 96
8 99 18
8 101 69
8 103 51
8 104 100
8 105 48
8 106 23
8 113 82
8 117 87
8 122 30
8 123 84
8 127 18
8 128 94
8 130 79
8 131 72
8 136 36
8 137 36
8 139 86
8 140 58
8 141 16
8 t 39
9 2 31
9 5 10
9 6 93
9 8 98
9 10 80
9 11 68
9 12 39
9 17 37
9 20 89
9 21 65
9 22 96
9 24 20
9 27 50
9 30 48
9 33 82
9 35 99
9 39 59
9 42 74
9 43 29
9 48 55
9 49 17
9 54 46
9 55 22
9 56 46
9 62 79
9 63 86
9 68 28
9 69 28
9 72 52
9 75 53
9 77 11
9 79 67
9 80 44
9 81 38
9 84 57
9 85 47
9 86 80
9 87 61
9 88 12
9 90 51
9 91 79
9 93 93
9 95 19
9 96 71
9 98 40
9 99 78
9 100 79
9 101 25
9 102 30
9 104 98
9 105 20
9 107 51
9 110 32
9 113 86
9 117 59
9 120 87
9 121 17
9 128 95
9 132 15
9 136 36
9 137 84
9 139 70
9 140 31
9 141 20
9 t 29
10 1 14
10 2 19
10 4 59
10 5 58
10 6 92
10 8 40
10 9 80
10 11 94
10 14 96
10 16 87
10 17 28
10 18 94
10 19 52
10 21 65
10 22 91
10 24 12
10 27 70
10 29 19
10 32 47
10 34 53
10 36 50
10 37 99
10 38 90
10 40 59
10 41 9
10 42 33
10 43 95
10 44 83
10 45 14
10 47 88
10 49 90
10 50 90
10 54 62
10 55 49
10 58 28
10 60 39
10 62 69
10 70 19
10 73 36
10 74 11
10 75 53
10 76 12
10 79 15
10 80 48
10 83 59
10 84 56
10 85 74
10 87 27
10 89 16
10 91 66
10 92 46
10 93 32
10 99 23
10 102 41
10 103 76
10 106 37
10 109 34
10 110 39
10 111 53
10 120 43
10 130 82
10 132 100
10 134 60
10 138 60
10 141 22
11 6 31
11 7 82
11 9 68
11 10 94
11 13 72
11 14 75
11 16 64
11 17 9
11 20 38
11 23 32
11 24 12
11 26 86
11 28 88
11 29 37
11 31 37
11 32 88
11 35 16
11 37 19
11 38 98
11 39 57
11 40 51
11 42 71
11 44 84
11 46 77
11 48 85
11 52 15
11 64 19
11 65 55
11 66 45
11 68 49
11 70 14
11 72 86
11 73 26
11 74 89
11 75 65
11 76 66
11 78 100
11 82 35
11 84 22
11 85 11
11 87 31
11 88 60
11 89 27
11 90 73
11 92 10
11 93 89
11 95 24
11 98 33
11 100 94
11 102 98
11 103 43
11 104 83
11 105 22
11 109 54
11 110 70
11 113 61
11 118 41
11 120 89
11 127 41
11 129 80
11 130 53
11 133 44
11 135 98
11 139 74
11 141 84
11 t 99
12 2 47
12 8 58
12 9 39
12 13 70
12 15 24
12 20 36
12 21 46
12 22 99
12 23 99
12 26 99
12 27 39
12 29 20
12 35 23
12 36 79
12 38 65
12 40 31
12 41 55
12 46 80
12 48 88
12 49 92
12 52 52
12 54 10
12 60 87
12 61 10
12 63 38
12 64 52
12 65 80
12 67 26
12 70 9
12 72 63
12 73 37
12 74 88
12 80 32
12 86 34
12 88 30
12 89 23
12 94 64
12 95 13
12 97 26
12 98 91
12 99 94
12 100 99
12 104 89
12 106 83
12 108 56
12 109 45
12 111 71
12 116 12
12 118 98
12 122 66
12 123 24
12 125 27
12 127 44
12 129 26
12 133 84
12 134 14
12 138 35
12 140 58
12 t 57
13 1 64
13 2 29
13 3 40
13 6 93
13 11 72
13 12 70
13 14 70
13 17 86
13 20 83
13 22 89
13 23 25
13 24 61
13 25 20
13 26 20
13 27 36
13 33 47
13 34 48
13 36 45
13 37 56
13 42 53
13 44 31
13 48 31
13 52 97
13 56 85
13 58 89
13 61 46
13 65 46
13 67 69
13 72 78
13 77 86
13 78 48
13 81 85
13 82 17
13 84 73
13 88 81
13 92 50
13 94 48
13 95 56
13 97 16
13 99 67
13 100 75
13 103 53
13 105 69
13 106 78
13 107 14
13 109 72
13 121 48
13 123 92
13 124 97
13 125 30
13 126 21
13 127 17
13 128 54
13 130 80
13 131 98
13 133 51
13 138 54
13 141 10
14 1 53
14 5 14
14 10 96
14 11 75
14 13 70
14 17 45
14 18 26
14 19 48
14 20 18
14 22 94
14 23 75
14 24 73
14 25 26
14 26 14
14 28 72
14 30 21
14 31 57
14 33 20
14 34 23
14 37 20
14 38 95
14 41 58
14 46 53
14 47 65
14 49 13
14 52 24
14 54 35
14 56 38
14 61 28
14 64 50
14 66 91
14 69 77
14 74 19
14 75 78
14 80 66
14 83 51
14 84 68
14 86 29
14 87 74
14 96 23
14 98 30
14 99 99
14 101 81
14 102 35
14 103 90
14 104 61
14 105 63
14 106 45
14 108 97
14 109 72
14 112 19
14 114 28
14 119 81
14 122 66
14 124 89
14 126 29
14 127 20
14 129 18
14 133 51
14 135 53
14 138 35
14 139 25
14 140 51
14 141 60
15 3 95
15 6 11
15 7 100
15 8 84
15 12 24
15 16 25
15 17 9
15 19 28
15 21 10
15 24 84
15 25 55
15 28 9
15 31 68
15 32 46
15 33 27
15 35 11
15 37 25
15 38 56
15 42 60
15 43 97
15 46 37
15 47 16
15 48 68
15 52 71
15 56 13
15 59 11
15 61 89
15 64 68
15 65 93
15 67 15
15 72 23
15 75 19
15 79 53
15 82 46
15 83 91
15 84 55
15 89 53
15 92 83
15 93 69
15 95 57
15 97 69
15 101 44
15 103 68
15 104 12
15 106 31
15 107 39
15 109 58
15 113 61
15 116 52
15 121 75
15 123 41
15 129 92
15 131 57
15 132 31
15 134 42
15 135 11
15 136 47
15 137 91
15 140 46
15 141 18
16 4 66
16 5 25
16 7 37
16 8 54
16 10 87
16 11 64
16 15 25
16 20 67
16 21 75
16 25 43
16 26 10
16 28 16
16 29 67
16 35 66
16 38 30
16 41 85
16 42 73
16 43 54
16 48 92
16 50 50
16 53 23
16 54 28
16 56 77
16 59 51
16 60 80
16 61 52
16 68 20
16 71 14
16 72 63
16 75 29
16 81 51
16 83 89
16 86 95
16 90 32
16 94 98
16 98 32
16 100 32
16 102 78
16 103 84
16 106 39
16 107 16
16 108 51
16 109 77
16 112 76
16 113 24
16 116 66
16 117 48
16 118 55
16 119 100
16 124 95
16 126 74
16 130 53
16 133 79
16 138 16
16 140 25
16 141 77
16 t 46
17 2 99
17 3 30
17 4 12
17 5 75
17 9 37
17 10 28
17 11 9
17 13 86
17 14 45
17 15 9
17 19 64
17 23 62
17 27 10
17 29 41
17 32 72
17 33 37
17 36 42
17 37 42
17 40 29
17 45 44
17 46 33
17 48 35
17 49 65
17 50 74
17 51 24
17 55 65
17 56 99
17 59 95
17 61 96
17 65 19
17 67 88
17 68 66
17 69 85
17 70 45
17 73 13
17 75 40
17 78 82
17 84 75
17 85 9
17 87 32
17 89 96
17 93 47
17 94 67
17 95 38
17 100 13
17 105 56
17 107 55
17 108 72
17 110 39
17 111 80
17 112 64
17 113 56
17 115 87
17 116 41
17 122 38
17 124 69
17 126 26
17 127 91
17 129 28
17 131 94
17 132 48
17 135 97
17 137 94
18 1 57
18 7 83
18 10 94
18 14 26
18 19 65
18 25 48
18 28 76
18 29 87
18 31 91
18 36 63
18 37 59
18 39 44
18 40 43
18 43 74
18 45 49
18 46 65
18 47 54
18 49 69
18 50 88
18 53 14
18 55 90
18 56 63
18 62 11
18 63 77
18 71 29
18 72 72
18 73 53
18 74 96
18 81 90
18 84 63
18 85 89
18 86 86
18 90 13
18 95 47
18 96 73
18 97 29
18 98 32
18 99 85
18 100 58
18 102 10
18 104 40
18 105 19
18 106 62
18 107 61
18 108 27
18 109 81
18 110 30
18 112 59
18 114 15
18 119 88
18 121 28
18 122 90
18 123 56
18 124 66
18 133 60
18 135 53
18 140 11
18 t 35
19 4 25
19 10 52
19 14 48
19 15 28
19 17 64
19 18 65
19 23 71
19 25 32
19 31 30
19 34 32
19 36 46
19 37 57
19 41 66
19 42 98
19 43 53
19 44 34
19 45 18
19 46 48
19 47 40
19 48 58
19 51 27
19 52 35
19 53 12
19 55 66
19 57 22
19 62 55
19 63 41
19 65 97
19 69 93
19 70 66
19 73 47
19 75 94
19 80 79
19 81 24
19 82 29
19 84 85
19 88 69
19 89 52
19 90 32
19 91 99
19 97 67
19 102 10
19 105 23
19 109 24
19 110 62
19 112 62
19 113 72
19 115 79
19 117 43
19 119 51
19 124 30
19 125 61
19 126 90
19 127 48
19 131 55
19 133 49
19 135 63
20 1 27
20 2 91
20 6 65
20 7 46
20 9 89
20 11 38
20 12 36
20 13 83
20 14 18
20 16 67
20 24 19
20 25 16
20 28 53
20 30 62
20 31 99
20 36 20
20 37 71
20 41 46
20 44 46
20 47 47
20 48 28
20 51 73
20 52 75
20 53 39
20 54 33
20 55 12
20 57 58
20 61 96
20 62 25
20 65 49
20 69 70
20 73 40
20 76 96
20 81 75
20 86 79
20 87 14
20 88 40
20 89 52
20 92 37
20 95 68
20 98 27
20 101 17
20 111 40
20 112 39
20 113 31
20 115 72
20 119 85
20 120 12
20 121 83
20 123 98
20 124 84
20 125 31
20 127 23
20 128 97
20 130 68
20 131 53
20 133 74
20 135 38
20 140 44
21 9 65
21 10 65
21 12 46
21 15 10
21 16 75
21 24 47
21 25 48
21 26 33
21 27 23
21 29 36
21 31 9
21 33 39
21 34 81
21 36 35
21 37 97
21 38 87
21 39 65
21 40 72
21 41 50
21 43 70
21 44 30
21 45 40
21 47 53
21 48 54
21 49 82
21 51 43
21 53 97
21 55 79
21 56 47
21 58 38
21 61 80
21 62 84
21 63 49
21 68 61
21 69 13
21 74 31
21 78 20
21 79 40
21 80 75
21 85 38
21 89 82
21 90 96
21 91 43
21 95 91
21 96 48
21 97 73
21 98 14
21 99 63
21 100 61
21 102 11
21 107 12
21 109 29
21 113 45
21 117 46
21 121 54
21 122 99
21 123 75
21 129 64
21 130 33
21 132 39
21 137 40
21 140 69
21 141 58
21 t 38
22 1 42
22 5 38
22 9 96
22 10 91
22 12 99
22 13 89
22 14 94
22 24 67
22 25 27
22 30 76
22 32 45
22 36 56
22 37 48
22 38 98
22 43 77
22 49 45
22 50 27
22 54 55
22 55 73
22 56 52
22 62 50
22 65 79
22 68 20
22 69 84
22 70 100
22 72 73
22 77 65
22 78 11
22 79 74
22 80 30
22 83 75
22 85 29
22 86 72
22 87 9
22 93 77
22 95 23
22 96 67
22 98 71
22 100 67
22 105 16
22 106 71
22 108 19
22 109 42
22 111 22
22 113 69
22 114 92
22 115 68
22 117 86
22 118 49
22 119 56
22 120 72
22 121 59
22 122 23
22 123 63
22 124 73
22 126 85
22 132 59
22 134 63
22 135 66
22 136 37
22 141 20
23 2 25
23 6 89
23 7 67
23 11 32
23 12 99
23 13 25
23 14 75
23 17 62
23 19 71
23 26 83
23 27 31
23 32 97
23 33 69
23 34 44
23 35 61
23 39 25
23 40 77
23 41 50
23 42 90
23 45 28
23 46 63
23 47 19
23 48 40
23 56 17
23 57 90
23 60 60
23 61 93
23 62 74
23 63 79
23 67 66
23 69 24
23 71 10
23 73 96
23 74 44
23 75 29
23 76 42
23 77 54
23 80 93
23 82 95
23 84 21
23 86 30
23 88 68
23 89 41
23 92 55
23 93 55
23 97 37
23 100 16
23 102 62
23 103 53
23 104 92
23 105 28
23 107 17
23 109 15
23 111 22
23 112 54
23 114 18
23 117 49
23 119 23
23 120 59
23 121 39
23 123 21
23 127 64
23 128 50
23 134 56
23 136 93
23 138 96
23 140 9
23 t 21
24 2 15
24 3 12
24 4 25
24 7 82
24 8 19
24 9 20
24 10 12
24 11 12
24 13 61
24 14 73
24 15 84
24 20 19
24 21 47
24 22 67
24 25 77
24 27 64
24 29 33
24 33 12
24 38 10
24 42 76
24 43 33
24 48 76
24 50 73
24 56 85
24 60 98
24 61 25
24 65 86
24 66 19
24 67 37
24 69 54
24 72 68
24 76 99
24 78 86
24 79 45
24 81 44
24 82 79
24 85 95
24 88 40
24 89 52
24 91 19
24 93 66
24 95 25
24 97 72
24 102 54
24 103 85
24 105 48
24 107 45
24 109 23
24 113 57
24 116 39
24 119 70
24 120 57
24 121 68
24 123 16
24 127 67
24 129 73
24 131 23
24 138 30
24 139 69
24 141 17
25 3 56
25 5 71
25 6 87
25 13 20
25 14 26
25 15 55
25 16 43
25 18 48
25 19 32
25 20 16
25 21 48
25 22 27
25 24 77
25 26 31
25 28 19
25 29 98
25 31 65
25 34 95
25 36 39
25 38 85
25 41 9
25 42 10
25 48 21
25 49 54
25 54 54
25 55 98
25 56 64
25 57 46
25 58 74
25 59 53
25 60 36
25 65 75
25 66 47
25 67 69
25 68 92
25 69 55
25 70 81
25 71 23
25 73 48
25 76 52
25 79 53
25 80 41
25 81 96
25 82 52
25 83 34
25 84 42
25 89 32
25 91 38
25 93 38
25 94 22
25 95 36
25 98 12
25 99 74
25 100 100
25 101 75
25 102 45
25 103 58
25 105 21
25 109 47
25 111 50
25 113 75
25 115 74
25 116 12
25 124 33
25 128 83
25 129 63
25 130 52
25 131 90
25 132 71
25 133 58
25 136 89
25 141 10
26 3 81
26 4 98
26 6 89
26 11 86
26 12 99
26 13 20
26 14 14
26 16 10
26 21 33
26 23 83
26 25 31
26 27 43
26 28 82
26 31 87
26 32 22
26 36 25
26 39 23
26 41 86
26 42 16
26 44 37
26 46 92
26 47 41
26 54 82
26 56 15
26 62 15
26 66 88
26 67 17
26 68 78
26 72 57
26 75 100
26 81 37
26 84 78
26 86 47
26 89 70
26 92 100
26 93 60
26 94 92
26 95 96
26 96 77
26 97 86
26 99 76
26 100 66
26 106 37
26 107 95
26 111 72
26 112 85
26 114 76
26 118 97
26 119 89
26 121 52
26 125 92
26 127 45
26 128 62
26 130 33
26 134 86
26 138 76
26 139 56
26 141 33
26 t 62
27 4 51
27 5 9
27 9 50
27 10 70
27 12 39
27 13 36
27 17 10
27 21 23
27 23 31
27 24 64
27 26 43
27 28 61
27 30 80
27 31 72
27 36 81
27 38 16
27 41 42
27 45 80
27 47 38
27 51 18
27 54 19
27 57 11
27 58 99
27 59 12
27 61 75
27 63 27
27 64 27
27 66 36
27 68 55
27 69 80
27 73 31
27 74 62
27 76 81
27 82 88
27 83 51
27 85 87
27 87 51
27 92 14
27 93 23
27 97 50
27 100 85
27 101 31
27 102 75
27 103 36
27 105 15
27 106 70
27 107 100
27 109 10
27 111 49
27 113 65
27 114 91
27 116 94
27 118 60
27 119 82
27 122 79
27 126 73
27 127 88
27 128 76
27 129 68
27 130 39
27 133 59
27 134 72
27 138 67
27 139 57
27 140 34
27 t 56
28 3 36
28 4 60
28 5 19
28 6 87
28 7 67
28 11 88
28 14 72
28 15 9
28 16 16
28 18 76
28 20 53
28 25 19
28 26 82
28 27 61
28 31 59
28 32 73
28 36 22
28 37 52
28 39 48
28 41 42
28 42 57
28 43 47
28 46 66
28 49 79
28 53 95
28 55 86
28 57 74
28 58 41
28 59 47
28 60 51
28 61 89
28 62 12
28 63 86
28 65 19
28 66 95
28 68 91
28 72 17
28 73 64
28 74 81
28 76 50
28 77 24
28 79 80
28 80 39
28 81 26
28 84 91
28 85 37
28 87 50
28 88 76
28 89 28
28 90 68
28 92 67
28 94 88
28 99 60
28 101 42
28 102 25
28 103 28
28 104 61
28 105 52
28 108 80
28 109 31
28 110 56
28 111 26
28 118 25
28 119 15
28 120 21
28 122 52
28 127 71
28 133 60
28 138 22
28 140 65
28 141 29
29 2 99
29 3 54
29 8 14
29 10 19
29 11 37
29 12 20
29 16 67
29 17 41
29 18 87
29 21 36
29 24 33
29 25 98
29 33 80
29 34 61
29 35 36
29 38 34
29 39 93
29 41 54
29 42 65
29 43 16
29 44 23
29 47 36
29 48 78
29 50 39
29 52 59
29 54 93
29 57 54
29 58 89
29 60 93
29 61 55
29 62 16
29 65 79
29 66 28
29 67 16
29 68 91
29 70 55
29 71 94
29 72 21
29 74 45
29 77 85
29 79 82
29 80 97
29 84 50
29 85 54
29 88 24
29 89 29
29 92 64
29 93 22
29 95 19
29 97 100
29 100 25
29 105 29
29 107 25
29 110 70
29 111 100
29 114 55
29 115 73
29 116 33
29 117 25
29 118 31
29 122 40
29 126 19
29 133 41
29 134 94
29 139 72
29 t 63
30 1 62
30 5 83
30 7 18
30 9 48
30 14 21
30 20 62
30 22 76
30 27 80
30 31 21
30 33 71
30 36 57
30 39 34
30 43 35
30 44 27
30 45 74
30 46 69
30 50 25
30 52 94
30 53 96
30 55 44
30 58 77
30 61 27
30 62 46
30 63 29
30 64 18
30 66 32
30 70 71
30 72 98
30 77 12
30 78 59
30 80 76
30 81 81
30 83 73
30 86 90
30 90 16
30 91 27
30 96 24
30 97 43
30 98 14
30 100 58
30 103 13
30 104 51
30 107 54
30 110 99
30 111 19
30 112 37
30 114 50
30 115 38
30 116 22
30 117 29
30 121 56
30 125 45
30 126 97
30 128 48
30 131 80
30 133 84
30 134 86
30 135 74
30 137 53
30 t 91
31 1 30
31 3 89
31 4 86
31 8 78
31 11 37
31 14 57
31 15 68
31 18 91
31 19 30
31 20 99
31 21 9
31 25 65
31 26 87
31 27 72
31 28 59
31 30 21
31 37 81
31 38 74
31 43 36
31 45 18
31 48 91
31 49 13
31 52 82
31 53 18
31 57 26
31 59 43
31 61 16
31 63 67
31 65 78
31 66 16
31 71 39
31 76 39
31 78 90
31 80 90
31 82 10
31 84 27
31 87 76
31 88 20
31 90 57
31 94 32
31 98 41
31 99 41
31 101 49
31 103 94
31 104 19
31 106 65
31 109 84
31 110 83
31 111 64
31 116 75
31 117 57
31 120 100
31 121 46
31 122 86
31 123 27
31 124 49
31 128 40
31 131 80
31 132 81
31 133 39
31 134 83
31 137 35
31 141 85
32 3 75
32 6 83
32 7 78
32 10 47
32 11 88
32 15 46
32 17 72
32 22 45
32 23 97
32 26 22
32 28 73
32 35 62
32 40 73
32 43 85
32 44 12
32 48 70
32 49 94
32 50 72
32 51 33
32 53 13
32 57 67
32 60 49
32 61 99
32 63 99
32 66 15
32 70 50
32 73 88
32 74 24
32 77 19
32 85 51
32 88 53
32 89 50
32 92 58
32 94 95
32 98 18
32 99 74
32 104 45
32 105 40
32 106 65
32 109 73
32 111 49
32 114 41
32 120 10
32 123 64
32 124 47
32 127 43
32 128 57
32 131 73
32 134 67
32 136 25
32 139 74
32 140 84
33 3 17
33 8 39
33 9 82
33 13 47
33 14 20
33 15 27
33 17 37
33 21 39
33 23 69
33 24 12
33 29 80
33 30 71
33 35 48
33 41 14
33 42 37
33 45 55
33 47 60
33 49 23
33 52 64
33 56 83
33 60 39
33 61 80
33 67 42
33 68 50
33 71 55
33 72 90
33 74 14
33 76 37
33 79 34
33 80 15
33 83 26
33 85 66
33 86 61
33 90 32
33 94 49
33 99 27
33 100 36
33 101 22
33 102 91
33 107 35
33 108 76
33 112 98
33 113 97
33 119 44
33 122 85
33 123 85
33 125 42
33 129 47
33 131 36
33 135 86
33 136 25
33 138 93
34 3 66
34 4 79
34 5 14
34 7 63
34 10 53
34 13 48
34 14 23
34 19 32
34 21 81
34 23 44
34 25 95
34 29 61
34 35 14
34 36 94
34 39 65
34 40 75
34 42 66
34 45 32
34 46 53
34 50 66
34 52 48
34 53 39
34 55 79
34 56 65
34 58 19
34 60 45
34 62 82
34 64 80
34 65 68
34 69 53
34 71 60
34 75 58
34 76 68
34 77 55
34 78 89
34 80 48
34 82 29
34 83 92
34 87 13
34 93 85
34 94 25
34 96 37
34 100 34
34 101 18
34 103 32
34 110 10
34 112 19
34 113 25
34 114 14
34 116 32
34 118 81
34 121 36
34 124 17
34 126 49
34 127 23
34 128 91
34 136 60
34 137 68
34 141 18
34 t 22
35 1 78
35 2 56
35 3 64
35 4 98
35 8 19
35 9 99
35 11 16
35 12 23
35 15 11
35 16 66
35 23 61
35 29 36
35 32 62
35 33 48
35 34 14
35 36 64
35 39 54
35 40 73
35 42 66
35 48 24
35 49 90
35 50 84
35 51 51
35 52 37
35 54 69
35 59 45
35 60 100
35 64 63
35 66 35
35 67 42
35 69 82
35 74 26
35 77 11
35 86 97
35 88 93
35 89 45
35 93 41
35 95 33
35 100 59
35 101 46
35 105 90
35 108 56
35 109 85
35 114 56
35 116 27
35 117 33
35 119 95
35 121 35
35 122 82
35 126 48
35 127 97
35 131 80
35 135 85
35 136 11
35 137 15
35 139 70
35 t 18
36 1 71
36 4 83
36 10 50
36 12 79
36 13 45
36 17 42
36 18 63
36 19 46
36 20 20
36 21 35
36 22 56
36 25 39
36 26 25
36 27 81
36 28 22
36 30 57
36 34 94
36 35 64
36 40 80
36 41 96
36 42 86
36 45 100
36 49 17
36 50 15
36 52 28
36 53 47
36 58 69
36 60 44
36 61 68
36 63 49
36 64 51
36 65 18
36 66 64
36 67 55
36 68 24
36 71 63
36 72 50
36 73 21
36 77 45
36 78 78
36 81 33
36 83 43
36 84 13
36 85 43
36 86 56
36 89 76
36 90 33
36 91 49
36 92 55
36 97 38
36 99 44
36 100 41
36 101 63
36 105 45
36 106 42
36 107 97
36 112 70
36 117 30
36 119 65
36 121 43
36 122 48
36 127 80
36 133 60
36 134 19
36 135 31
36 137 38
36 140 66
37 1 88
37 2 54
37 5 97
37 6 39
37 8 82
37 10 99
37 11 19
37 13 56
37 14 20
37 15 25
37 17 42
37 18 59
37 19 57
37 20 71
37 21 97
37 22 48
37 28 52
37 31 81
37 38 72
37 41 75
37 45 84
37 46 65
37 47 64
37 52 77
37 53 86
37 54 97
37 56 25
37 58 68
37 59 17
37 63 36
37 64 80
37 65 56
37 71 91
37 72 45
37 73 16
37 76 33
37 77 39
37 80 69
37 81 39
37 82 71
37 85 22
37 86 13
37 87 26
37 89 87
37 90 26
37 92 78
37 95 29
37 96 72
37 97 93
37 100 20
37 104 61
37 105 83
37 106 28
37 107 45
37 110 88
37 111 79
37 113 97
37 119 50
37 122 83
37 125 66
37 127 93
37 128 72
37 131 39
37 133 91
37 134 42
37 136 14
37 138 88
37 140 68
38 1 85
38 2 45
38 3 65
38 4 75
38 6 66
38 10 90
38 11 98
38 12 65
38 14 95
38 15 56
38 16 30
38 21 87
38 22 98
38 24 10
38 25 85
38 27 16
38 29 34
38 31 74
38 37 72
38 39 85
38 40 62
38 44 85
38 45 89
38 48 71
38 49 29
38 52 18
38 53 33
38 54 94
38 55 47
38 56 51
38 57 58
38 58 14
38 64 60
38 70 60
38 72 39
38 73 29
38 75 20
38 76 56
38 82 76
38 83 65
38 85 67
38 87 35
38 93 82
38 94 37
38 97 35
38 98 98
38 99 71
38 100 20
38 102 54
38 103 50
38 105 72
38 106 83
38 108 62
38 114 29
38 116 27
38 119 49
38 121 74
38 127 23
38 128 58
38 131 98
38 134 33
38 137 90
38 138 42
38 139 96
38 141 74
39 1 45
39 3 66
39 4 89
39 5 65
39 9 59
39 11 57
39 18 44
39 21 65
39 23 25
39 26 23
39 28 48
39 29 93
39 30 34
39 34 65
39 35 54
39 38 85
39 43 49
39 46 12
39 47 79
39 49 87
39 57 21
39 61 50
39 62 9
39 71 71
39 72 12
39 74 32
39 76 67
39 77 99
39 81 62
39 84 62
39 85 69
39 86 34
39 88 18
39 89 82
39 91 28
39 96 33
39 97 19
39 102 86
39 107 86
39 108 59
39 111 99
39 112 40
39 113 72
39 117 53
39 122 63
39 127 66
39 128 27
39 130 83
39 132 44
39 133 18
39 134 69
39 135 9
39 136 19
39 141 25
40 1 42
40 2 78
40 3 96
40 10 59
40 11 51
40 12 31
40 17 29
40 18 43
40 21 72
40 23 77
40 32 73
40 34 75
40 35 73
40 36 80
40 38 62
40 49 39
40 51 91
40 52 84
40 53 13
40 57 84
40 58 97
40 66 59
40 67 13
40 70 95
40 72 57
40 74 37
40 75 32
40 76 81
40 77 90
40 78 68
40 79 89
40 81 68
40 83 68
40 84 47
40 88 28
40 89 36
40 91 32
40 94 35
40 95 90
40 99 30
40 101 95
40 102 46
40 103 66
40 105 84
40 108 81
40 109 64
40 112 62
40 115 12
40 120 38
40 123 12
40 125 27
40 126 61
40 127 77
40 129 41
40 131 78
40 134 55
40 135 20
40 139 89
40 t 34
41 1 36
41 2 32
41 4 51
41 5 65
41 7 46
41 10 9
41 12 55
41 14 58
41 16 85
41 19 66
41 20 46
41 21 50
41 23 50
41 25 9
41 26 86
41 27 42
41 28 42
41 29 54
41 33 14
41 36 96
41 37 75
41 42 87
41 45 42
41 48 23
41 49 97
41 50 45
41 51 98
41 52 64
41 59 99
41 60 60
41 63 69
41 64 49
41 72 70
41 77 90
41 79 9
41 80 24
41 85 22
41 87 64
41 88 29
41 90 31
41 91 60
41 92 50
41 94 21
41 97 85
41 102 16
41 103 10
41 105 66
41 106 26
41 110 69
41 111 49
41 116 92
41 127 37
41 131 52
41 133 80
41 136 40
41 137 95
41 139 77
41 140 94
42 1 25
42 2 30
42 5 67
42 9 74
42 10 33
42 11 71
42 13 53
42 15 60
42 16 73
42 19 98
42 23 90
42 24 76
42 25 10
42 26 16
42 28 57
42 29 65
42 33 37
42 34 66
42 35 66
42 36 86
42 41 87
42 43 30
42 44 22
42 45 45
42 52 25
42 53 77
42 55 95
42 58 46
42 59 33
42 60 84
42 63 14
42 64 29
42 67 77
42 68 24
42 71 74
42 75 62
42 77 51
42 80 49
42 82 51
42 83 91
42 85 27
42 90 56
42 91 77
42 93 87
42 97 14
42 99 41
42 100 47
42 101 42
42 102 28
42 105 31
42 107 63
42 110 21
42 112 86
42 113 45
42 115 51
42 116 63
42 119 24
42 121 66
42 122 97
42 123 22
42 125 81
42 127 53
42 129 82
42 132 10
42 136 82
42 137 50
42 138 37
42 140 13
42 141 52
42 t 91
43 3 84
43 6 24
43 8 24
43 9 29
43 10 95
43 15 97
43 16 54
43 18 74
43 19 53
43 21 70
43 22 77
43 24 33
43 28 47
43 29 16
43 30 35
43 31 36
43 32 85
43 39 49
43 42 30
43 46 64
43 47 79
43 49 51
43 50 14
43 52 54
43 55 52
43 56 81
43 57 56
43 59 11
43 68 46
43 69 82
43 72 89
43 81 66
43 88 85
43 89 74
43 90 77
43 94 39
43 95 91
43 96 21
43 97 94
43 98 20
43 99 74
43 106 95
43 109 16
43 111 15
43 112 16
43 114 87
43 118 71
43 122 22
43 124 52
43 127 36
43 129 71
43 130 82
43 131 35
43 132 20
43 133 38
43 135 49
43 136 67
43 137 63
43 140 48
43 141 24
44 2 71
44 3 25
44 4 95
44 6 83
44 10 83
44 11 84
44 13 31
44 19 34
44 20 46
44 21 30
44 26 37
44 29 23
44 30 27
44 32 12
44 38 85
44 42 22
44 45 52
44 46 78
44 48 54
44 50 95
44 52 65
44 53 66
44 59 28
44 62 10
44 66 46
44 67 22
44 69 35
44 74 26
44 75 69
44 78 69
44 79 42
44 80 9
44 81 13
44 85 51
44 90 27
44 95 34
44 96 91
44 98 74
44 99 45
44 102 73
44 103 40
44 105 15
44 108 38
44 110 10
44 111 64
44 112 75
44 116 59
44 118 14
44 119 37
44 121 23
44 125 63
44 127 56
44 128 86
44 129 100
44 130 74
44 131 53
44 132 66
44 136 61
44 t 99
45 2 56
45 4 10
45 8 39
45 10 14
45 17 44
45 18 49
45 19 18
45 21 40
45 23 28
45 27 80
45 30 74
45 31 18
45 33 55
45 34 32
45 36 100
45 37 84
45 38 89
45 41 42
45 42 45
45 44 52
45 46 72
45 47 14
45 48 68
45 54 68
45 55 85
45 57 22
45 59 83
45 61 28
45 62 15
45 63 30
45 74 10
45 76 9
45 78 59
45 81 17
45 82 19
45 86 9
45 87 75
45 90 65
45 92 29
45 93 42
45 97 81
45 100 34
45 106 86
45 107 84
45 108 53
45 110 98
45 112 64
45 113 24
45 114 68
45 115 87
45 119 41
45 124 55
45 126 30
45 133 13
45 135 95
45 138 33
45 140 57
46 1 21
46 3 37
46 4 80
46 5 30
46 6 96
46 7 14
46 8 95
46 11 77
46 12 80
46 14 53
46 15 37
46 17 33
46 18 65
46 19 48
46 23 63
46 26 92
46 28 66
46 30 69
46 34 53
46 37 65
46 39 12
46 43 64
46 44 78
46 45 72
46 48 53
46 49 36
46 50 13
46 51 85
46 52 19
46 53 71
46 54 55
46 57 45
46 58 30
46 59 23
46 62 48
46 63 33
46 65 88
46 68 86
46 69 38
46 71 10
46 72 55
46 74 11
46 76 34
46 77 95
46 78 80
46 79 11
46 80 97
46 81 46
46 85 28
46 88 67
46 89 40
46 90 73
46 91 58
46 93 49
46 94 81
46 95 95
46 96 70
46 98 21
46 102 20
46 103 65
46 104 84
46 105 32
46 106 82
46 107 71
46 111 57
46 113 16
46 114 74
46 115 62
46 121 47
46 125 96
46 128 23
46 132 93
46 134 65
46 136 23
46 138 38
46 139 17
47 2 60
47 5 49
47 6 94
47 7 21
47 8 56
47 10 88
47 14 65
47 15 16
47 18 54
47 19 40
47 20 47
47 21 53
47 23 19
47 26 41
47 27 38
47 29 36
47 33 60
47 37 64
47 39 79
47 43 79
47 45 14
47 48 19
47 49 100
47 51 73
47 54 45
47 55 23
47 56 34
47 57 21
47 61 37
47 62 66
47 63 39
47 64 85
47 65 72
47 66 72
47 67 23
47 74 81
47 76 26
47 84 81
47 92 97
47 97 31
47 98 80
47 100 95
47 102 73
47 104 71
47 106 40
47 107 62
47 108 15
47 115 14
47 116 46
47 117 88
47 118 62
47 120 32
47 121 96
47 124 83
47 125 65
47 127 84
47 131 74
47 132 73
47 133 84
47 134 20
47 137 100
47 138 52
47 139 16
47 t 22
48 2 47
48 5 79
48 8 85
48 9 55
48 11 85
48 12 88
48 13 31
48 15 68
48 16 92
48 17 35
48 19 58
48 20 28
48 21 54
48 23 40
48 24 76
48 25 21
48 29 78
48 31 91
48 32 70
48 35 24
48 38 71
48 41 23
48 44 54
48 45 68
48 46 53
48 47 19
48 49 72
48 53 20
48 55 99
48 56 85
48 58 36
48 60 37
48 61 83
48 62 59
48 66 66
48 71 33
48 72 56
48 76 94
48 79 45
48 83 71
48 87 55
48 94 33
48 96 14
48 97 97
48 98 91
48 101 23
48 103 32
48 105 56
48 106 61
48 109 36
48 111 24
48 119 48
48 122 54
48 123 22
48 124 64
48 128 66
48 136 13
48 139 84
48 140 70
49 1 72
49 4 15
49 6 74
49 8 54
49 9 17
49 10 90
49 12 92
49 14 13
49 17 65
49 18 69
49 21 82
49 22 45
49 25 54
49 28 79
49 31 13
49 32 94
49 33 23
49 35 90
49 36 17
49 38 29
49 39 87
49 40 39
49 41 97
49 43 51
49 46 36
49 47 100
49 48 72
49 50 99
49 53 66
49 54 81
49 55 46
49 56 60
49 58 9
49 59 73
49 65 62
49 67 40
49 69 68
49 70 32
49 71 34
49 72 75
49 78 92
49 84 74
49 85 43
49 88 21
49 90 61
49 91 21
49 93 25
49 94 57
49 97 38
49 98 15
49 102 71
49 103 89
49 104 65
49 105 60
49 107 69
49 108 95
49 113 48
49 123 28
49 124 69
49 128 82
49 131 53
49 132 10
49 137 43
49 138 24
49 140 99
49 141 70
49 t 92
50 3 91
50 6 84
50 10 90
50 16 50
50 17 74
50 18 88
50 22 27
50 24 73
50 29 39
50 30 25
50 32 72
50 34 66
50 35 84
50 36 15
50 41 45
50 43 14
50 44 95
50 46 13
50 49 99
50 51 76
50 55 41
50 57 93
50 58 62
50 60 53
50 61 80
50 63 90
50 64 55
50 67 35
50 68 94
50 70 76
50 73 85
50 75 86
50 80 97
50 82 13
50 83 29
50 88 48
50 89 36
50 90 19
50 91 9
50 92 57
50 95 44
50 96 96
50 99 45
50 101 89
50 102 58
50 104 22
50 106 12
50 109 56
50 115 46
50 116 95
50 117 47
50 119 46
50 123 11
50 125 32
50 126 88
50 128 70
50 134 32
50 138 52
50 140 97
50 t 99
51 1 73
51 2 14
51 5 83
51 7 36
51 17 24
51 19 27
51 20 73
51 21 43
51 27 18
51 32 33
51 35 51
51 40 91
51 41 98
51 46 85
51 47 73
51 50 76
51 53 91
51 61 49
51 63 49
51 65 62
51 66 21
51 70 47
51 71 75
51 72 29
51 76 94
51 78 39
51 79 74
51 81 47
51 84 39
51 85 73
51 87 36
51 89 16
51 92 95
51 94 58
51 95 42
51 97 27
51 101 62
51 103 53
51 107 11
51 108 83
51 109 9
51 119 22
51 120 74
51 122 78
51 126 84
51 127 27
51 128 23
51 129 31
51 132 34
51 133 53
51 134 93
51 135 28
51 137 59
51 138 78
51 140 64
52 1 13
52 6 66
52 11 15
52 12 52
52 13 97
52 14 24
52 15 71
52 19 35
52 20 75
52 29 59
52 30 94
52 31 82
52 33 64
52 34 48
52 35 37
52 36 28
52 37 77
52 38 18
52 40 84
52 41 64
52 42 25
52 43 54
52 44 65
52 46 19
52 55 10
52 56 64
52 61 28
52 63 87
52 64 92
52 67 34
52 73 15
52 75 48
52 77 30
52 78 29
52 81 18
52 83 67
52 86 70
52 89 21
52 90 62
52 92 96
52 93 17
52 95 97
52 96 21
52 102 51
52 103 75
52 104 49
52 105 68
52 107 42
52 108 91
52 110 63
52 114 66
52 117 71
52 118 72
52 120 60
52 123 69
52 124 88
52 127 12
52 131 77
52 134 26
52 135 53
52 136 74
52 137 51
52 138 23
52 139 24
52 t 76
53 1 21
53 2 19
53 3 46
53 6 57
53 7 89
53 8 89
53 16 23
53 18 14
53 19 12
53 20 39
53 21 97
53 28 95
53 30 96
53 31 18
53 32 13
53 34 39
53 36 47
53 37 86
53 38 33
53 40 13
53 42 77
53 44 66
53 46 71
53 48 20
53 49 66
53 51 91
53 54 60
53 59 13
53 61 49
53 62 85
53 65 59
53 66 13
53 67 42
53 68 40
53 70 31
53 72 88
53 73 16
53 75 18
53 77 43
53 79 11
53 82 67
53 83 48
53 85 89
53 86 63
53 87 19
53 89 76
53 93 65
53 98 90
53 100 29
53 104 35
53 106 76
53 107 100
53 108 9
53 111 40
53 112 60
53 114 23
53 117 17
53 119 37
53 120 90
53 121 46
53 127 67
53 128 41
53 131 68
53 132 42
53 133 37
53 134 67
53 135 71
53 136 90
53 138 76
54 1 77
54 2 71
54 6 26
54 8 48
54 9 46
54 10 62
54 12 10
54 14 35
54 16 28
54 20 33
54 22 55
54 25 54
54 26 82
54 27 19
54 29 93
54 35 69
54 37 97
54 38 94
54 45 68
54 46 55
54 47 45
54 49 81
54 53 60
54 58 93
54 59 88
54 60 45
54 63 36
54 64 95
54 69 60
54 72 82
54 74 60
54 75 13
54 76 99
54 79 22
54 81 25
54 84 51
54 86 82
54 87 52
54 95 44
54 96 71
54 97 60
54 99 74
54 102 58
54 104 19
54 105 38
54 109 17
54 110 21
54 111 58
54 112 54
54 113 79
54 114 16
54 116 31
54 118 14
54 123 45
54 126 77
54 127 76
54 128 22
54 129 49
54 132 34
54 133 38
54 134 20
54 135 58
54 136 37
54 137 33
55 2 91
55 3 25
55 5 27
55 6 26
55 8 68
55 9 22
55 10 49
55 17 65
55 18 90
55 19 66
55 20 12
55 21 79
55 22 73
55 25 98
55 28 86
55 30 44
55 34 79
55 38 47
55 42 95
55 43 52
55 45 85
55 47 23
55 48 99
55 49 46
55 50 41
55 52 10
55 58 16
55 59 68
55 60 69
55 61 27
55 64 71
55 66 82
55 69 58
55 70 46
55 71 11
55 73 53
55 75 27
55 76 76
55 78 18
55 79 63
55 87 26
55 89 70
55 94 82
55 99 17
55 102 67
55 105 14
55 109 88
55 110 73
55 113 13
55 114 34
55 116 81
55 117 44
55 118 15
55 119 54
55 121 13
55 122 24
55 123 91
55 124 68
55 126 33
55 130 72
55 132 15
55 133 14
55 138 61
55 139 12
56 5 65
56 6 45
56 7 28
56 8 59
56 9 46
56 13 85
56 14 38
56 15 13
56 16 77
56 17 99
56 18 63
56 21 47
56 22 52
56 23 17
56 24 85
56 25 64
56 26 15
56 33 83
56 34 65
56 37 25
56 38 51
56 43 81
56 47 34
56 48 85
56 49 60
56 52 64
56 57 38
56 63 74
56 64 35
56 67 76
56 68 94
56 72 34
56 73 68
56 75 36
56 88 27
56 90 39
56 92 55
56 94 50
56 97 88
56 98 82
56 100 90
56 101 98
56 102 76
56 103 69
56 104 38
56 105 25
56 106 10
56 108 53
56 109 87
56 110 14
56 112 26
56 113 82
56 114 41
56 118 31
56 119 98
56 127 18
56 129 81
56 130 15
56 136 69
56 140 22
57 1 72
57 3 42
57 4 24
57 7 25
57 8 28
57 19 22
57 20 58
57 23 90
57 25 46
57 27 11
57 28 74
57 29 54
57 31 26
57 32 67
57 38 58
57 39 21
57 40 84
57 43 56
57 45 22
57 46 45
57 47 21
57 50 93
57 56 38
57 58 91
57 61 57
57 65 92
57 69 84
57 70 20
57 71 52
57 78 36
57 81 27
57 83 22
57 84 26
57 85 22
57 86 27
57 88 39
57 91 28
57 94 78
57 95 53
57 96 95
57 98 88
57 99 10
57 106 19
57 107 48
57 108 22
57 110 20
57 112 70
57 117 62
57 118 17
57 121 27
57 124 42
57 126 9
57 134 43
57 135 38
57 138 10
57 139 97
57 140 38
57 t 53
58 1 64
58 2 98
58 7 26
58 10 28
58 13 89
58 21 38
58 25 74
58 27 99
58 28 41
58 29 89
58 30 77
58 34 19
58 36 69
58 37 68
58 38 14
58 40 97
58 42 46
58 46 30
58 48 36
58 49 9
58 50 62
58 54 93
58 55 16
58 57 91
58 61 75
58 62 41
58 63 26
58 64 77
58 65 14
58 66 32
58 68 19
58 69 31
58 73 21
58 77 74
58 78 99
58 81 31
58 82 34
58 83 17
58 84 22
58 88 75
58 89 97
58 90 99
58 94 49
58 98 38
58 100 73
58 101 26
58 103 52
58 105 23
58 110 96
58 118 60
58 120 73
58 122 43
58 124 51
58 129 76
58 130 53
58 133 44
58 134 54
58 135 26
58 137 89
59 6 22
59 15 11
59 16 51
59 17 95
59 25 53
59 27 12
59 28 47
59 31 43
59 35 45
59 37 17
59 41 99
59 42 33
59 43 11
59 44 28
59 45 83
59 46 23
59 49 73
59 53 13
59 54 88
59 55 68
59 60 93
59 67 56
59 72 48
59 74 72
59 75 60
59 76 43
59 79 85
59 83 76
59 84 90
59 85 20
59 87 21
59 88 34
59 90 73
59 91 42
59 92 60
59 93 16
59 94 69
59 98 61
59 99 16
59 103 48
59 104 77
59 106 60
59 112 76
59 113 28
59 114 17
59 116 51
59 118 29
59 125 99
59 126 26
59 129 64
59 131 97
59 132 43
59 137 25
59 141 93
59 t 91
60 1 50
60 3 21
60 8 60
60 10 39
60 12 87
60 16 80
60 23 60
60 24 98
60 25 36
60 28 51
60 29 93
60 32 49
60 33 39
60 34 45
60 35 100
60 36 44
60 41 60
60 42 84
60 48 37
60 50 53
60 54 45
60 55 69
60 59 93
60 61 58
60 63 86
60 65 17
60 66 16
60 67 97
60 68 80
60 69 23
60 71 89
60 74 94
60 75 11
60 76 21
60 80 25
60 82 49
60 83 90
60 85 15
60 89 72
60 99 53
60 100 55
60 101 28
60 102 87
60 103 93
60 104 39
60 105 98
60 107 84
60 109 83
60 110 40
60 111 84
60 114 56
60 115 76
60 117 34
60 118 57
60 120 27
60 121 23
60 123 34
60 124 52
60 127 76
60 128 95
60 130 83
60 133 68
60 134 11
60 135 85
60 138 46
60 139 48
61 1 47
61 3 18
61 4 68
61 5 52
61 6 64
61 8 88
61 12 10
61 13 46
61 14 28
61 15 89
61 16 52
61 17 96
61 20 96
61 21 80
61 23 93
61 24 25
61 27 75
61 28 89
61 29 55
61 30 27
61 31 16
61 32 99
61 33 80
61 36 68
61 39 50
61 45 28
61 47 37
61 48 83
61 50 80
61 51 49
61 52 28
61 53 49
61 55 27
61 57 57
61 58 75
61 60 58
61 70 39
61 71 40
61 72 20
61 75 88
61 76 52
61 78 84
61 82 88
61 83 98
61 86 26
61 87 95
61 88 67
61 89 25
61 91 62
61 94 57
61 96 11
61 97 25
61 98 62
61 99 46
61 100 100
61 102 27
61 105 43
61 106 93
61 111 81
61 113 80
61 114 27
61 116 81
61 118 49
61 119 68
61 124 58
61 125 21
61 126 82
61 129 49
61 131 46
61 132 14
61 134 60
61 138 43
61 140 38
61 141 30
61 t 48
62 4 85
62 9 79
62 10 69
62 18 11
62 19 55
62 20 25
62 21 84
62 22 50
62 23 74
62 26 15
62 28 12
62 29 16
62 30 46
62 34 82
62 39 9
62 44 10
62 45 15
62 46 48
62 47 66
62 48 59
62 53 85
62 58 41
62 66 64
62 69 54
62 70 27
62 71 22
62 74 41
62 75 59
62 76 76
62 79 53
62 83 83
62 84 12
62 87 89
62 89 63
62 90 86
62 92 71
62 95 48
62 98 66
62 101 16
62 103 80
62 107 89
62 108 52
62 109 52
62 110 37
62 114 83
62 119 73
62 120 10
62 121 79
62 122 84
62 123 54
62 128 95
62 132 92
62 134 54
62 135 85
62 136 93
62 139 65
62 140 88
63 2 19
63 7 61
63 9 86
63 12 38
63 18 77
63 19 41
63 21 49
63 23 79
63 27 27
63 28 86
63 30 29
63 31 67
63 32 99
63 36 49
63 37 36
63 41 69
63 42 14
63 45 30
63 46 33
63 47 39
63 50 90
63 51 49
63 52 87
63 54 36
63 56 74
63 58 26
63 60 86
63 65 61
63 66 77
63 71 73
63 74 89
63 78 85
63 81 94
63 82 48
63 85 73
63 87 66
63 89 96
63 93 19
63 95 13
63 96 85
63 99 97
63 101 35
63 103 74
63 104 48
63 105 21
63 106 98
63 112 70
63 114 60
63 122 49
63 126 42
63 127 94
63 129 81
63 133 87
63 137 94
63 140 59
63 t 59
64 1 78
64 2 60
64 7 16
64 11 19
64 12 52
64 14 50
64 15 68
64 27 27
64 30 18
64 34 80
64 35 63
64 36 51
64 37 80
64 38 60
64 41 49
64 42 29
64 47 85
64 50 55
64 52 92
64 54 95
64 55 71
64 56 35
64 58 77
64 65 26
64 66 33
64 68 76
64 69 52
64 70 69
64 71 47
64 74 68
64 75 76
64 76 80
64 77 83
64 78 71
64 79 75
64 80 56
64 83 37
64 89 21
64 94 30
64 95 37
64 101 48
64 103 39
64 104 64
64 106 20
64 109 82
64 111 53
64 113 74
64 114 15
64 115 79
64 116 75
64 117 33
64 119 32
64 123 100
64 125 18
64 127 79
64 133 74
64 135 99
64 136 29
64 138 96
64 140 97
64 141 40
64 t 89
65 1 37
65 3 100
65 4 35
65 8 85
65 11 55
65 12 80
65 13 46
65 15 93
65 17 19
65 19 97
65 20 49
65 22 79
65 24 86
65 25 75
65 28 19
65 29 79
65 31 78
65 34 68
65 36 18
65 37 56
65 46 88
65 47 72
65 49 62
65 51 62
65 53 59
65 57 92
65 58 14
65 60 17
65 63 61
65 64 26
65 66 97
65 73 56
65 75 71
65 77 60
65 79 48
65 82 82
65 83 86
65 85 52
65 87 36
65 88 62
65 91 27
65 94 14
65 95 35
65 97 90
65 100 30
65 101 50
65 102 54
65 105 47
65 107 89
65 108 25
65 110 58
65 112 40
65 116 20
65 118 84
65 121 63
65 124 79
65 125 25
65 130 97
65 131 13
65 132 27
65 137 57
65 139 47
65 141 69
66 1 19
66 2 90
66 3 54
66 5 37
66 6 65
66 7 16
66 11 45
66 14 91
66 24 19
66 25 47
66 26 88
66 27 36
66 28 95
66 29 28
66 30 32
66 31 16
66 32 15
66 35 35
66 36 64
66 40 59
66 44 46
66 47 72
66 48 66
66 51 21
66 53 13
66 55 82
66 58 32
66 60 16
66 62 64
66 63 77
66 64 33
66 65 97
66 67 48
66 68 20
66 69 52
66 73 60
66 74 73
66 76 84
66 80 38
66 84 91
66 92 23
66 93 76
66 96 95
66 100 20
66 103 66
66 105 85
66 106 76
66 108 74
66 109 43
66 110 87
66 112 64
66 115 39
66 118 19
66 119 96
66 120 69
66 124 35
66 125 58
66 128 42
66 129 10
66 135 19
66 136 37
66 141 63
66 t 68
67 2 77
67 3 74
67 4 36
67 5 20
67 7 36
67 12 26
67 13 69
67 15 15
67 17 88
67 23 66
67 24 37
67 25 69
67 26 17
67 29 16
67 33 42
67 35 42
67 36 55
67 40 13
67 42 77
67 44 22
67 47 23
67 49 40
67 50 35
67 52 34
67 53 42
67 56 76
67 59 56
67 60 97
67 66 48
67 69 54
67 70 20
67 71 59
67 73 87
67 74 54
67 75 22
67 78 78
67 80 45
67 81 76
67 82 29
67 84 66
67 85 12
67 87 38
67 88 58
67 89 26
67 90 77
67 92 53
67 94 39
67 95 75
67 96 58
67 97 97
67 98 41
67 103 52
67 105 28
67 108 9
67 109 58
67 111 100
67 112 84
67 118 31
67 120 10
67 122 61
67 123 90
67 124 10
67 125 75
67 130 67
67 131 97
67 134 86
67 137 65
67 t 99
68 1 92
68 2 14
68 4 58
68 7 51
68 8 31
68 9 28
68 11 49
68 16 20
68 17 66
68 21 61
68 22 20
68 25 92
68 26 78
68 27 55
68 28 91
68 29 91
68 33 50
68 36 24
68 42 24
68 43 46
68 46 86
68 50 94
68 53 40
68 56 94
68 58 19
68 60 80
68 64 76
68 66 20
68 70 84
68 74 33
68 76 56
68 77 58
68 81 26
68 83 73
68 84 23
68 86 40
68 87 73
68 89 50
68 91 99
68 92 33
68 96 97
68 98 21
68 99 16
68 100 60
68 101 67
68 102 73
68 105 74
68 107 74
68 108 40
68 109 100
68 111 73
68 113 69
68 114 71
68 118 20
68 119 46
68 120 80
68 122 63
68 126 81
68 127 72
68 128 39
68 132 98
68 137 91
68 139 9
68 141 85
69 2 11
69 3 82
69 7 24
69 8 93
69 9 28
69 14 77
69 17 85
69 19 93
69 20 70
69 21 13
69 22 84
69 23 24
69 24 54
69 25 55
69 27 80
69 34 53
69 35 82
69 43 82
69 44 35
69 46 38
69 49 68
69 54 60
69 55 58
69 57 84
69 58 31
69 60 23
69 62 54
69 64 52
69 66 52
69 67 54
69 70 10
69 72 55
69 75 38
69 76 66
69 80 55
69 82 19
69 84 62
69 86 17
69 87 98
69 88 67
69 89 53
69 93 95
69 94 15
69 95 67
69 97 94
69 99 51
69 107 32
69 108 100
69 109 66
69 110 63
69 114 26
69 118 54
69 121 58
69 124 39
69 126 84
69 129 9
69 130 41
69 134 26
69 136 83
69 137 49
69 t 93
70 4 37
70 5 44
70 7 65
70 10 19
70 11 14
70 12 9
70 17 45
70 19 66
70 22 100
70 25 81
70 29 55
70 30 71
70 32 50
70 38 60
70 40 95
70 49 32
70 50 76
70 51 47
70 53 31
70 55 46
70 57 20
70 61 39
70 62 27
70 64 69
70 67 20
70 68 84
70 69 10
70 71 85
70 72 36
70 73 78
70 74 41
70 76 50
70 80 28
70 82 55
70 86 64
70 87 40
70 94 15
70 95 16
70 96 58
70 98 88
70 101 80
70 102 19
70 103 39
70 106 60
70 108 72
70 110 69
70 111 91
70 112 91
70 114 12
70 115 69
70 116 10
70 117 68
70 118 47
70 119 93
70 125 94
70 126 13
70 129 69
70 133 42
70 138 72
70 140 22
71 7 30
71 8 99
71 16 14
71 18 29
71 23 10
71 25 23
71 29 94
71 31 39
71 33 55
71 34 60
71 36 63
71 37 91
71 39 71
71 42 74
71 46 10
71 48 33
71 49 34
71 51 75
71 55 11
71 57 52
71 60 89
71 61 40
71 62 22
71 63 73
71 64 47
71 67 59
71 70 85
71 77 67
71 81 20
71 82 60
71 83 82
71 84 54
71 85 86
71 88 84
71 91 23
71 95 75
71 97 96
71 98 65
71 99 74
71 101 25
71 102 85
71 104 81
71 105 53
71 107 100
71 108 28
71 110 16
71 114 92
71 116 23
71 118 26
71 119 76
71 122 37
71 123 53
71 126 73
71 127 9
71 132 92
71 133 32
72 4 18
72 6 95
72 7 40
72 9 52
72 11 86
72 12 63
72 13 78
72 15 23
72 16 63
72 18 72
72 22 73
72 24 68
72 26 57
72 28 17
72 29 21
72 30 98
72 33 90
72 36 50
72 37 45
72 38 39
72 39 12
72 40 57
72 41 70
72 43 89
72 46 55
72 48 56
72 49 75
72 51 29
72 53 88
72 54 82
72 56 34
72 59 48
72 61 20
72 69 55
72 70 36
72 73 76
72 74 89
72 75 60
72 76 71
72 77 32
72 80 27
72 82 16
72 87 22
72 91 99
72 92 38
72 93 82
72 98 26
72 99 30
72 100 82
72 101 47
72 102 83
72 104 64
72 105 22
72 107 95
72 108 30
72 109 68
72 111 68
72 113 44
72 114 13
72 116 91
72 117 44
72 118 92
72 119 50
72 121 45
72 122 54
72 123 71
72 126 73
72 127 75
72 128 56
72 132 44
72 136 25
72 138 53
73 2 54
73 3 10
73 5 67
73 6 85
73 7 80
73 10 36
73 11 26
73 12 37
73 17 13
73 18 53
73 19 47
73 20 40
73 23 96
73 25 48
73 27 31
73 28 64
73 32 88
73 36 21
73 37 16
73 38 29
73 50 85
73 52 15
73 53 16
73 55 53
73 56 68
73 58 21
73 65 56
73 66 60
73 67 87
73 70 78
73 72 76
73 75 29
73 76 72
73 80 97
73 81 69
73 84 81
73 86 89
73 87 13
73 88 74
73 89 64
73 91 81
73 94 55
73 100 85
73 102 48
73 110 95
73 111 74
73 117 30
73 119 37
73 122 15
73 123 46
73 126 9
73 128 100
73 132 78
73 133 69
73 134 96
73 136 43
73 137 10
73 139 38
73 140 78
74 4 24
74 7 59
74 8 66
74 10 11
74 11 89
74 12 88
74 14 19
74 18 96
74 21 31
74 23 44
74 27 62
74 28 81
74 29 45
74 32 24
74 33 14
74 35 26
74 39 32
74 40 37
74 44 26
74 45 10
74 46 11
74 47 81
74 54 60
74 59 72
74 60 94
74 62 41
74 63 89
74 64 68
74 66 73
74 67 54
74 68 33
74 70 41
74 72 89
74 76 25
74 78 98
74 80 97
74 81 78
74 82 44
74 83 17
74 84 89
74 85 35
74 86 85
74 89 84
74 90 74
74 92 26
74 93 86
74 94 73
74 95 65
74 97 74
74 99 93
74 101 79
74 105 50
74 106 55
74 107 17
74 110 12
74 113 70
74 114 13
74 116 95
74 117 96
74 119 23
74 120 28
74 122 44
74 123 93
74 124 91
74 133 39
74 134 24
74 137 16
74 139 88
74 141 52
74 t 85
75 3 93
75 5 84
75 6 25
75 7 90
75 8 98
75 9 53
75 10 53
75 11 65
75 14 78
75 15 19
75 16 29
75 17 40
75 19 94
75 23 29
75 26 100
75 34 58
75 38 20
75 40 32
75 42 62
75 44 69
75 50 86
75 52 48
75 53 18
75 54 13
75 55 27
75 56 36
75 59 60
75 60 11
75 61 88
75 62 59
75 64 76
75 65 71
75 67 22
75 69 38
75 72 60
75 73 29
75 76 66
75 78 49
75 84 75
75 87 44
75 90 32
75 95 75
75 96 41
75 97 9
75 99 52
75 101 75
75 105 35
75 108 83
75 111 18
75 112 27
75 113 29
75 114 60
75 115 87
75 116 33
75 118 65
75 121 64
75 126 67
75 129 82
75 131 28
75 134 30
75 135 85
75 136 10
75 139 60
75 140 17
75 141 55
75 t 44
76 1 21
76 5 48
76 7 19
76 10 12
76 11 66
76 20 96
76 23 42
76 24 99
76 25 52
76 27 81
76 28 50
76 31 39
76 33 37
76 34 68
76 37 33
76 38 56
76 39 67
76 40 81
76 45 9
76 46 34
76 47 26
76 48 94
76 51 94
76 54 99
76 55 76
76 59 43
76 60 21
76 61 52
76 62 76
76 64 80
76 66 84
76 68 56
76 69 66
76 70 50
76 72 71
76 73 72
76 74 25
76 75 66
76 79 97
76 82 51
76 85 92
76 86 11
76 88 21
76 90 63
76 91 81
76 92 94
76 93 69
76 94 81
76 95 93
76 99 20
76 102 95
76 105 42
76 109 95
76 110 44
76 112 21
76 113 32
76 115 60
76 118 34
76 119 88
76 120 48
76 122 100
76 127 94
76 128 42
76 130 29
76 131 38
76 132 17
76 133 78
76 139 93
76 140 23
76 t 80
77 1 47
77 2 86
77 4 48
77 9 11
77 13 86
77 22 65
77 23 54
77 28 24
77 29 85
77 30 12
77 32 19
77 34 55
77 35 11
77 36 45
77 37 39
77 39 99
77 40 90
77 41 90
77 42 51
77 46 95
77 52 30
77 53 43
77 58 74
77 64 83
77 65 60
77 68 58
77 71 67
77 72 32
77 78 71
77 81 54
77 85 37
77 86 49
77 89 70
77 92 78
77 93 97
77 95 48
77 96 67
77 97 85
77 98 23
77 104 83
77 107 18
77 108 20
77 109 51
77 110 81
77 113 62
77 119 84
77 121 15
77 122 75
77 124 49
77 126 14
77 133 23
77 134 39
77 137 60
77 141 55
78 1 92
78 2 39
78 4 66
78 6 74
78 8 96
78 11 100
78 13 48
78 17 82
78 21 20
78 22 11
78 24 86
78 30 59
78 31 90
78 34 89
78 36 78
78 40 68
78 44 69
78 45 59
78 46 80
78 49 92
78 51 39
78 52 29
78 55 18
78 57 36
78 58 99
78 61 84
78 63 85
78 64 71
78 67 78
78 74 98
78 75 49
78 77 71
78 79 10
78 80 77
78 90 15
78 91 22
78 93 53
78 95 24
78 96 78
78 98 92
78 100 62
78 102 77
78 103 100
78 105 71
78 107 14
78 108 11
78 110 66
78 111 17
78 112 81
78 113 64
78 116 27
78 117 72
78 118 62
78 121 59
78 122 68
78 123 81
78 126 59
78 127 37
78 130 13
78 132 81
78 133 35
78 134 91
78 135 27
79 1 49
79 5 35
79 7 45
79 9 67
79 10 15
79 15 53
79 21 40
79 22 74
79 24 45
79 25 53
79 28 80
79 29 82
79 33 34
79 40 89
79 41 9
79 44 42
79 46 11
79 48 45
79 51 74
79 53 11
79 54 22
79 55 63
79 59 85
79 62 53
79 64 75
79 65 48
79 76 97
79 78 10
79 80 65
79 83 92
79 84 48
79 85 74
79 89 26
79 93 47
79 99 82
79 100 54
79 103 79
79 105 46
79 106 65
79 109 49
79 111 91
79 113 79
79 114 87
79 118 94
79 119 67
79 120 23
79 121 42
79 124 35
79 125 55
79 128 26
79 131 21
79 132 14
79 133 31
79 137 61
79 t 64
80 4 61
80 5 48
80 9 44
80 10 48
80 12 32
80 14 66
80 19 79
80 21 75
80 22 30
80 23 93
80 25 41
80 28 39
80 29 97
80 30 76
80 31 90
80 33 15
80 34 48
80 37 69
80 41 24
80 42 49
80 44 9
80 46 97
80 50 97
80 60 25
80 64 56
80 66 38
80 67 45
80 69 55
80 70 28
80 72 27
80 73 97
80 74 97
80 78 77
80 79 65
80 81 18
80 82 59
80 84 52
80 87 62
80 88 17
80 90 43
80 91 27
80 94 9
80 96 10
80 100 88
80 101 49
80 102 79
80 103 84
80 104 23
80 105 17
80 106 52
80 113 100
80 115 25
80 117 94
80 118 90
80 120 60
80 121 87
80 122 47
80 123 70
80 124 41
80 125 73
80 126 13
80 127 52
80 128 22
80 129 43
80 130 62
80 131 40
80 132 60
80 133 56
80 135 80
80 137 82
80 139 97
81 5 35
81 9 38
81 13 85
81 16 51
81 18 90
81 19 24
81 20 75
81 24 44
81 25 96
81 26 37
81 28 26
81 30 81
81 36 33
81 37 39
81 39 62
81 40 68
81 43 66
81 44 13
81 45 17
81 46 46
81 51 47
81 52 18
81 54 25
81 57 27
81 58 31
81 63 94
81 67 76
81 68 26
81 71 20
81 73 69
81 74 78
81 77 54
81 80 18
81 83 24
81 89 70
81 90 86
81 91 36
81 92 100
81 93 72
81 97 43
81 102 14
81 106 89
81 107 85
81 108 33
81 111 41
81 113 79
81 116 14
81 117 34
81 121 26
81 122 31
81 124 63
81 126 62
81 135 55
82 2 42
82 5 32
82 8 9
82 11 35
82 13 17
82 15 46
82 19 29
82 23 95
82 24 79
82 25 52
82 27 88
82 31 10
82 34 29
82 37 71
82 38 76
82 42 51
82 45 19
82 50 13
82 53 67
82 58 34
82 60 49
82 61 88
82 63 48
82 65 82
82 67 29
82 69 19
82 70 55
82 71 60
82 72 16
82 74 44
82 76 51
82 80 59
82 84 96
82 87 97
82 88 20
82 89 75
82 90 20
82 92 96
82 96 31
82 97 90
82 98 36
82 99 9
82 100 75
82 101 64
82 102 70
82 103 84
82 105 84
82 109 61
82 111 75
82 113 59
82 114 79
82 115 22
82 116 89
82 117 39
82 119 60
82 122 53
82 126 22
82 127 46
82 128 78
82 131 56
82 132 21
82 133 91
82 134 71
82 138 13
82 139 47
82 140 98
82 141 48
83 2 30
83 4 14
83 6 80
83 8 86
83 10 59
83 14 51
83 15 91
83 16 89
83 22 75
83 25 34
83 27 51
83 30 73
83 33 26
83 34 92
83 36 43
83 38 65
83 40 68
83 42 91
83 48 71
83 50 29
83 52 67
83 53 48
83 57 22
83 58 17
83 59 76
83 60 90
83 61 98
83 62 83
83 64 37
83 65 86
83 68 73
83 71 82
83 74 17
83 79 92
83 81 24
83 88 41
83 90 19
83 93 50
83 96 36
83 98 48
83 100 13
83 101 57
83 102 58
83 105 59
83 108 67
83 111 62
83 117 21
83 119 77
83 120 93
83 122 67
83 123 28
83 124 19
83 125 30
83 128 14
83 131 92
83 132 20
83 135 29
83 136 76
84 1 65
84 2 85
84 3 66
84 4 74
84 7 41
84 9 57
84 10 56
84 11 22
84 13 73
84 14 68
84 15 55
84 17 75
84 18 63
84 19 85
84 23 21
84 25 42
84 26 78
84 28 91
84 29 50
84 31 27
84 36 13
84 39 62
84 40 47
84 47 81
84 49 74
84 51 39
84 54 51
84 57 26
84 58 22
84 59 90
84 62 12
84 66 91
84 67 66
84 68 23
84 69 62
84 71 54
84 73 81
84 74 89
84 75 75
84 79 48
84 80 52
84 82 96
84 98 85
84 100 38
84 102 24
84 103 48
84 104 12
84 109 43
84 114 27
84 117 90
84 118 13
84 119 14
84 120 20
84 122 74
84 124 32
84 126 90
84 128 41
84 129 93
84 131 16
84 137 77
84 138 58
84 139 52
85 7 22
85 9 47
85 10 74
85 11 11
85 17 9
85 18 89
85 21 38
85 22 29
85 24 95
85 27 87
85 28 37
85 29 54
85 32 51
85 33 66
85 36 43
85 37 22
85 38 67
85 39 69
85 41 22
85 42 27
85 44 51
85 46 28
85 49 43
85 51 73
85 53 89
85 57 22
85 59 20
85 60 15
85 63 73
85 65 52
85 67 12
85 71 86
85 74 35
85 76 92
85 77 37
85 79 74
85 91 88
85 93 23
85 97 77
85 100 52
85 101 83
85 102 65
85 103 77
85 110 77
85 116 72
85 122 74
85 124 86
85 126 10
85 127 59
85 130 57
85 131 63
85 132 54
85 133 58
85 137 50
85 138 18
85 139 67
85 140 36
85 141 62
85 t 84
86 2 61
86 3 10
86 4 37
86 5 65
86 6 67
86 8 98
86 9 80
86 12 34
86 14 29
86 16 95
86 18 86
86 20 79
86 22 72
86 23 30
86 26 47
86 30 90
86 33 61
86 35 97
86 36 56
86 37 13
86 39 34
86 45 9
86 52 70
86 53 63
86 54 82
86 57 27
86 61 26
86 68 40
86 69 17
86 70 64
86 73 89
86 74 85
86 76 11
86 77 49
86 87 18
86 90 38
86 91 64
86 93 100
86 94 9
86 97 55
86 98 9
86 100 93
86 101 32
86 103 87
86 104 56
86 106 91
86 111 76
86 112 13
86 115 76
86 117 98
86 118 37
86 120 28
86 125 68
86 130 46
86 132 24
86 135 11
86 138 67
86 139 43
87 7 20
87 8 34
87 9 61
87 10 27
87 11 31
87 14 74
87 17 32
87 20 14
87 22 9
87 27 51
87 28 50
87 31 76
87 34 13
87 37 26
87 38 35
87 41 64
87 45 75
87 48 55
87 51 36
87 53 19
87 54 52
87 55 26
87 59 21
87 61 95
87 62 89
87 63 66
87 65 36
87 67 38
87 68 73
87 69 98
87 70 40
87 72 22
87 73 13
87 75 44
87 80 62
87 82 97
87 86 18
87 88 21
87 90 9
87 91 41
87 93 54
87 94 15
87 95 87
87 96 53
87 97 9
87 98 54
87 101 60
87 102 26
87 104 9
87 106 55
87 107 16
87 108 18
87 111 21
87 116 16
87 117 45
87 119 80
87 126 69
87 129 77
87 130 16
87 134 10
87 136 57
87 138 35
87 139 43
88 1 81
88 3 10
88 5 87
88 6 25
88 7 17
88 8 62
88 9 12
88 11 60
88 12 30
88 13 81
88 19 69
88 20 40
88 23 68
88 24 40
88 28 76
88 29 24
88 31 20
88 32 53
88 35 93
88 39 18
88 40 28
88 41 29
88 43 85
88 46 67
88 49 21
88 50 48
88 56 27
88 57 39
88 58 75
88 59 34
88 61 67
88 65 62
88 67 58
88 69 67
88 71 84
88 73 74
88 76 21
88 80 17
88 82 20
88 83 41
88 87 21
88 90 44
88 92 13
88 96 45
88 98 71
88 99 63
88 100 74
88 101 54
88 105 48
88 107 74
88 109 92
88 112 85
88 113 100
88 115 61
88 117 96
88 122 48
88 123 51
88 125 52
88 130 32
88 136 84
88 137 31
88 139 47
88 141 95
89 2 34
89 4 20
89 6 41
89 8 30
89 10 16
89 11 27
89 12 23
89 15 53
89 17 96
89 19 52
89 20 52
89 21 82
89 23 41
89 24 52
89 25 32
89 26 70
89 28 28
89 29 29
89 32 50
89 35 45
89 36 76
89 37 87
89 39 82
89 40 36
89 43 74
89 46 40
89 50 36
89 51 16
89 52 21
89 53 76
89 55 70
89 58 97
89 60 72
89 61 25
89 62 63
89 63 96
89 64 21
89 67 26
89 68 50
89 69 53
89 73 64
89 74 84
89 77 70
89 79 26
89 81 70
89 82 75
89 94 86
89 95 55
89 96 46
89 98 18
89 101 83
89 102 97
89 105 87
89 108 26
89 109 76
89 110 67
89 111 99
89 114 29
89 115 13
89 121 96
89 124 52
89 125 64
89 128 43
89 129 88
89 130 26
89 t 94
90 1 63
90 2 25
90 5 92
90 7 43
90 9 51
90 11 73
90 16 32
90 18 13
90 19 32
90 21 96
90 28 68
90 30 16
90 31 57
90 33 32
90 36 33
90 37 26
90 41 31
90 42 56
90 43 77
90 44 27
90 45 65
90 46 73
90 49 61
90 50 19
90 52 62
90 56 39
90 58 99
90 59 73
90 62 86
90 67 77
90 74 74
90 75 32
90 76 63
90 78 15
90 80 43
90 81 86
90 82 20
90 83 19
90 86 38
90 87 9
90 88 44
90 91 71
90 93 93
90 96 61
90 98 20
90 103 43
90 106 43
90 109 98
90 110 55
90 113 10
90 117 45
90 118 92
90 120 27
90 124 40
90 125 60
90 128 65
90 130 82
90 132 27
90 133 76
90 134 34
90 136 23
90 138 15
90 139 18
90 140 28
90 141 10
90 t 21
91 1 26
91 2 33
91 3 33
91 9 79
91 10 66
91 19 99
91 21 43
91 24 19
91 25 38
91 30 27
91 36 49
91 39 28
91 40 32
91 41 60
91 42 77
91 46 58
91 49 21
91 50 9
91 57 28
91 59 42
91 61 62
91 65 27
91 68 99
91 71 23
91 72 99
91 73 81
91 76 81
91 78 22
91 80 27
91 81 36
91 85 88
91 86 64
91 87 41
91 90 71
91 95 96
91 96 31
91 99 21
91 105 63
91 107 67
91 108 21
91 109 23
91 112 92
91 115 46
91 116 83
91 117 96
91 119 83
91 121 43
91 122 46
91 123 24
91 124 11
91 125 83
91 127 73
91 128 51
91 140 78
91 141 63
91 t 23
92 5 95
92 6 36
92 7 31
92 10 46
92 11 10
92 13 50
92 15 83
92 20 37
92 23 55
92 26 100
92 27 14
92 28 67
92 29 64
92 32 58
92 36 55
92 37 78
92 41 50
92 45 29
92 47 97
92 50 57
92 51 95
92 52 96
92 56 55
92 59 60
92 62 71
92 66 23
92 67 53
92 68 33
92 72 38
92 74 26
92 76 94
92 77 78
92 81 100
92 82 96
92 88 13
92 98 96
92 101 22
92 102 48
92 103 24
92 104 84
92 106 12
92 107 99
92 111 15
92 112 46
92 115 54
92 117 58
92 121 23
92 124 99
92 127 43
92 128 54
92 129 11
92 133 16
92 136 24
92 140 94
92 141 64
93 1 84
93 5 51
93 7 55
93 8 70
93 9 93
93 10 32
93 11 89
93 15 69
93 17 47
93 22 77
93 23 55
93 24 66
93 25 38
93 26 60
93 27 23
93 29 22
93 34 85
93 35 41
93 38 82
93 42 87
93 45 42
93 46 49
93 49 25
93 52 17
93 53 65
93 59 16
93 63 19
93 66 76
93 69 95
93 72 82
93 74 86
93 76 69
93 77 97
93 78 53
93 79 47
93 81 72
93 83 50
93 85 23
93 86 100
93 87 54
93 90 93
93 97 25
93 101 46
93 103 47
93 104 31
93 105 99
93 106 44
93 109 40
93 112 29
93 114 34
93 115 56
93 116 84
93 120 81
93 123 21
93 126 97
93 129 39
93 130 61
93 132 75
93 137 11
93 138 26
93 139 42
93 140 67
93 t 38
94 2 68
94 3 28
94 6 51
94 12 64
94 13 48
94 16 98
94 17 67
94 25 22
94 26 92
94 28 88
94 31 32
94 32 95
94 33 49
94 34 25
94 38 37
94 40 35
94 41 21
94 43 39
94 46 81
94 48 33
94 49 57
94 51 58
94 55 82
94 56 50
94 57 78
94 58 49
94 59 69
94 61 57
94 64 30
94 65 14
94 67 39
94 69 15
94 70 15
94 73 55
94 74 73
94 76 81
94 80 9
94 86 9
94 87 15
94 89 86
94 99 92
94 101 80
94 102 56
94 105 46
94 108 97
94 109 92
94 110 58
94 111 87
94 113 32
94 118 56
94 120 83
94 122 74
94 123 45
94 125 48
94 126 53
94 129 81
94 130 54
94 133 51
94 134 50
94 138 82
94 140 67
94 141 47
95 6 31
95 7 43
95 8 48
95 9 19
95 11 24
95 12 13
95 13 56
95 15 57
95 17 38
95 18 47
95 20 68
95 21 91
95 22 23
95 24 25
95 25 36
95 26 96
95 29 19
95 35 33
95 37 29
95 40 90
95 43 91
95 44 34
95 46 95
95 50 44
95 51 42
95 52 97
95 54 44
95 57 53
95 62 48
95 63 13
95 64 37
95 65 35
95 67 75
95 69 67
95 70 16
95 71 75
95 74 65
95 75 75
95 76 93
95 77 48
95 78 24
95 87 87
95 89 55
95 91 96
95 97 100
95 99 90
95 100 90
95 101 62
95 102 45
95 108 68
95 110 27
95 111 59
95 112 72
95 114 93
95 117 53
95 118 33
95 121 64
95 122 46
95 125 67
95 129 97
95 130 35
95 131 68
95 138 45
95 t 48
96 3 39
96 4 90
96 5 35
96 6 34
96 7 37
96 9 71
96 14 23
96 18 73
96 21 48
96 22 67
96 26 77
96 30 24
96 34 37
96 37 72
96 39 33
96 43 21
96 44 91
96 46 70
96 48 14
96 50 96
96 52 21
96 54 71
96 57 95
96 61 11
96 63 85
96 66 95
96 67 58
96 68 97
96 70 58
96 75 41
96 77 67
96 78 78
96 80 10
96 82 31
96 83 36
96 87 53
96 88 45
96 89 46
96 90 61
96 91 31
96 97 33
96 102 12
96 103 44
96 105 45
96 106 88
96 108 42
96 110 70
96 111 27
96 112 84
96 115 14
96 117 72
96 118 61
96 119 76
96 124 43
96 126 72
96 128 17
96 129 54
96 133 11
96 134 9
96 141 30
96 t 62
97 2 14
97 3 37
97 4 99
97 6 87
97 7 29
97 8 54
97 12 26
97 13 16
97 15 69
97 18 29
97 19 67
97 21 73
97 23 37
97 24 72
97 26 86
97 27 50
97 29 100
97 30 43
97 36 38
97 37 93
97 38 35
97 39 19
97 41 85
97 42 14
97 43 94
97 45 81
97 47 31
97 48 97
97 49 38
97 51 27
97 54 60
97 56 88
97 61 25
97 65 90
97 67 97
97 69 94
97 71 96
97 74 74
97 75 9
97 77 85
97 81 43
97 82 90
97 85 77
97 86 55
97 87 9
97 93 25
97 95 100
97 96 33
97 103 45
97 104 20
97 105 16
97 106 53
97 107 38
97 108 34
97 109 76
97 110 97
97 112 72
97 116 89
97 117 85
97 121 89
97 123 68
97 127 31
97 129 91
97 132 31
97 137 72
97 139 93
98 4 42
98 5 37
98 6 82
98 8 96
98 9 40
98 11 33
98 12 91
98 14 30
98 16 32
98 18 32
98 20 27
98 21 14
98 22 71
98 25 12
98 30 14
98 31 41
98 32 18
98 38 98
98 43 20
98 44 74
98 46 21
98 47 80
98 48 91
98 49 15
98 53 90
98 56 82
98 57 88
98 58 38
98 59 61
98 61 62
98 62 66
98 67 41
98 68 21
98 70 88
98 71 65
98 72 26
98 77 23
98 78 92
98 82 36
98 83 48
98 84 85
98 86 9
98 87 54
98 88 71
98 89 18
98 90 20
98 92 96
98 99 10
98 100 86
98 107 95
98 108 58
98 113 53
98 114 91
98 115 94
98 120 49
98 126 64
98 127 84
98 128 72
98 130 34
98 131 19
98 132 70
98 134 59
98 136 63
98 139 96
98 140 100
98 141 28
99 3 64
99 4 33
99 5 81
99 7 76
99 8 18
99 9 78
99 10 23
99 12 94
99 13 67
99 14 99
99 18 85
99 21 63
99 25 74
99 26 76
99 28 60
99 31 41
99 32 74
99 33 27
99 36 44
99 38 71
99 40 30
99 42 41
99 43 74
99 44 45
99 50 45
99 54 74
99 55 17
99 57 10
99 59 16
99 60 53
99 61 46
99 63 97
99 68 16
99 69 51
99 71 74
99 72 30
99 74 93
99 75 52
99 76 20
99 79 82
99 82 9
99 88 63
99 91 21
99 94 92
99 95 90
99 98 10
99 100 62
99 103 37
99 106 60
99 107 19
99 108 37
99 109 67
99 111 18
99 112 49
99 116 46
99 117 11
99 118 83
99 120 22
99 121 100
99 122 94
99 123 38
99 126 57
99 128 23
99 129 69
99 131 35
99 133 29
99 135 82
99 137 77
99 139 84
99 141 45
99 t 26
100 1 23
100 5 34
100 6 14
100 7 63
100 9 79
100 11 94
100 12 99
100 13 75
100 16 32
100 17 13
100 18 58
100 21 61
100 22 67
100 23 16
100 25 100
100 26 66
100 27 85
100 29 25
100 30 58
100 33 36
100 34 34
100 35 59
100 36 41
100 37 20
100 38 20
100 42 47
100 45 34
100 47 95
100 53 29
100 56 90
100 58 73
100 60 55
100 61 100
100 65 30
100 66 20
100 68 60
100 72 82
100 73 85
100 78 62
100 79 54
100 80 88
100 82 75
100 83 13
100 84 38
100 85 52
100 86 93
100 88 74
100 95 90
100 98 86
100 99 62
100 101 84
100 102 23
100 107 26
100 109 74
100 110 15
100 112 55
100 118 48
100 127 83
100 128 43
100 130 14
100 134 39
100 138 36
100 140 89
100 141 72
100 t 44
101 3 72
101 4 16
101 8 69
101 9 25
101 14 81
101 15 44
101 20 17
101 25 75
101 27 31
101 28 42
101 31 49
101 33 22
101 34 18
101 35 46
101 36 63
101 40 95
101 42 42
101 48 23
101 50 89
101 51 62
101 56 98
101 58 26
101 60 28
101 62 16
101 63 35
101 64 48
101 65 50
101 68 67
101 70 80
101 71 25
101 72 47
101 74 79
101 75 75
101 80 49
101 82 64
101 83 57
101 85 83
101 86 32
101 87 60
101 88 54
101 89 83
101 92 22
101 93 46
101 94 80
101 95 62
101 100 84
101 102 29
101 105 68
101 107 24
101 108 53
101 109 93
101 111 93
101 112 39
101 113 97
101 114 55
101 115 35
101 117 98
101 119 80
101 120 18
101 124 99
101 125 53
101 128 80
101 131 35
101 132 70
101 133 22
101 135 80
101 t 17
102 3 57
102 4 70
102 5 50
102 6 24
102 9 30
102 10 41
102 11 98
102 14 35
102 16 78
102 18 10
102 19 10
102 21 11
102 23 62
102 24 54
102 25 45
102 27 75
102 28 25
102 33 91
102 38 54
102 39 86
102 40 46
102 41 16
102 42 28
102 44 73
102 46 20
102 47 73
102 49 71
102 50 58
102 52 51
102 54 58
102 55 67
102 56 76
102 60 87
102 61 27
102 65 54
102 68 73
102 70 19
102 71 85
102 72 83
102 73 48
102 76 95
102 78 77
102 80 79
102 81 14
102 82 70
102 83 58
102 84 24
102 85 65
102 87 26
102 89 97
102 92 48
102 94 56
102 95 45
102 96 12
102 100 23
102 101 29
102 105 42
102 106 87
102 110 89
102 111 38
102 114 58
102 121 31
102 123 67
102 124 45
102 126 31
102 129 49
102 131 74
102 133 97
102 135 94
102 136 29
102 137 49
102 139 48
102 141 60
102 t 36
103 1 81
103 4 33
103 5 28
103 6 15
103 7 93
103 8 51
103 10 76
103 11 43
103 13 53
103 14 90
103 15 68
103 16 84
103 23 53
103 24 85
103 25 58
103 27 36
103 28 28
103 30 13
103 31 94
103 34 32
103 38 50
103 40 66
103 41 10
103 44 40
103 46 65
103 48 32
103 49 89
103 51 53
103 52 75
103 56 69
103 58 52
103 59 48
103 60 93
103 62 80
103 63 74
103 64 39
103 66 66
103 67 52
103 70 39
103 78 100
103 79 79
103 80 84
103 82 84
103 84 48
103 85 77
103 86 87
103 90 43
103 92 24
103 93 47
103 96 44
103 97 45
103 99 37
103 106 11
103 107 78
103 108 87
103 110 11
103 120 28
103 122 83
103 124 30
103 131 9
103 132 55
103 136 58
103 140 95
103 t 100
104 2 20
104 3 90
104 4 70
104 6 81
104 7 66
104 8 100
104 9 98
104 11 83
104 12 89
104 14 61
104 15 12
104 18 40
104 23 92
104 28 61
104 30 51
104 31 19
104 32 45
104 37 61
104 46 84
104 47 71
104 49 65
104 50 22
104 52 49
104 53 35
104 54 19
104 56 38
104 59 77
104 60 39
104 63 48
104 64 64
104 71 81
104 72 64
104 77 83
104 80 23
104 84 12
104 86 56
104 87 9
104 92 84
104 93 31
104 97 20
104 105 37
104 106 31
104 108 74
104 109 82
104 112 70
104 114 58
104 118 95
104 120 37
104 121 65
104 122 82
104 126 26
104 130 10
104 131 24
104 134 62
104 139 32
104 t 62
105 1 25
105 2 11
105 4 80
105 5 64
105 8 48
105 9 20
105 11 22
105 13 69
105 14 63
105 17 56
105 18 19
105 19 23
105 22 16
105 23 28
105 24 48
105 25 21
105 27 15
105 28 52
105 29 29
105 32 40
105 35 90
105 36 45
105 37 83
105 38 72
105 40 84
105 41 66
105 42 31
105 44 15
105 46 32
105 48 56
105 49 60
105 52 68
105 54 38
105 55 14
105 56 25
105 58 23
105 60 98
105 61 43
105 63 21
105 65 47
105 66 85
105 67 28
105 68 74
105 71 53
105 72 22
105 74 50
105 75 35
105 76 42
105 78 71
105 79 46
105 80 17
105 82 84
105 83 59
105 88 48
105 89 87
105 91 63
105 93 99
105 94 46
105 96 45
105 97 16
105 101 68
105 102 42
105 104 37
105 108 62
105 110 29
105 111 34
105 115 94
105 117 90
105 119 70
105 121 26
105 122 31
105 126 28
105 127 92
105 129 79
105 131 33
105 132 16
105 133 61
105 134 83
105 135 23
105 137 21
105 140 85
105 t 23
106 1 63
106 3 21
106 4 79
106 7 59
106 8 23
106 10 37
106 12 83
106 13 78
106 14 45
106 15 31
106 16 39
106 18 62
106 22 71
106 26 37
106 27 70
106 31 65
106 32 65
106 36 42
106 37 28
106 38 83
106 41 26
106 43 95
106 45 86
106 46 82
106 47 40
106 48 61
106 50 12
106 53 76
106 56 10
106 57 19
106 59 60
106 61 93
106 63 98
106 64 20
106 66 76
106 70 60
106 74 55
106 79 65
106 80 52
106 81 89
106 86 91
106 87 55
106 90 43
106 92 12
106 93 44
106 96 88
106 97 53
106 99 60
106 102 87
106 103 11
106 104 31
106 107 34
106 108 23
106 109 21
106 110 82
106 111 43
106 112 34
106 119 53
106 123 14
106 126 22
106 132 75
106 134 10
106 136 34
106 138 32
106 141 20
107 1 96
107 2 23
107 6 67
107 9 51
107 13 14
107 15 39
107 16 16
107 17 55
107 18 61
107 21 12
107 23 17
107 24 45
107 26 95
107 27 100
107 29 25
107 30 54
107 33 35
107 36 97
107 37 45
107 39 86
107 42 63
107 45 84
107 46 71
107 47 62
107 49 69
107 51 11
107 52 42
107 53 100
107 57 48
107 60 84
107 62 89
107 65 89
107 68 74
107 69 32
107 71 100
107 72 95
107 74 17
107 77 18
107 78 14
107 81 85
107 87 16
107 88 74
107 91 67
107 92 99
107 97 38
107 98 95
107 99 19
107 100 26
107 101 24
107 103 78
107 106 34
107 110 81
107 112 88
107 114 90
107 115 26
107 120 37
107 121 47
107 124 36
107 127 66
107 129 99
107 133 77
107 135 84
107 136 76
107 139 31
107 t 78
108 1 32
108 3 29
108 7 25
108 12 56
108 14 97
108 16 51
108 17 72
108 18 27
108 22 19
108 28 80
108 33 76
108 35 56
108 38 62
108 39 59
108 40 81
108 44 38
108 45 53
108 47 15
108 49 95
108 51 83
108 52 91
108 53 9
108 56 53
108 57 22
108 62 52
108 65 25
108 66 74
108 67 9
108 68 40
108 69 100
108 70 72
108 71 28
108 72 30
108 75 83
108 77 20
108 78 11
108 81 33
108 83 67
108 87 18
108 89 26
108 91 21
108 94 97
108 95 68
108 96 42
108 97 34
108 98 58
108 99 37
108 101 53
108 103 87
108 104 74
108 105 62
108 106 23
108 110 78
108 113 93
108 114 50
108 117 26
108 118 36
108 119 48
108 120 39
108 123 43
108 124 98
108 126 74
108 127 46
108 129 26
108 130 96
108 131 10
108 134 95
108 136 51
108 140 20
108 141 43
108 t 89
109 1 69
109 6 19
109 7 87
109 10 34
109 11 54
109 12 45
109 13 72
109 14 72
109 15 58
109 16 77
109 18 81
109 19 24
109 21 29
109 22 42
109 23 15
109 24 23
109 25 47
109 27 10
109 28 31
109 31 84
109 32 73
109 35 85
109 40 64
109 43 16
109 48 36
109 50 56
109 51 9
109 54 17
109 55 88
109 56 87
109 60 83
109 62 52
109 64 82
109 66 43
109 67 58
109 68 100
109 69 66
109 72 68
109 76 95
109 77 51
109 79 49
109 82 61
109 84 43
109 88 92
109 89 76
109 90 98
109 91 23
109 93 40
109 94 92
109 97 76
109 99 67
109 100 74
109 101 93
109 104 82
109 106 21
109 120 59
109 127 74
109 128 70
109 135 73
109 138 29
109 139 61
109 140 40
109 141 49
109 t 32
110 3 35
110 4 94
110 9 32
110 10 39
110 11 70
110 17 39
110 18 30
110 19 62
110 28 56
110 29 70
110 30 99
110 31 83
110 34 10
110 37 88
110 41 69
110 42 21
110 44 10
110 45 98
110 52 63
110 54 21
110 55 73
110 56 14
110 57 20
110 58 96
110 60 40
110 62 37
110 65 58
110 66 87
110 69 63
110 70 69
110 71 16
110 73 95
110 74 12
110 76 44
110 77 81
110 78 66
110 85 77
110 89 67
110 90 55
110 94 58
110 95 27
110 96 70
110 97 97
110 100 15
110 102 89
110 103 11
110 105 29
110 106 82
110 107 81
110 108 78
110 111 32
110 112 48
110 113 12
110 116 68
110 122 58
110 126 61
110 128 14
110 129 34
110 130 38
110 131 76
110 132 21
110 134 63
110 135 31
110 137 10
110 138 47
110 140 73
110 141 12
110 t 100
111 2 75
111 5 27
111 10 53
111 12 71
111 17 80
111 20 40
111 22 22
111 23 22
111 25 50
111 26 72
111 27 49
111 28 26
111 29 100
111 30 19
111 31 64
111 32 49
111 37 79
111 39 99
111 41 49
111 43 15
111 44 64
111 46 57
111 48 24
111 53 40
111 54 58
111 60 84
111 61 81
111 64 53
111 67 100
111 68 73
111 70 91
111 72 68
111 73 74
111 75 18
111 78 17
111 79 91
111 81 41
111 82 75
111 83 62
111 86 76
111 87 21
111 89 99
111 92 15
111 94 87
111 95 59
111 96 27
111 99 18
111 101 93
111 102 38
111 105 34
111 106 43
111 110 32
111 112 79
111 113 39
111 118 35
111 119 51
111 124 70
111 126 89
111 128 25
111 129 93
111 131 57
111 133 100
111 137 61
111 138 69
111 139 49
111 141 85
112 1 22
112 2 70
112 5 88
112 6 82
112 14 19
112 16 76
112 17 64
112 18 59
112 19 62
112 20 39
112 23 54
112 26 85
112 30 37
112 33 98
112 34 19
112 36 70
112 39 40
112 40 62
112 42 86
112 43 16
112 44 75
112 45 64
112 53 60
112 54 54
112 56 26
112 57 70
112 59 76
112 63 70
112 65 40
112 66 64
112 67 84
112 70 91
112 75 27
112 76 21
112 78 81
112 86 13
112 88 85
112 91 92
112 92 46
112 93 29
112 95 72
112 96 84
112 97 72
112 99 49
112 100 55
112 101 39
112 104 70
112 106 34
112 107 88
112 110 48
112 111 79
112 113 74
112 115 28
112 116 68
112 117 21
112 118 62
112 119 43
112 130 69
112 132 43
112 133 81
112 137 10
112 138 48
112 139 43
112 140 73
112 t 10
113 3 24
113 4 96
113 6 80
113 8 82
113 9 86
113 11 61
113 15 61
113 16 24
113 17 56
113 19 72
113 20 31
113 21 45
113 22 69
113 24 57
113 25 75
113 27 65
113 33 97
113 34 25
113 37 97
113 39 72
113 42 45
113 45 24
113 46 16
113 49 48
113 54 79
113 55 13
113 56 82
113 59 28
113 61 80
113 64 74
113 68 69
113 72 44
113 74 70
113 75 29
113 76 32
113 77 62
113 78 64
113 79 79
113 80 100
113 81 79
113 82 59
113 88 100
113 90 10
113 94 32
113 98 53
113 101 97
113 108 93
113 110 12
113 111 39
113 112 74
113 117 23
113 118 26
113 122 76
113 125 67
113 127 81
113 128 36
113 131 87
113 134 42
113 135 52
113 136 65
113 140 44
113 141 15
114 1 50
114 2 38
114 3 9
114 5 35
114 6 85
114 7 77
114 14 28
114 18 15
114 22 92
114 23 18
114 26 76
114 27 91
114 29 55
114 30 50
114 32 41
114 34 14
114 35 56
114 38 29
114 43 87
114 45 68
114 46 74
114 52 66
114 53 23
114 54 16
114 55 34
114 56 41
114 59 17
114 60 56
114 61 27
114 62 83
114 63 60
114 64 15
114 68 71
114 69 26
114 70 12
114 71 92
114 72 13
114 74 13
114 75 60
114 79 87
114 82 79
114 84 27
114 89 29
114 93 34
114 95 93
114 98 91
114 101 55
114 102 58
114 104 58
114 107 90
114 108 50
114 115 53
114 118 47
114 121 51
114 122 93
114 125 65
114 127 89
114 128 86
114 131 61
114 137 24
114 t 50
115 3 28
115 4 18
115 7 52
115 17 87
115 19 79
115 20 72
115 22 68
115 25 74
115 29 73
115 30 38
115 40 12
115 42 51
115 45 87
115 46 62
115 47 14
115 50 46
115 60 76
115 64 79
115 66 39
115 70 69
115 75 87
115 76 60
115 80 25
115 82 22
115 86 76
115 88 61
115 89 13
115 91 46
115 92 54
115 93 56
115 96 14
115 98 94
115 101 35
115 105 94
115 107 26
115 112 28
115 114 53
115 117 77
115 128 15
115 129 79
115 133 92
115 135 95
115 138 68
115 t 88
116 2 78
116 4 55
116 6 62
116 12 12
116 15 52
116 16 66
116 17 41
116 24 39
116 25 12
116 27 94
116 29 33
116 30 22
116 31 75
116 34 32
116 35 27
116 38 27
116 41 92
116 42 63
116 44 59
116 47 46
116 50 95
116 54 31
116 55 81
116 59 51
116 61 81
116 64 75
116 65 20
116 70 10
116 71 23
116 72 91
116 74 95
116 75 33
116 78 27
116 81 14
116 82 89
116 85 72
116 87 16
116 91 83
116 93 84
116 97 89
116 99 46
116 110 68
116 112 68
116 118 22
116 120 75
116 122 20
116 123 26
116 129 33
116 134 26
116 135 36
116 140 24
117 1 36
117 2 80
117 3 79
117 5 19
117 8 87
117 9 59
117 16 48
117 19 43
117 21 46
117 22 86
117 23 49
117 29 25
117 30 29
117 31 57
117 35 33
117 36 30
117 39 53
117 47 88
117 50 47
117 52 71
117 53 17
117 55 44
117 57 62
117 60 34
117 64 33
117 70 68
117 72 44
117 73 30
117 74 96
117 78 72
117 80 94
117 81 34
117 82 39
117 83 21
117 84 90
117 86 98
117 87 45
117 88 96
117 90 45
117 91 96
117 92 58
117 95 53
117 96 72
117 97 85
117 99 11
117 101 98
117 105 90
117 108 26
117 112 21
117 113 23
117 115 77
117 120 17
117 122 75
117 127 76
117 128 70
117 130 64
117 131 49
117 132 20
117 133 77
117 136 79
117 137 68
117 138 48
117 141 35
118 2 91
118 7 21
118 11 41
118 12 98
118 16 55
118 22 49
118 26 97
118 27 60
118 28 25
118 29 31
118 34 81
118 43 71
118 44 14
118 47 62
118 52 72
118 54 14
118 55 15
118 56 31
118 57 17
118 58 60
118 59 29
118 60 57
118 61 49
118 65 84
118 66 19
118 67 31
118 68 20
118 69 54
118 70 47
118 71 26
118 72 92
118 75 65
118 76 34
118 78 62
118 79 94
118 80 90
118 84 13
118 86 37
118 90 92
118 94 56
118 95 33
118 96 61
118 99 83
118 100 48
118 104 95
118 108 36
118 111 35
118 112 62
118 113 26
118 114 47
118 116 22
118 120 53
118 121 91
118 125 55
118 126 55
118 128 26
118 129 89
118 132 75
118 134 60
118 136 54
118 138 31
118 141 98
118 t 97
119 1 91
119 3 44
119 5 65
119 6 27
119 14 81
119 16 100
119 18 88
119 19 51
119 20 85
119 22 56
119 23 23
119 24 70
119 26 89
119 27 82
119 28 15
119 33 44
119 35 95
119 36 65
119 37 50
119 38 49
119 42 24
119 44 37
119 45 41
119 48 48
119 50 46
119 51 22
119 53 37
119 55 54
119 56 98
119 61 68
119 62 73
119 64 32
119 66 96
119 68 46
119 70 93
119 71 76
119 72 50
119 73 37
119 74 23
119 76 88
119 77 84
119 79 67
119 82 60
119 83 77
119 84 14
119 87 80
119 91 83
119 96 76
119 101 80
119 105 70
119 106 53
119 108 48
119 111 51
119 112 43
119 121 48
119 124 76
119 125 26
119 127 18
119 128 97
119 130 95
119 131 100
119 135 41
119 136 97
119 139 75
119 t 59
120 1 28
120 3 95
120 5 40
120 9 87
120 10 43
120 11 89
120 20 12
120 22 72
120 23 59
120 24 57
120 28 21
120 31 100
120 32 10
120 40 38
120 47 32
120 51 74
120 52 60
120 53 90
120 58 73
120 60 27
120 62 10
120 66 69
120 67 10
120 68 80
120 74 28
120 76 48
120 79 23
120 80 60
120 83 93
120 84 20
120 86 28
120 90 27
120 93 81
120 94 83
120 98 49
120 99 22
120 101 18
120 103 28
120 104 37
120 107 37
120 108 39
120 109 59
120 116 75
120 117 17
120 118 53
120 121 77
120 122 94
120 126 28
120 127 63
120 128 10
120 130 17
120 133 47
120 135 16
120 137 18
120 139 95
120 140 20
120 t 86
121 4 10
121 6 99
121 9 17
121 13 48
121 15 75
121 18 28
121 20 83
121 21 54
121 22 59
121 23 39
121 24 68
121 26 52
121 30 56
121 31 46
121 34 36
121 35 35
121 36 43
121 38 74
121 42 66
121 44 23
121 46 47
121 47 96
121 53 46
121 55 13
121 57 27
121 60 23
121 62 79
121 65 63
121 69 58
121 72 45
121 75 64
121 77 15
121 78 59
121 79 42
121 80 87
121 81 26
121 89 96
121 91 43
121 92 23
121 95 64
121 97 89
121 99 100
121 102 31
121 104 65
121 105 26
121 107 47
121 114 51
121 118 91
121 119 48
121 120 77
121 122 46
121 126 58
121 127 38
121 128 29
121 129 50
121 130 38
121 134 68
121 137 35
121 138 63
121 139 73
121 140 44
121 141 12
122 2 18
122 3 72
122 4 20
122 8 30
122 12 66
122 14 66
122 17 38
122 18 90
122 21 99
122 22 23
122 27 79
122 28 52
122 29 40
122 31 86
122 33 85
122 35 82
122 36 48
122 37 83
122 39 63
122 42 97
122 43 22
122 48 54
122 51 78
122 55 24
122 58 43
122 62 84
122 63 49
122 67 61
122 68 63
122 71 37
122 72 54
122 73 15
122 74 44
122 76 100
122 77 75
122 78 68
122 80 47
122 81 31
122 82 53
122 83 67
122 84 74
122 85 74
122 88 48
122 91 46
122 94 74
122 95 46
122 99 94
122 103 83
122 104 82
122 105 31
122 110 58
122 113 76
122 114 93
122 116 20
122 117 75
122 120 94
122 121 46
122 124 16
122 128 80
122 131 27
122 133 50
122 134 20
122 135 21
122 137 44
122 138 100
122 139 18
122 141 54
123 1 32
123 2 48
123 6 13
123 8 84
123 12 24
123 13 92
123 15 41
123 18 56
123 20 98
123 21 75
123 22 63
123 23 21
123 24 16
123 31 27
123 32 64
123 33 85
123 40 12
123 42 22
123 48 22
123 49 28
123 50 11
123 52 69
123 54 45
123 55 91
123 60 34
123 62 54
123 64 100
123 67 90
123 71 53
123 72 71
123 73 46
123 74 93
123 78 81
123 80 70
123 83 28
123 88 51
123 91 24
123 93 21
123 94 45
123 97 68
123 99 38
123 102 67
123 106 14
123 108 43
123 116 26
123 127 29
123 131 75
123 132 62
123 134 95
123 136 42
123 137 37
123 138 43
123 139 80
124 1 52
124 5 86
124 7 27
124 13 97
124 14 89
124 16 95
124 17 69
124 18 66
124 19 30
124 20 84
124 22 73
124 25 33
124 31 49
124 32 47
124 34 17
124 43 52
124 45 55
124 47 83
124 48 64
124 49 69
124 52 88
124 55 68
124 57 42
124 58 51
124 60 52
124 61 58
124 65 79
124 66 35
124 67 10
124 69 39
124 74 91
124 77 49
124 79 35
124 80 41
124 81 63
124 83 19
124 84 32
124 85 86
124 89 52
124 90 40
124 91 11
124 92 99
124 96 43
124 101 99
124 102 45
124 103 30
124 107 36
124 108 98
124 111 70
124 119 76
124 122 16
124 126 56
124 128 73
124 129 36
124 130 88
124 131 67
124 133 61
125 1 69
125 2 48
125 5 31
125 7 91
125 12 27
125 13 30
125 19 61
125 20 31
125 26 92
125 30 45
125 33 42
125 37 66
125 40 27
125 42 81
125 44 63
125 46 96
125 47 65
125 50 32
125 59 99
125 61 21
125 64 18
125 65 25
125 66 58
125 67 75
125 70 94
125 79 55
125 80 73
125 83 30
125 86 68
125 88 52
125 89 64
125 90 60
125 91 83
125 94 48
125 95 67
125 101 53
125 113 67
125 114 65
125 118 55
125 119 26
125 126 100
125 127 27
125 128 100
125 129 43
125 130 77
125 133 26
125 134 30
125 137 31
125 138 11
125 141 96
126 1 60
126 4 20
126 5 14
126 13 21
126 14 29
126 16 74
126 17 26
126 19 90
126 22 85
126 27 73
126 29 19
126 30 97
126 34 49
126 35 48
126 40 61
126 45 30
126 50 88
126 51 84
126 54 77
126 55 33
126 57 9
126 59 26
126 61 82
126 63 42
126 68 81
126 69 84
126 70 13
126 71 73
126 72 73
126 73 9
126 75 67
126 77 14
126 78 59
126 80 13
126 81 62
126 82 22
126 84 90
126 85 10
126 87 69
126 93 97
126 94 53
126 96 72
126 98 64
126 99 57
126 102 31
126 104 26
126 105 28
126 106 22
126 108 74
126 110 61
126 111 89
126 118 55
126 120 28
126 121 58
126 124 56
126 125 100
126 131 79
126 133 45
126 136 73
126 137 35
126 138 11
126 139 17
126 141 61
127 4 46
127 7 61
127 8 18
127 11 41
127 12 44
127 13 17
127 14 20
127 17 91
127 19 48
127 20 23
127 23 64
127 24 67
127 26 45
127 27 88
127 28 71
127 32 43
127 34 23
127 35 97
127 36 80
127 37 93
127 38 23
127 39 66
127 40 77
127 41 37
127 42 53
127 43 36
127 44 56
127 47 84
127 51 27
127 52 12
127 53 67
127 54 76
127 56 18
127 60 76
127 63 94
127 64 79
127 68 72
127 71 9
127 72 75
127 76 94
127 78 37
127 80 52
127 82 46
127 85 59
127 91 73
127 92 43
127 97 31
127 98 84
127 100 83
127 105 92
127 107 66
127 108 46
127 109 74
127 113 81
127 114 89
127 117 76
127 119 18
127 120 63
127 121 38
127 123 29
127 125 27
127 130 65
127 131 74
127 135 75
127 136 69
127 137 9
128 2 94
128 4 21
128 8 94
128 9 95
128 13 54
128 20 97
128 23 50
128 25 83
128 26 62
128 27 76
128 30 48
128 31 40
128 32 57
128 34 91
128 37 72
128 38 58
128 39 27
128 44 86
128 46 23
128 48 66
128 49 82
128 50 70
128 51 23
128 53 41
128 54 22
128 60 95
128 62 95
128 66 42
128 68 39
128 72 56
128 73 100
128 76 42
128 79 26
128 80 22
128 82 78
128 83 14
128 84 41
128 89 43
128 90 65
128 91 51
128 92 54
128 96 17
128 98 72
128 99 23
128 100 43
128 101 80
128 109 70
128 110 14
128 111 25
128 113 36
128 114 86
128 115 15
128 117 70
128 118 26
128 119 97
128 120 10
128 121 29
128 122 80
128 124 73
128 125 100
128 131 48
128 135 30
128 136 48
128 137 63
128 139 93
128 140 34
128 141 51
129 1 18
129 6 23
129 11 80
129 12 26
129 14 18
129 15 92
129 17 28
129 21 64
129 24 73
129 25 63
129 27 68
129 33 47
129 40 41
129 42 82
129 43 71
129 44 100
129 51 31
129 54 49
129 56 81
129 58 76
129 59 64
129 61 49
129 63 81
129 66 10
129 69 9
129 70 69
129 75 82
129 80 43
129 84 93
129 87 77
129 89 88
129 92 11
129 93 39
129 94 81
129 95 97
129 96 54
129 97 91
129 99 69
129 102 49
129 105 79
129 107 99
129 108 26
129 110 34
129 111 93
129 115 79
129 116 33
129 118 89
129 121 50
129 124 36
129 125 43
129 131 70
129 132 81
129 133 88
129 135 42
129 139 87
129 140 87
129 t 41
130 2 70
130 7 9
130 8 79
130 10 82
130 11 53
130 13 80
130 16 53
130 20 68
130 21 33
130 25 52
130 26 33
130 27 39
130 39 83
130 43 82
130 44 74
130 55 72
130 56 15
130 58 53
130 60 83
130 65 97
130 67 67
130 69 41
130 76 29
130 78 13
130 80 62
130 85 57
130 86 46
130 87 16
130 88 32
130 89 26
130 90 82
130 93 61
130 94 54
130 95 35
130 98 34
130 100 14
130 104 10
130 108 96
130 110 38
130 112 69
130 117 64
130 119 95
130 120 17
130 121 38
130 124 88
130 125 77
130 127 65
130 140 34
130 141 42
131 1 44
131 2 93
131 3 41
131 4 100
131 5 74
131 7 53
131 8 72
131 13 98
131 15 57
131 17 94
131 19 55
131 20 53
131 24 23
131 25 90
131 30 80
131 31 80
131 32 73
131 33 36
131 35 80
131 37 39
131 38 98
131 40 78
131 41 52
131 43 35
131 44 53
131 47 74
131 49 53
131 52 77
131 53 68
131 59 97
131 61 46
131 65 13
131 67 97
131 75 28
131 76 38
131 79 21
131 80 40
131 82 56
131 83 92
131 84 16
131 85 63
131 95 68
131 98 19
131 99 35
131 101 35
131 102 74
131 103 9
131 104 24
131 105 33
131 108 10
131 110 76
131 111 57
131 113 87
131 114 61
131 117 49
131 119 100
131 122 27
131 123 75
131 124 67
131 126 79
131 127 74
131 128 48
131 129 70
131 132 61
131 140 38
131 141 30
132 4 74
132 9 15
132 10 100
132 15 31
132 17 48
132 21 39
132 22 59
132 25 71
132 31 81
132 39 44
132 42 10
132 43 20
132 44 66
132 46 93
132 47 73
132 49 10
132 51 34
132 53 42
132 54 34
132 55 15
132 59 43
132 61 14
132 62 92
132 65 27
132 68 98
132 71 92
132 72 44
132 73 78
132 76 17
132 78 81
132 79 14
132 80 60
132 82 21
132 83 20
132 85 54
132 86 24
132 90 27
132 93 75
132 97 31
132 98 70
132 101 70
132 103 55
132 105 16
132 106 75
132 110 21
132 112 43
132 117 20
132 118 75
132 123 62
132 129 81
132 131 61
132 134 72
132 135 30
132 139 78
133 2 30
133 6 25
133 7 16
133 11 44
133 12 84
133 13 51
133 14 51
133 16 79
133 18 60
133 19 49
133 20 74
133 25 58
133 27 59
133 28 60
133 29 41
133 30 84
133 31 39
133 36 60
133 37 91
133 39 18
133 41 80
133 43 38
133 45 13
133 47 84
133 51 53
133 53 37
133 54 38
133 55 14
133 58 44
133 60 68
133 63 87
133 64 74
133 70 42
133 71 32
133 73 69
133 74 39
133 76 78
133 77 23
133 78 35
133 79 31
133 80 56
133 82 91
133 85 58
133 90 76
133 92 16
133 94 51
133 96 11
133 99 29
133 101 22
133 102 97
133 105 61
133 107 77
133 111 100
133 112 81
133 115 92
133 117 77
133 120 47
133 122 50
133 124 61
133 125 26
133 126 45
133 129 88
133 134 53
133 137 83
133 139 33
133 141 54
133 t 76
134 5 25
134 6 99
134 7 22
134 10 60
134 12 14
134 15 42
134 22 63
134 23 56
134 26 86
134 27 72
134 29 94
134 30 86
134 31 83
134 32 67
134 36 19
134 37 42
134 38 33
134 39 69
134 40 55
134 46 65
134 47 20
134 50 32
134 51 93
134 52 26
134 53 67
134 54 20
134 57 43
134 58 54
134 60 11
134 61 60
134 62 54
134 67 86
134 69 26
134 73 96
134 74 24
134 75 30
134 77 39
134 78 91
134 82 71
134 87 10
134 90 34
134 94 50
134 96 9
134 98 59
134 100 39
134 104 62
134 105 83
134 106 10
134 108 95
134 110 63
134 113 42
134 116 26
134 118 60
134 121 68
134 122 20
134 123 95
134 125 30
134 132 72
134 133 53
134 138 78
134 140 25
134 t 93
135 1 65
135 2 56
135 4 77
135 7 21
135 11 98
135 14 53
135 15 11
135 17 97
135 18 53
135 19 63
135 20 38
135 22 66
135 30 74
135 33 86
135 35 85
135 36 31
135 39 9
135 40 20
135 43 49
135 45 95
135 51 28
135 52 53
135 53 71
135 54 58
135 57 38
135 58 26
135 60 85
135 62 85
135 64 99
135 66 19
135 75 85
135 78 27
135 80 80
135 81 55
135 83 29
135 86 11
135 99 82
135 101 80
135 102 94
135 105 23
135 107 84
135 109 73
135 110 31
135 113 52
135 115 95
135 116 36
135 119 41
135 120 16
135 122 21
135 127 75
135 128 30
135 129 42
135 132 30
135 137 81
135 138 66
135 139 78
135 140 60
135 t 79
136 1 25
136 2 69
136 3 41
136 6 18
136 8 36
136 9 36
136 15 47
136 22 37
136 23 93
136 25 89
136 32 25
136 33 25
136 34 60
136 35 11
136 37 14
136 39 19
136 41 40
136 42 82
136 43 67
136 44 61
136 46 23
136 48 13
136 52 74
136 53 90
136 54 37
136 56 69
136 62 93
136 64 29
136 66 37
136 69 83
136 72 25
136 73 43
136 75 10
136 83 76
136 87 57
136 88 84
136 90 23
136 92 24
136 98 63
136 102 29
136 103 58
136 106 34
136 107 76
136 108 51
136 113 65
136 117 79
136 118 54
136 119 97
136 123 42
136 126 73
136 127 69
136 128 48
137 3 100
137 5 52
137 8 36
137 9 84
137 15 91
137 17 94
137 21 40
137 30 53
137 31 35
137 34 68
137 35 15
137 36 38
137 38 90
137 41 95
137 42 50
137 43 63
137 47 100
137 49 43
137 51 59
137 52 51
137 54 33
137 58 89
137 59 25
137 63 94
137 65 57
137 67 65
137 68 91
137 69 49
137 73 10
137 74 16
137 77 60
137 79 61
137 80 82
137 84 77
137 85 50
137 88 31
137 93 11
137 97 72
137 99 77
137 102 49
137 105 21
137 110 10
137 111 61
137 112 10
137 114 24
137 117 68
137 120 18
137 121 35
137 122 44
137 123 37
137 125 31
137 126 35
137 127 9
137 128 63
137 133 83
137 135 81
137 138 23
137 141 49
138 6 10
138 7 96
138 10 60
138 12 35
138 13 54
138 14 35
138 16 16
138 23 96
138 24 30
138 26 76
138 27 67
138 28 22
138 33 93
138 37 88
138 38 42
138 42 37
138 45 33
138 46 38
138 47 52
138 49 24
138 50 52
138 51 78
138 52 23
138 53 76
138 55 61
138 57 10
138 60 46
138 61 43
138 64 96
138 70 72
138 72 53
138 82 13
138 84 58
138 85 18
138 86 67
138 87 35
138 90 15
138 93 26
138 94 82
138 95 45
138 100 36
138 106 32
138 109 29
138 110 47
138 111 69
138 112 48
138 115 68
138 117 48
138 118 31
138 121 63
138 122 100
138 123 43
138 125 11
138 126 11
138 134 78
138 135 66
138 137 23
138 140 76
138 t 37
139 3 76
139 5 58
139 6 59
139 8 86
139 9 70
139 11 74
139 14 25
139 24 69
139 26 56
139 27 57
139 29 72
139 32 74
139 35 70
139 38 96
139 40 89
139 41 77
139 46 17
139 47 16
139 48 84
139 52 24
139 55 12
139 57 97
139 60 48
139 62 65
139 65 47
139 68 9
139 73 38
139 74 88
139 75 60
139 76 93
139 80 97
139 82 47
139 84 52
139 85 67
139 86 43
139 87 43
139 88 47
139 90 18
139 93 42
139 97 93
139 98 96
139 99 84
139 102 48
139 104 32
139 107 31
139 109 61
139 111 49
139 112 43
139 119 75
139 120 95
139 121 73
139 122 18
139 123 80
139 126 17
139 128 93
139 129 87
139 132 78
139 133 33
139 135 78
139 t 42
140 2 100
140 8 58
140 9 31
140 12 58
140 14 51
140 15 46
140 16 25
140 18 11
140 20 44
140 21 69
140 23 9
140 27 34
140 28 65
140 32 84
140 36 66
140 37 68
140 41 94
140 42 13
140 43 48
140 45 57
140 48 70
140 49 99
140 50 97
140 51 64
140 56 22
140 57 38
140 61 38
140 62 88
140 63 59
140 64 97
140 70 22
140 73 78
140 75 17
140 76 23
140 82 98
140 85 36
140 90 28
140 91 78
140 92 94
140 93 67
140 94 67
140 98 100
140 100 89
140 103 95
140 105 85
140 108 20
140 109 40
140 110 73
140 112 73
140 113 44
140 116 24
140 120 20
140 121 44
140 128 34
140 129 87
140 130 34
140 131 38
140 134 25
140 135 60
140 138 76
141 1 28
141 2 78
141 3 31
141 5 18
141 7 70
141 8 16
141 9 20
141 10 22
141 11 84
141 13 10
141 14 60
141 15 18
141 16 77
141 21 58
141 22 20
141 24 17
141 25 10
141 26 33
141 28 29
141 31 85
141 34 18
141 38 74
141 39 25
141 42 52
141 43 24
141 49 70
141 59 93
141 61 30
141 64 40
141 65 69
141 66 63
141 68 85
141 74 52
141 75 55
141 77 55
141 82 48
141 85 62
141 88 95
141 90 10
141 91 63
141 92 64
141 94 47
141 96 30
141 98 28
141 99 45
141 100 72
141 102 60
141 106 20
141 108 43
141 109 49
141 110 12
141 111 85
141 113 15
141 117 35
141 118 98
141 121 12
141 122 54
141 125 96
141 126 61
141 128 51
141 130 42
141 131 30
141 133 54
141 137 49
