s 1 85
s 2 65
s 3 42
s 5 35
s 6 71
s 8 4
s 9 65
s 14 94
s 15 9
s 16 97
s 17 101
s 20 71
s 21 15
s 22 85
s 23 59
s 24 72
s 26 73
s 27 11
s 28 29
s 29 23
s 30 64
s 31 70
s 32 103
s 33 3
s 34 50
s 36 112
s 39 79
s 40 91
s 41 97
s 42 67
s 45 56
s t 40
1 2 46
1 3 42
1 5 78
1 6 4
1 7 69
1 8 63
1 9 30
1 13 26
1 14 13
1 15 7
1 20 68
1 25 47
1 26 90
1 27 17
1 28 88
1 29 5
1 30 11
1 35 92
1 36 54
1 37 47
1 40 62
1 44 53
1 45 24
1 t 103
2 1 46
2 3 110
2 4 85
2 5 94
2 6 60
2 7 29
2 8 32
2 10 108
2 12 7
2 13 107
2 16 12
2 17 49
2 18 32
2 20 25
2 23 73
2 24 75
2 30 16
2 33 44
2 34 103
2 35 11
2 36 55
2 41 57
2 43 58
3 1 42
3 2 110
3 5 18
3 6 52
3 7 27
3 8 27
3 9 33
3 12 16
3 15 110
3 16 78
3 17 90
3 18 12
3 19 12
3 20 67
3 21 103
3 22 52
3 23 45
3 24 62
3 25 100
3 27 24
3 28 24
3 30 48
3 31 40
3 32 52
3 36 90
3 37 64
3 38 60
3 39 77
3 40 88
3 41 59
3 42 13
3 43 76
3 45 72
3 t 9
4 2 85
4 5 101
4 6 38
4 7 86
4 9 61
4 11 72
4 12 93
4 13 59
4 14 95
4 15 96
4 20 104
4 21 57
4 23 102
4 24 100
4 27 33
4 28 96
4 29 89
4 31 106
4 35 110
4 36 1
4 37 111
4 39 27
4 41 25
4 42 102
4 43 22
4 44 62
4 45 88
4 t 93
5 1 78
5 2 94
5 3 18
5 4 101
5 6 74
5 8 57
5 9 25
5 10 78
5 12 94
5 13 4
5 14 66
5 15 39
5 16 27
5 17 6
5 18 99
5 21 12
5 24 79
5 25 107
5 26 108
5 28 104
5 32 81
5 34 24
5 35 81
5 36 98
5 37 108
5 39 41
5 40 75
5 41 8
5 43 98
5 t 71
6 1 4
6 2 60
6 3 52
6 4 38
6 5 74
6 8 76
6 9 92
6 10 96
6 13 66
6 16 25
6 18 68
6 21 103
6 22 80
6 23 7
6 24 86
6 25 41
6 31 109
6 32 1
6 35 53
6 37 4
6 38 103
6 39 48
6 40 83
6 41 47
6 42 60
6 43 60
6 44 33
6 45 105
7 1 69
7 2 29
7 3 27
7 4 86
7 8 97
7 9 94
7 10 23
7 11 104
7 12 15
7 14 63
7 15 32
7 16 20
7 18 82
7 20 102
7 21 81
7 22 19
7 23 13
7 24 92
7 25 104
7 26 87
7 27 97
7 28 16
7 29 1
7 30 53
7 31 45
7 32 11
7 34 75
7 35 107
7 36 102
7 38 6
7 39 106
7 40 18
7 41 12
7 43 81
7 45 45
7 t 3
8 1 63
8 2 32
8 3 27
8 5 57
8 6 76
8 7 97
8 11 108
8 14 91
8 15 89
8 18 106
8 19 78
8 21 83
8 22 73
8 23 99
8 24 24
8 25 109
8 26 59
8 28 80
8 29 54
8 32 105
8 36 79
8 37 101
8 38 41
8 40 53
8 41 103
8 42 66
8 43 106
8 44 99
8 45 85
8 t 65
9 1 30
9 3 33
9 4 61
9 5 25
9 6 92
9 7 94
9 10 60
9 11 90
9 13 41
9 14 18
9 16 90
9 17 20
9 18 2
9 19 99
9 20 107
9 23 1
9 24 105
9 25 40
9 26 43
9 27 28
9 31 56
9 33 60
9 34 50
9 36 36
9 40 18
9 41 100
9 43 25
9 45 62
9 t 62
10 2 108
10 5 78
10 6 96
10 7 23
10 9 60
10 11 11
10 12 15
10 15 41
10 17 94
10 18 71
10 20 95
10 21 112
10 22 37
10 23 89
10 24 75
10 25 108
10 26 111
10 27 42
10 30 49
10 31 81
10 32 12
10 33 101
10 34 29
10 35 95
10 36 94
10 39 80
10 40 28
10 41 42
10 42 47
10 45 81
10 t 99
11 4 72
11 7 104
11 8 108
11 9 90
11 10 11
11 14 62
11 15 56
11 16 71
11 17 70
11 18 35
11 19 100
11 21 101
11 22 101
11 23 17
11 26 83
11 27 46
11 28 94
11 29 20
11 30 78
11 31 48
11 34 65
11 36 41
11 42 63
11 43 19
11 44 15
11 45 1
11 t 72
12 2 7
12 3 16
12 4 93
12 5 94
12 7 15
12 10 15
12 13 38
12 15 26
12 16 2
12 17 77
12 18 77
12 19 93
12 20 77
12 21 103
12 23 105
12 26 25
12 27 26
12 28 1
12 30 81
12 33 29
12 34 82
12 37 102
12 38 28
12 40 96
12 41 61
12 42 63
12 43 13
12 44 39
12 45 11
12 t 12
13 1 26
13 2 107
13 4 59
13 5 4
13 6 66
13 9 41
13 12 38
13 14 111
13 15 72
13 16 78
13 17 56
13 18 31
13 19 91
13 20 42
13 23 55
13 25 17
13 26 29
13 27 51
13 28 28
13 29 103
13 31 3
13 34 50
13 35 24
13 37 71
13 41 28
13 42 60
13 44 36
14 1 13
14 4 95
14 5 66
14 7 63
14 8 91
14 9 18
14 11 62
14 13 111
14 16 86
14 17 19
14 18 98
14 22 10
14 33 31
14 34 6
14 35 14
14 38 78
14 39 38
14 42 17
14 44 92
14 45 12
15 1 7
15 3 110
15 4 96
15 5 39
15 7 32
15 8 89
15 10 41
15 11 56
15 12 26
15 13 72
15 16 50
15 17 108
15 19 93
15 21 53
15 23 47
15 25 11
15 26 48
15 28 108
15 29 69
15 30 76
15 32 91
15 34 77
15 36 54
15 40 95
15 41 91
15 43 59
16 2 12
16 3 78
16 5 27
16 6 25
16 7 20
16 9 90
16 11 71
16 12 2
16 13 78
16 14 86
16 15 50
16 17 93
16 19 98
16 20 76
16 22 105
16 24 83
16 25 4
16 26 23
16 27 32
16 29 109
16 31 29
16 33 90
16 36 64
16 38 57
16 44 65
16 45 92
17 2 49
17 3 90
17 5 6
17 9 20
17 10 94
17 11 70
17 12 77
17 13 56
17 14 19
17 15 108
17 16 93
17 18 82
17 20 23
17 23 91
17 24 24
17 25 3
17 26 75
17 29 55
17 30 15
17 34 17
17 38 63
17 42 102
17 43 69
17 44 75
17 45 60
17 t 36
18 2 32
18 3 12
18 5 99
18 6 68
18 7 82
18 8 106
18 9 2
18 10 71
18 11 35
18 12 77
18 13 31
18 14 98
18 17 82
18 20 62
18 21 43
18 22 105
18 25 90
18 26 23
18 27 85
18 28 80
18 29 99
18 30 104
18 31 90
18 32 99
18 33 47
18 36 97
18 38 45
18 40 101
18 42 50
18 43 44
18 45 78
18 t 58
19 3 12
19 8 78
19 9 99
19 11 100
19 12 93
19 13 91
19 15 93
19 16 98
19 21 68
19 23 15
19 24 110
19 25 93
19 27 100
19 28 80
19 29 41
19 30 45
19 32 56
19 34 73
19 35 99
19 36 97
19 39 7
19 40 37
19 41 79
19 42 99
19 43 23
19 t 62
20 1 68
20 2 25
20 3 67
20 4 104
20 7 102
20 9 107
20 10 95
20 12 77
20 13 42
20 16 76
20 17 23
20 18 62
20 21 68
20 22 28
20 23 67
20 24 64
20 25 35
20 26 83
20 27 111
20 28 105
20 30 21
20 31 106
20 32 100
20 33 99
20 36 46
20 37 89
20 38 27
20 40 101
20 41 93
20 43 58
20 45 16
20 t 3
21 3 103
21 4 57
21 5 12
21 6 103
21 7 81
21 8 83
21 10 112
21 11 101
21 12 103
21 15 53
21 18 43
21 19 68
21 20 68
21 23 24
21 24 70
21 25 4
21 29 19
21 30 106
21 31 76
21 32 95
21 33 36
21 34 64
21 35 43
21 36 100
21 37 9
21 38 19
21 39 99
21 41 73
21 42 111
21 43 41
21 44 54
22 3 52
22 6 80
22 7 19
22 8 73
22 10 37
22 11 101
22 14 10
22 16 105
22 18 105
22 20 28
22 23 95
22 24 5
22 26 11
22 27 83
22 28 21
22 35 37
22 36 106
22 37 30
22 38 69
22 39 49
22 40 78
22 42 61
22 43 25
22 45 70
22 t 78
23 2 73
23 3 45
23 4 102
23 6 7
23 7 13
23 8 99
23 9 1
23 10 89
23 11 17
23 12 105
23 13 55
23 15 47
23 17 91
23 19 15
23 20 67
23 21 24
23 22 95
23 31 59
23 32 7
23 34 101
23 35 60
23 39 100
23 41 110
23 42 98
23 43 107
23 44 56
24 2 75
24 3 62
24 4 100
24 5 79
24 6 86
24 7 92
24 8 24
24 9 105
24 10 75
24 16 83
24 17 24
24 19 110
24 20 64
24 21 70
24 22 5
24 27 46
24 28 90
24 29 2
24 30 81
24 33 17
24 37 82
24 39 64
24 40 31
24 41 33
24 43 38
24 44 11
24 t 15
25 1 47
25 3 100
25 5 107
25 6 41
25 7 104
25 8 109
25 9 40
25 10 108
25 13 17
25 15 11
25 16 4
25 17 3
25 18 90
25 19 93
25 20 35
25 21 4
25 26 56
25 28 28
25 29 55
25 30 43
25 32 6
25 35 95
25 36 52
25 37 22
25 39 93
25 40 27
25 41 18
25 45 31
25 t 32
26 1 90
26 5 108
26 7 87
26 8 59
26 9 43
26 10 111
26 11 83
26 12 25
26 13 29
26 15 48
26 16 23
26 17 75
26 18 23
26 20 83
26 22 11
26 25 56
26 27 67
26 30 5
26 31 28
26 32 29
26 33 13
26 35 95
26 36 16
26 39 95
26 40 9
26 42 11
26 43 95
26 45 16
27 1 17
27 3 24
27 4 33
27 7 97
27 9 28
27 10 42
27 11 46
27 12 26
27 13 51
27 16 32
27 18 85
27 19 100
27 20 111
27 22 83
27 24 46
27 26 67
27 28 38
27 29 27
27 35 30
27 36 16
27 37 88
27 40 51
27 43 48
27 44 27
27 t 32
28 1 88
28 3 24
28 4 96
28 5 104
28 7 16
28 8 80
28 11 94
28 12 1
28 13 28
28 15 108
28 18 80
28 19 80
28 20 105
28 22 21
28 24 90
28 25 28
28 27 38
28 29 85
28 30 50
28 31 82
28 32 69
28 33 105
28 35 20
28 37 40
28 38 3
28 39 13
28 40 97
28 41 51
28 42 44
28 43 34
28 44 35
28 45 5
29 1 5
29 4 89
29 7 1
29 8 54
29 11 20
29 13 103
29 15 69
29 16 109
29 17 55
29 18 99
29 19 41
29 21 19
29 24 2
29 25 55
29 27 27
29 28 85
29 31 53
29 32 66
29 36 26
29 38 49
29 40 65
29 41 88
29 42 74
29 44 103
29 45 66
29 t 41
30 1 11
30 2 16
30 3 48
30 7 53
30 10 49
30 11 78
30 12 81
30 15 76
30 17 15
30 18 104
30 19 45
30 20 21
30 21 106
30 24 81
30 25 43
30 26 5
30 28 50
30 33 43
30 34 100
30 36 102
30 37 111
30 38 32
30 39 65
30 44 108
30 45 77
30 t 18
31 3 40
31 4 106
31 6 109
31 7 45
31 9 56
31 10 81
31 11 48
31 13 3
31 16 29
31 18 90
31 20 106
31 21 76
31 23 59
31 26 28
31 28 82
31 29 53
31 32 79
31 34 5
31 35 11
31 36 29
31 37 85
31 40 101
31 43 90
31 t 32
32 3 52
32 5 81
32 6 1
32 7 11
32 8 105
32 10 12
32 15 91
32 18 99
32 19 56
32 20 100
32 21 95
32 23 7
32 25 6
32 26 29
32 28 69
32 29 66
32 31 79
32 33 59
32 34 97
32 35 18
32 36 72
32 39 95
32 41 6
32 42 108
32 43 76
32 44 95
32 45 49
33 2 44
33 9 60
33 10 101
33 12 29
33 14 31
33 16 90
33 18 47
33 20 99
33 21 36
33 24 17
33 26 13
33 28 105
33 30 43
33 32 59
33 34 64
33 35 64
33 36 102
33 37 62
33 39 46
33 40 13
33 41 86
33 42 21
33 43 109
33 44 82
33 45 57
33 t 89
34 2 103
34 5 24
34 7 75
34 9 50
34 10 29
34 11 65
34 12 82
34 13 50
34 14 6
34 15 77
34 17 17
34 19 73
34 21 64
34 23 101
34 30 100
34 31 5
34 32 97
34 33 64
34 35 62
34 37 11
34 38 112
34 39 72
34 40 97
34 41 4
34 43 60
34 44 43
34 45 10
34 t 20
35 1 92
35 2 11
35 4 110
35 5 81
35 6 53
35 7 107
35 10 95
35 13 24
35 14 14
35 19 99
35 21 43
35 22 37
35 23 60
35 25 95
35 26 95
35 27 30
35 28 20
35 31 11
35 32 18
35 33 64
35 34 62
35 37 1
35 38 2
35 39 31
35 41 56
35 43 25
35 44 60
35 t 79
36 1 54
36 2 55
36 3 90
36 4 1
36 5 98
36 7 102
36 8 79
36 9 36
36 10 94
36 11 41
36 15 54
36 16 64
36 18 97
36 19 97
36 20 46
36 21 100
36 22 106
36 25 52
36 26 16
36 27 16
36 29 26
36 30 102
36 31 29
36 32 72
36 33 102
36 37 57
36 38 55
36 42 46
36 43 97
36 45 35
37 1 47
37 3 64
37 4 111
37 5 108
37 6 4
37 8 101
37 12 102
37 13 71
37 20 89
37 21 9
37 22 30
37 24 82
37 25 22
37 27 88
37 28 40
37 30 111
37 31 85
37 33 62
37 34 11
37 35 1
37 36 57
37 38 78
37 40 61
37 42 67
37 44 102
37 45 99
38 3 60
38 6 103
38 7 6
38 8 41
38 12 28
38 14 78
38 16 57
38 17 63
38 18 45
38 20 27
38 21 19
38 22 69
38 28 3
38 29 49
38 30 32
38 34 112
38 35 2
38 36 55
38 37 78
38 39 50
38 40 32
38 41 97
38 42 40
38 43 49
38 t 6
39 3 77
39 4 27
39 5 41
39 6 48
39 7 106
39 10 80
39 14 38
39 19 7
39 21 99
39 22 49
39 23 100
39 24 64
39 25 93
39 26 95
39 28 13
39 30 65
39 32 95
39 33 46
39 34 72
39 35 31
39 38 50
39 40 44
39 41 87
39 42 5
39 43 16
39 44 91
40 1 62
40 3 88
40 5 75
40 6 83
40 7 18
40 8 53
40 9 18
40 10 28
40 12 96
40 15 95
40 18 101
40 19 37
40 20 101
40 22 78
40 24 31
40 25 27
40 26 9
40 27 51
40 28 97
40 29 65
40 31 101
40 33 13
40 34 97
40 37 61
40 38 32
40 39 44
40 42 87
40 43 28
40 45 14
40 t 13
41 2 57
41 3 59
41 4 25
41 5 8
41 6 47
41 7 12
41 8 103
41 9 100
41 10 42
41 12 61
41 13 28
41 15 91
41 19 79
41 20 93
41 21 73
41 23 110
41 24 33
41 25 18
41 28 51
41 29 88
41 32 6
41 33 86
41 34 4
41 35 56
41 38 97
41 39 87
41 43 90
41 44 35
42 3 13
42 4 102
42 6 60
42 8 66
42 10 47
42 11 63
42 12 63
42 13 60
42 14 17
42 17 102
42 18 50
42 19 99
42 21 111
42 22 61
42 23 98
42 26 11
42 28 44
42 29 74
42 32 108
42 33 21
42 36 46
42 37 67
42 38 40
42 39 5
42 40 87
42 45 96
42 t 34
43 2 58
43 3 76
43 4 22
43 5 98
43 6 60
43 7 81
43 8 106
43 9 25
43 11 19
43 12 13
43 15 59
43 17 69
43 18 44
43 19 23
43 20 58
43 21 41
43 22 25
43 23 107
43 24 38
43 26 95
43 27 48
43 28 34
43 31 90
43 32 76
43 33 109
43 34 60
43 35 25
43 36 97
43 38 49
43 39 16
43 40 28
43 41 90
43 t 13
44 1 53
44 4 62
44 6 33
44 8 99
44 11 15
44 12 39
44 13 36
44 14 92
44 16 65
44 17 75
44 21 54
44 23 56
44 24 11
44 27 27
44 28 35
44 29 103
44 30 108
44 32 95
44 33 82
44 34 43
44 35 60
44 37 102
44 39 91
44 41 35
45 1 24
45 3 72
45 4 88
45 6 105
45 7 45
45 8 85
45 9 62
45 10 81
45 11 1
45 12 11
45 14 12
45 16 92
45 17 60
45 18 78
45 20 16
45 22 70
45 25 31
45 26 16
45 28 5
45 29 66
45 30 77
45 32 49
45 33 57
45 34 10
45 36 35
45 37 99
45 40 14
45 42 96
