s 2 14
s 3 11
s 6 107
s 7 117
s 13 3
s 14 16
s 15 90
s 17 34
s 18 51
s 29 55
s 31 26
s 35 51
s 36 82
s 38 15
s 40 80
s 42 67
s 46 128
s 47 38
s 48 72
s 50 114
s 51 101
s 52 105
s 53 127
s 56 93
s 58 91
s 59 8
s 62 5
s 63 56
s 64 11
s 67 116
s 72 40
s 73 37
s 74 87
s 75 24
s 77 79
s 81 62
s 84 8
s 85 88
s 86 61
s 87 21
s 89 64
s 90 102
s 91 119
s 92 90
s 97 40
s 99 123
s 101 34
s 104 82
s 107 24
s 110 83
s 112 110
s 114 34
s 116 102
s 120 114
s t 61
1 3 49
1 4 98
1 5 56
1 7 23
1 9 23
1 10 93
1 12 101
1 17 91
1 19 39
1 20 100
1 21 42
1 23 94
1 24 58
1 33 72
1 35 116
1 38 80
1 39 104
1 41 86
1 44 40
1 46 28
1 47 16
1 55 82
1 56 65
1 57 30
1 60 127
1 63 61
1 66 62
1 67 26
1 68 120
1 69 13
1 70 113
1 75 100
1 78 2
1 85 46
1 86 105
1 87 46
1 89 116
1 90 2
1 91 19
1 92 12
1 94 49
1 98 80
1 101 84
1 102 49
1 104 110
1 106 116
1 113 16
1 119 80
1 121 62
2 4 117
2 5 104
2 6 23
2 8 67
2 9 104
2 11 105
2 16 74
2 17 112
2 20 126
2 21 109
2 25 17
2 27 45
2 29 5
2 30 55
2 31 124
2 35 36
2 37 18
2 40 6
2 41 15
2 43 116
2 47 63
2 48 50
2 50 28
2 51 100
2 53 2
2 54 92
2 57 114
2 64 100
2 65 70
2 67 79
2 73 54
2 74 61
2 77 53
2 79 105
2 82 19
2 84 120
2 86 107
2 89 88
2 90 95
2 91 114
2 93 22
2 96 81
2 97 72
2 102 36
2 110 36
2 111 67
2 113 90
2 116 67
2 117 49
2 120 113
2 t 112
3 1 49
3 4 120
3 7 15
3 8 44
3 13 87
3 15 29
3 16 97
3 18 3
3 19 36
3 21 54
3 22 114
3 23 8
3 24 11
3 25 117
3 26 55
3 28 101
3 29 6
3 31 66
3 33 42
3 36 78
3 37 24
3 38 82
3 39 20
3 49 110
3 56 62
3 60 9
3 61 11
3 64 80
3 69 37
3 73 44
3 75 74
3 76 15
3 78 52
3 79 81
3 84 110
3 86 89
3 89 31
3 90 98
3 92 73
3 93 24
3 94 91
3 95 77
3 96 3
3 97 50
3 102 12
3 104 62
3 106 51
3 107 99
3 108 42
3 109 103
3 110 29
3 114 29
3 116 79
3 119 128
4 1 98
4 2 117
4 3 120
4 5 21
4 6 35
4 8 84
4 9 80
4 12 119
4 19 107
4 21 12
4 22 101
4 23 102
4 28 104
4 32 114
4 33 22
4 34 92
4 37 51
4 38 81
4 39 80
4 42 19
4 43 33
4 44 29
4 45 35
4 47 90
4 49 32
4 51 45
4 52 37
4 55 39
4 56 14
4 58 126
4 62 11
4 63 86
4 64 51
4 69 21
4 72 75
4 74 38
4 75 14
4 77 9
4 78 4
4 80 4
4 82 54
4 84 108
4 85 115
4 86 66
4 90 125
4 91 34
4 92 52
4 93 64
4 102 71
4 103 121
4 105 58
4 106 21
4 107 48
4 108 5
4 109 33
4 110 88
4 114 10
4 115 109
4 117 23
4 119 38
4 t 92
5 1 56
5 2 104
5 4 21
5 7 65
5 11 45
5 12 21
5 13 33
5 16 57
5 17 80
5 18 6
5 19 57
5 20 97
5 25 91
5 31 38
5 33 75
5 36 16
5 37 65
5 38 53
5 39 63
5 41 35
5 43 15
5 44 20
5 45 29
5 48 3
5 50 106
5 51 19
5 55 62
5 56 106
5 57 91
5 58 107
5 59 104
5 61 92
5 62 64
5 63 86
5 66 14
5 68 94
5 69 111
5 71 120
5 78 14
5 79 29
5 84 87
5 86 99
5 92 63
5 96 113
5 98 92
5 100 38
5 104 110
5 107 123
5 116 119
5 117 101
5 120 56
6 2 23
6 4 35
6 9 54
6 10 55
6 12 5
6 14 89
6 16 119
6 19 26
6 20 71
6 22 21
6 24 107
6 26 119
6 29 67
6 30 67
6 32 96
6 38 106
6 39 103
6 46 52
6 51 30
6 52 25
6 53 106
6 54 84
6 55 64
6 56 81
6 60 20
6 61 7
6 62 18
6 66 78
6 69 116
6 70 120
6 71 98
6 72 15
6 76 44
6 77 77
6 80 75
6 86 116
6 91 53
6 93 121
6 97 75
6 100 100
6 105 120
6 108 111
6 110 96
6 112 10
6 113 5
6 118 76
6 t 125
7 1 23
7 3 15
7 5 65
7 10 120
7 11 114
7 17 77
7 21 46
7 23 11
7 24 16
7 26 93
7 28 12
7 32 24
7 33 97
7 35 103
7 39 16
7 42 3
7 44 25
7 46 103
7 47 83
7 48 111
7 49 51
7 50 43
7 53 16
7 57 54
7 58 56
7 62 114
7 63 26
7 64 77
7 66 27
7 73 29
7 74 113
7 76 62
7 77 90
7 78 33
7 82 116
7 83 67
7 85 64
7 86 5
7 89 59
7 92 32
7 93 90
7 97 57
7 108 74
7 110 13
7 114 104
7 115 122
7 119 65
7 t 46
8 2 67
8 3 44
8 4 84
8 13 38
8 18 72
8 21 59
8 23 103
8 24 13
8 26 39
8 30 95
8 32 57
8 33 95
8 34 30
8 35 90
8 36 94
8 38 43
8 39 17
8 43 16
8 44 39
8 47 20
8 49 19
8 50 7
8 53 45
8 55 44
8 60 75
8 61 49
8 63 69
8 64 29
8 65 67
8 66 89
8 68 82
8 72 127
8 73 89
8 76 15
8 83 106
8 84 72
8 85 61
8 87 31
8 89 7
8 94 79
8 95 62
8 97 92
8 100 109
8 102 48
8 103 123
8 108 56
8 109 99
8 111 119
8 118 121
8 119 50
8 120 23
9 1 23
9 2 104
9 4 80
9 6 54
9 10 69
9 11 39
9 13 74
9 16 18
9 17 23
9 18 50
9 21 60
9 22 112
9 25 54
9 27 70
9 28 82
9 31 128
9 34 87
9 35 109
9 36 125
9 39 58
9 40 59
9 42 75
9 43 9
9 45 109
9 46 123
9 47 110
9 49 99
9 52 64
9 55 65
9 62 60
9 63 116
9 64 100
9 66 18
9 68 52
9 70 78
9 72 99
9 74 97
9 75 19
9 76 106
9 78 45
9 80 80
9 81 38
9 83 112
9 85 72
9 91 4
9 92 81
9 94 24
9 99 25
9 102 19
9 110 43
9 112 37
9 113 119
9 114 122
9 116 50
9 117 107
9 121 99
10 1 93
10 6 55
10 7 120
10 9 69
10 12 14
10 13 105
10 14 100
10 15 119
10 17 13
10 19 89
10 20 29
10 21 74
10 23 89
10 24 103
10 25 44
10 27 105
10 28 103
10 29 98
10 30 20
10 32 74
10 33 91
10 37 82
10 42 119
10 46 106
10 47 42
10 48 105
10 49 58
10 50 111
10 51 115
10 52 95
10 53 32
10 55 40
10 60 22
10 61 88
10 62 80
10 64 114
10 70 77
10 73 81
10 75 120
10 76 14
10 77 98
10 79 64
10 81 38
10 84 113
10 86 33
10 91 33
10 94 41
10 96 12
10 98 94
10 101 122
10 106 53
10 108 19
10 113 119
11 2 105
11 5 45
11 7 114
11 9 39
11 13 76
11 14 98
11 15 76
11 16 43
11 20 65
11 22 45
11 23 9
11 24 59
11 30 83
11 31 99
11 34 51
11 36 115
11 39 14
11 40 64
11 41 78
11 42 32
11 43 6
11 44 105
11 45 56
11 50 35
11 54 85
11 60 106
11 62 38
11 64 113
11 65 77
11 66 117
11 72 16
11 73 37
11 76 77
11 80 38
11 85 67
11 86 100
11 88 120
11 90 34
11 95 122
11 101 66
11 102 114
11 104 88
11 105 47
11 106 10
11 107 77
11 109 4
11 110 77
11 111 88
11 112 23
11 114 100
11 118 101
11 120 89
12 1 101
12 4 119
12 5 21
12 6 5
12 10 14
12 14 96
12 16 109
12 17 15
12 20 97
12 21 66
12 22 118
12 23 125
12 24 123
12 26 120
12 28 18
12 29 103
12 30 19
12 31 3
12 36 11
12 38 27
12 41 51
12 42 70
12 43 116
12 47 3
12 48 49
12 49 42
12 50 105
12 53 6
12 55 20
12 56 65
12 58 98
12 61 17
12 62 70
12 63 49
12 65 28
12 69 77
12 72 119
12 81 102
12 82 25
12 83 20
12 84 9
12 85 128
12 86 33
12 92 47
12 93 26
12 95 102
12 102 4
12 103 39
12 105 34
12 107 21
12 108 27
12 110 64
12 111 47
12 112 65
12 113 74
12 116 113
12 119 44
12 120 61
13 3 87
13 5 33
13 8 38
13 9 74
13 10 105
13 11 76
13 14 99
13 17 96
13 18 33
13 19 126
13 22 28
13 24 21
13 31 91
13 34 24
13 42 33
13 43 74
13 46 5
13 47 107
13 48 41
13 50 106
13 52 117
13 55 86
13 56 46
13 59 30
13 60 98
13 61 72
13 63 124
13 65 5
13 73 14
13 74 78
13 76 127
13 78 111
13 80 46
13 83 93
13 86 44
13 88 31
13 90 98
13 94 68
13 95 124
13 97 83
13 98 100
13 102 70
13 103 8
13 105 89
13 107 108
13 108 110
13 110 104
13 111 50
13 113 16
13 114 99
13 120 99
13 121 97
14 6 89
14 10 100
14 11 98
14 12 96
14 13 99
14 16 37
14 19 118
14 21 94
14 27 123
14 28 63
14 30 23
14 31 57
14 32 44
14 33 65
14 36 2
14 38 72
14 42 79
14 44 87
14 45 27
14 48 113
14 53 128
14 54 3
14 57 121
14 58 114
14 59 69
14 63 11
14 64 96
14 65 117
14 69 95
14 70 30
14 77 70
14 81 66
14 85 114
14 89 126
14 91 56
14 92 89
14 95 3
14 102 128
14 104 21
14 105 42
14 106 97
14 110 77
14 112 103
14 117 35
14 118 14
14 t 43
15 3 29
15 10 119
15 11 76
15 16 111
15 18 121
15 20 67
15 22 51
15 23 33
15 24 120
15 25 23
15 27 53
15 28 102
15 34 45
15 36 94
15 37 42
15 39 28
15 40 108
15 42 114
15 46 38
15 48 15
15 49 69
15 52 34
15 54 118
15 56 11
15 57 128
15 58 105
15 60 61
15 63 119
15 64 81
15 68 118
15 72 119
15 73 67
15 76 90
15 79 2
15 81 126
15 83 87
15 84 91
15 88 11
15 90 75
15 94 57
15 96 109
15 97 10
15 100 98
15 102 27
15 106 98
15 113 86
15 114 33
15 115 108
15 117 128
15 119 28
16 2 74
16 3 97
16 5 57
16 6 119
16 9 18
16 11 43
16 12 109
16 14 37
16 15 111
16 17 69
16 19 61
16 22 11
16 23 100
16 28 44
16 35 3
16 36 105
16 41 127
16 43 76
16 44 82
16 45 44
16 46 65
16 49 54
16 51 71
16 52 34
16 55 74
16 56 75
16 57 42
16 61 50
16 64 73
16 65 77
16 67 92
16 68 59
16 69 62
16 73 66
16 78 62
16 82 15
16 88 8
16 89 61
16 91 4
16 92 66
16 95 9
16 96 52
16 98 12
16 99 72
16 101 72
16 105 56
16 106 68
16 109 88
16 111 38
16 113 125
16 115 103
16 117 111
16 119 82
16 120 127
16 t 14
17 1 91
17 2 112
17 5 80
17 7 77
17 9 23
17 10 13
17 12 15
17 13 96
17 16 69
17 23 2
17 26 41
17 29 102
17 31 87
17 32 86
17 34 127
17 36 68
17 37 41
17 40 80
17 42 108
17 45 74
17 47 31
17 50 74
17 54 71
17 56 119
17 59 86
17 75 61
17 77 63
17 79 36
17 80 98
17 83 13
17 85 65
17 90 23
17 91 90
17 93 38
17 99 40
17 100 87
17 101 88
17 103 119
17 105 69
17 107 36
17 114 38
17 116 96
17 117 44
17 118 110
17 t 109
18 3 3
18 5 6
18 8 72
18 9 50
18 13 33
18 15 121
18 28 107
18 31 35
18 33 67
18 38 127
18 40 107
18 41 50
18 42 76
18 44 44
18 47 55
18 49 17
18 51 116
18 56 110
18 57 93
18 59 6
18 62 99
18 67 112
18 69 15
18 74 126
18 77 8
18 84 50
18 86 26
18 87 100
18 91 14
18 92 115
18 95 127
18 99 98
18 100 67
18 105 93
18 107 119
18 108 95
18 109 82
18 112 118
18 116 128
18 117 106
18 119 55
18 121 54
19 1 39
19 3 36
19 4 107
19 5 57
19 6 26
19 10 89
19 13 126
19 14 118
19 16 61
19 30 55
19 31 59
19 32 40
19 35 68
19 41 15
19 47 93
19 49 62
19 50 34
19 54 14
19 58 14
19 59 67
19 60 69
19 61 117
19 68 89
19 71 37
19 77 116
19 79 74
19 81 36
19 82 105
19 87 123
19 92 85
19 94 5
19 96 46
19 99 105
19 101 94
19 104 70
19 106 117
19 108 33
19 110 102
19 112 7
19 114 13
19 116 54
19 118 71
20 1 100
20 2 126
20 5 97
20 6 71
20 10 29
20 11 65
20 12 97
20 15 67
20 22 76
20 24 5
20 25 90
20 31 100
20 32 125
20 33 77
20 34 98
20 39 14
20 40 60
20 42 99
20 44 38
20 48 96
20 51 120
20 55 43
20 56 46
20 70 72
20 71 30
20 72 16
20 74 127
20 76 28
20 77 41
20 78 12
20 84 39
20 88 90
20 90 87
20 92 114
20 93 50
20 94 80
20 98 101
20 99 41
20 100 26
20 102 17
20 103 68
20 104 66
20 113 45
20 114 56
20 116 84
20 117 10
20 118 114
20 120 3
21 1 42
21 2 109
21 3 54
21 4 12
21 7 46
21 8 59
21 9 60
21 10 74
21 12 66
21 14 94
21 22 6
21 24 54
21 26 123
21 27 41
21 28 95
21 29 66
21 32 64
21 35 73
21 39 53
21 40 119
21 42 28
21 44 37
21 52 67
21 53 47
21 55 93
21 58 119
21 60 24
21 61 20
21 62 26
21 63 73
21 64 19
21 65 15
21 66 36
21 67 2
21 71 32
21 74 43
21 76 86
21 83 70
21 84 93
21 85 31
21 86 103
21 87 127
21 88 61
21 92 109
21 97 90
21 106 100
21 108 92
21 110 67
21 115 50
21 117 58
21 119 112
21 t 123
22 3 114
22 4 101
22 6 21
22 9 112
22 11 45
22 12 118
22 13 28
22 15 51
22 16 11
22 20 76
22 21 6
22 23 7
22 24 66
22 25 5
22 30 33
22 31 98
22 36 88
22 39 41
22 47 116
22 50 83
22 54 75
22 57 77
22 59 70
22 65 82
22 67 102
22 69 103
22 71 45
22 72 12
22 74 97
22 78 63
22 80 90
22 82 118
22 83 79
22 84 43
22 85 44
22 87 70
22 93 55
22 94 100
22 97 96
22 98 61
22 102 103
22 108 40
22 115 50
22 116 62
22 119 125
22 120 64
23 1 94
23 3 8
23 4 102
23 7 11
23 8 103
23 10 89
23 11 9
23 12 125
23 15 33
23 16 100
23 17 2
23 22 7
23 24 55
23 25 95
23 29 70
23 31 44
23 33 65
23 34 2
23 36 85
23 38 37
23 40 66
23 42 92
23 43 24
23 44 119
23 45 36
23 46 51
23 47 61
23 51 103
23 55 72
23 57 121
23 62 103
23 63 3
23 66 9
23 72 14
23 75 64
23 78 72
23 81 75
23 85 60
23 86 109
23 88 93
23 92 31
23 95 59
23 102 61
23 103 64
23 104 112
23 105 16
23 109 30
23 110 91
23 111 73
23 112 127
23 114 23
23 115 97
23 119 112
23 t 66
24 1 58
24 3 11
24 6 107
24 7 16
24 8 13
24 10 103
24 11 59
24 12 123
24 13 21
24 15 120
24 20 5
24 21 54
24 22 66
24 23 55
24 29 29
24 36 110
24 38 51
24 39 100
24 41 120
24 42 9
24 43 9
24 45 24
24 52 99
24 54 64
24 56 16
24 63 120
24 67 89
24 70 113
24 75 56
24 76 46
24 77 92
24 78 100
24 83 26
24 85 75
24 87 12
24 90 126
24 91 36
24 92 45
24 94 9
24 97 48
24 100 31
24 101 120
24 103 38
24 104 43
24 105 128
24 113 81
24 121 114
25 2 17
25 3 117
25 5 91
25 9 54
25 10 44
25 15 23
25 20 90
25 22 5
25 23 95
25 28 68
25 31 14
25 33 61
25 39 23
25 41 94
25 42 116
25 43 23
25 44 120
25 45 96
25 48 93
25 52 22
25 53 50
25 55 33
25 59 102
25 60 77
25 61 109
25 63 60
25 66 50
25 68 98
25 70 109
25 71 40
25 75 107
25 76 59
25 77 74
25 78 52
25 79 31
25 80 15
25 81 34
25 82 43
25 84 97
25 86 93
25 87 68
25 92 91
25 94 6
25 97 126
25 98 110
25 101 52
25 104 114
25 106 67
25 108 21
25 109 96
25 112 32
25 121 39
25 t 87
26 3 55
26 6 119
26 7 93
26 8 39
26 12 120
26 17 41
26 21 123
26 28 118
26 35 106
26 36 88
26 37 18
26 41 96
26 43 102
26 48 67
26 50 98
26 51 23
26 55 34
26 56 26
26 57 83
26 59 70
26 60 82
26 65 26
26 66 78
26 68 12
26 71 92
26 76 74
26 80 24
26 81 74
26 84 111
26 85 81
26 86 24
26 87 69
26 89 117
26 95 62
26 100 38
26 103 77
26 104 25
26 108 69
26 109 105
26 112 105
26 113 80
26 114 36
26 118 115
26 119 24
26 120 10
26 121 96
27 2 45
27 9 70
27 10 105
27 14 123
27 15 53
27 21 41
27 28 23
27 29 17
27 30 99
27 33 78
27 35 121
27 39 12
27 42 18
27 48 119
27 49 36
27 53 19
27 57 28
27 60 117
27 62 17
27 64 81
27 66 82
27 67 81
27 70 40
27 74 91
27 75 43
27 76 25
27 77 66
27 78 77
27 83 27
27 86 123
27 88 121
27 90 56
27 91 94
27 94 63
27 97 72
27 99 23
27 100 92
27 101 124
27 105 28
27 107 8
27 112 94
27 115 90
27 116 81
27 117 74
27 119 73
27 t 85
28 3 101
28 4 104
28 7 12
28 9 82
28 10 103
28 12 18
28 14 63
28 15 102
28 16 44
28 18 107
28 21 95
28 25 68
28 26 118
28 27 23
28 30 53
28 33 107
28 38 93
28 41 23
28 42 117
28 46 121
28 49 36
28 51 34
28 52 123
28 54 85
28 56 2
28 57 49
28 58 44
28 61 110
28 62 52
28 65 36
28 66 119
28 67 74
28 68 69
28 69 115
28 71 7
28 75 106
28 78 111
28 90 125
28 92 62
28 96 57
28 97 57
28 98 57
28 99 23
28 101 34
28 102 68
28 103 12
28 109 87
28 111 64
28 112 56
28 116 83
28 118 124
28 120 99
28 t 124
29 2 5
29 3 6
29 6 67
29 10 98
29 12 103
29 17 102
29 21 66
29 23 70
29 24 29
29 27 17
29 31 36
29 32 86
29 33 103
29 35 124
29 36 39
29 37 107
29 43 116
29 44 6
29 45 67
29 46 29
29 47 95
29 48 22
29 51 82
29 52 115
29 54 86
29 55 55
29 59 29
29 61 116
29 62 90
29 63 48
29 64 110
29 65 49
29 68 109
29 69 48
29 70 111
29 75 100
29 76 48
29 77 12
29 80 124
29 82 24
29 87 60
29 89 12
29 90 115
29 92 46
29 93 50
29 94 38
29 95 44
29 99 38
29 100 97
29 101 62
29 104 117
29 105 58
29 108 78
29 110 121
29 111 16
29 114 104
29 116 123
29 117 5
29 119 116
29 120 82
30 2 55
30 6 67
30 8 95
30 10 20
30 11 83
30 12 19
30 14 23
30 19 55
30 22 33
30 27 99
30 28 53
30 31 24
30 36 75
30 38 91
30 40 84
30 41 60
30 43 22
30 44 33
30 47 9
30 49 50
30 50 126
30 51 83
30 52 118
30 61 71
30 62 90
30 66 49
30 68 86
30 69 108
30 76 11
30 80 7
30 83 84
30 84 62
30 90 19
30 91 85
30 92 102
30 98 44
30 100 68
30 101 112
30 102 22
30 104 78
30 108 113
30 114 115
30 115 92
30 116 38
30 118 118
31 2 124
31 3 66
31 5 38
31 9 128
31 11 99
31 12 3
31 13 91
31 14 57
31 17 87
31 18 35
31 19 59
31 20 100
31 22 98
31 23 44
31 25 14
31 29 36
31 30 24
31 32 50
31 33 96
31 37 109
31 39 4
31 41 46
31 42 40
31 44 39
31 45 43
31 46 19
31 51 20
31 52 71
31 53 101
31 56 9
31 57 95
31 59 115
31 61 77
31 62 8
31 65 124
31 66 111
31 67 85
31 68 93
31 73 45
31 80 124
31 84 120
31 86 7
31 94 123
31 96 43
31 97 75
31 98 58
31 99 53
31 100 106
31 101 85
31 103 24
31 104 80
31 107 113
31 110 24
31 113 73
31 115 18
31 116 76
31 118 82
32 4 114
32 6 96
32 7 24
32 8 57
32 10 74
32 14 44
32 17 86
32 19 40
32 20 125
32 21 64
32 29 86
32 31 50
32 35 121
32 36 60
32 38 20
32 39 111
32 40 82
32 41 68
32 43 39
32 49 73
32 50 78
32 52 119
32 55 24
32 57 98
32 59 128
32 60 125
32 62 39
32 63 29
32 64 2
32 65 70
32 67 41
32 68 10
32 69 53
32 70 4
32 71 66
32 73 63
32 77 121
32 82 76
32 83 109
32 84 7
32 85 9
32 87 41
32 89 90
32 91 47
32 92 75
32 95 79
32 98 96
32 99 69
32 109 116
32 114 95
32 118 29
32 119 89
33 1 72
33 3 42
33 4 22
33 5 75
33 7 97
33 8 95
33 10 91
33 14 65
33 18 67
33 20 77
33 23 65
33 25 61
33 27 78
33 28 107
33 29 103
33 31 96
33 35 65
33 39 101
33 41 76
33 42 98
33 47 79
33 51 23
33 52 55
33 57 113
33 61 60
33 63 119
33 65 94
33 68 89
33 70 39
33 72 58
33 73 10
33 75 33
33 76 111
33 77 86
33 80 95
33 84 33
33 90 49
33 91 85
33 92 9
33 97 51
33 99 109
33 103 18
33 105 31
33 106 89
33 107 102
33 108 124
33 114 4
33 115 99
33 117 19
33 119 47
34 4 92
34 8 30
34 9 87
34 11 51
34 13 24
34 15 45
34 17 127
34 20 98
34 23 2
34 36 106
34 38 121
34 39 128
34 41 12
34 42 22
34 43 72
34 44 27
34 46 92
34 47 9
34 52 95
34 56 32
34 58 127
34 61 16
34 63 122
34 64 26
34 68 46
34 70 16
34 73 89
34 79 37
34 81 119
34 82 84
34 83 126
34 85 109
34 88 44
34 89 57
34 90 23
34 92 4
34 93 21
34 97 89
34 99 58
34 100 120
34 102 116
34 103 88
34 106 49
34 109 57
34 115 110
34 117 32
34 120 66
35 1 116
35 2 36
35 7 103
35 8 90
35 9 109
35 16 3
35 19 68
35 21 73
35 26 106
35 27 121
35 29 124
35 32 121
35 33 65
35 36 70
35 41 106
35 42 80
35 50 117
35 52 52
35 53 47
35 56 101
35 58 8
35 59 47
35 61 3
35 63 106
35 65 22
35 67 57
35 68 54
35 69 12
35 70 122
35 74 19
35 78 124
35 82 59
35 83 5
35 84 20
35 87 21
35 88 3
35 90 67
35 92 16
35 95 69
35 96 52
35 98 37
35 101 45
35 107 38
35 111 26
35 112 31
36 3 78
36 5 16
36 8 94
36 9 125
36 11 115
36 12 11
36 14 2
36 15 94
36 16 105
36 17 68
36 22 88
36 23 85
36 24 110
36 26 88
36 29 39
36 30 75
36 32 60
36 34 106
36 35 70
36 40 80
36 43 51
36 44 66
36 45 45
36 47 108
36 48 113
36 51 93
36 53 86
36 56 98
36 58 85
36 61 27
36 62 100
36 71 33
36 72 10
36 75 40
36 77 58
36 80 104
36 81 14
36 84 122
36 87 14
36 91 63
36 92 103
36 95 105
36 96 123
36 98 51
36 100 102
36 102 27
36 110 11
36 112 32
36 113 47
36 115 43
36 118 38
36 119 4
37 2 18
37 3 24
37 4 51
37 5 65
37 10 82
37 15 42
37 17 41
37 26 18
37 29 107
37 31 109
37 38 122
37 41 12
37 43 114
37 46 80
37 48 88
37 50 25
37 53 108
37 57 30
37 58 8
37 60 111
37 61 49
37 67 54
37 68 112
37 73 111
37 75 62
37 77 102
37 78 103
37 80 5
37 82 94
37 85 38
37 86 84
37 88 15
37 92 115
37 93 9
37 95 48
37 100 7
37 101 19
37 102 124
37 103 59
37 105 78
37 107 31
37 108 61
37 111 128
37 116 29
37 119 55
37 121 24
38 1 80
38 3 82
38 4 81
38 5 53
38 6 106
38 8 43
38 12 27
38 14 72
38 18 127
38 23 37
38 24 51
38 28 93
38 30 91
38 32 20
38 34 121
38 37 122
38 42 61
38 43 44
38 52 53
38 53 115
38 54 110
38 57 122
38 60 28
38 64 115
38 65 11
38 66 96
38 69 94
38 71 42
38 73 88
38 74 103
38 76 13
38 77 35
38 78 83
38 80 117
38 84 65
38 85 112
38 86 107
38 87 49
38 88 51
38 89 24
38 91 110
38 98 83
38 99 105
38 103 51
38 105 58
38 107 48
38 109 70
38 110 66
38 112 53
38 113 15
38 120 53
38 t 53
39 1 104
39 3 20
39 4 80
39 5 63
39 6 103
39 7 16
39 8 17
39 9 58
39 11 14
39 15 28
39 20 14
39 21 53
39 22 41
39 24 100
39 25 23
39 27 12
39 31 4
39 32 111
39 33 101
39 34 128
39 43 104
39 45 76
39 46 104
39 48 109
39 49 27
39 50 7
39 51 112
39 53 127
39 54 75
39 57 83
39 59 23
39 60 26
39 63 72
39 70 110
39 71 14
39 72 6
39 73 43
39 78 12
39 80 32
39 82 21
39 92 64
39 94 41
39 95 3
39 107 89
39 108 59
39 111 120
39 116 47
39 119 16
40 2 6
40 9 59
40 11 64
40 15 108
40 17 80
40 18 107
40 20 60
40 21 119
40 23 66
40 30 84
40 32 82
40 36 80
40 41 35
40 44 90
40 45 110
40 46 125
40 47 126
40 51 32
40 55 34
40 57 15
40 58 14
40 62 33
40 64 100
40 67 64
40 69 17
40 70 17
40 71 4
40 72 57
40 73 117
40 74 4
40 75 90
40 76 56
40 77 75
40 78 72
40 79 75
40 84 92
40 85 106
40 88 46
40 89 113
40 92 90
40 93 120
40 94 118
40 97 106
40 98 48
40 99 29
40 100 43
40 101 93
40 102 39
40 104 40
40 111 41
40 113 80
40 116 111
40 117 55
40 120 47
41 1 86
41 2 15
41 5 35
41 11 78
41 12 51
41 16 127
41 18 50
41 19 15
41 24 120
41 25 94
41 26 96
41 28 23
41 30 60
41 31 46
41 32 68
41 33 76
41 34 12
41 35 106
41 37 12
41 40 35
41 43 40
41 45 27
41 46 76
41 47 45
41 53 88
41 54 92
41 55 39
41 56 72
41 59 24
41 65 93
41 68 57
41 69 106
41 71 128
41 73 118
41 75 23
41 76 105
41 77 66
41 80 67
41 81 50
41 83 59
41 85 101
41 86 42
41 88 97
41 89 88
41 91 81
41 94 118
41 95 61
41 96 126
41 99 60
41 102 75
41 104 42
41 106 64
41 107 77
41 108 39
41 109 85
41 111 40
41 113 105
41 116 15
41 117 42
42 4 19
42 7 3
42 9 75
42 10 119
42 11 32
42 12 70
42 13 33
42 14 79
42 15 114
42 17 108
42 18 76
42 20 99
42 21 28
42 23 92
42 24 9
42 25 116
42 27 18
42 28 117
42 31 40
42 33 98
42 34 22
42 35 80
42 38 61
42 43 71
42 44 64
42 45 26
42 46 119
42 50 47
42 52 31
42 53 38
42 56 7
42 61 47
42 62 36
42 63 53
42 65 27
42 66 65
42 71 27
42 72 32
42 73 48
42 80 8
42 85 122
42 87 107
42 88 88
42 89 28
42 92 7
42 94 76
42 95 27
42 96 55
42 99 86
42 101 39
42 106 25
42 107 121
42 108 15
42 111 118
42 114 38
42 116 107
42 117 22
42 118 44
42 119 31
42 121 100
43 2 116
43 4 33
43 5 15
43 8 16
43 9 9
43 11 6
43 12 116
43 13 74
43 16 76
43 23 24
43 24 9
43 25 23
43 26 102
43 29 116
43 30 22
43 32 39
43 34 72
43 36 51
43 37 114
43 38 44
43 39 104
43 41 40
43 42 71
43 44 72
43 45 24
43 46 83
43 47 84
43 52 24
43 53 69
43 59 34
43 66 77
43 69 7
43 72 114
43 73 126
43 74 56
43 79 90
43 80 116
43 82 33
43 84 56
43 85 30
43 88 66
43 91 123
43 94 64
43 100 92
43 102 59
43 104 99
43 109 67
43 116 79
43 117 116
43 118 88
44 1 40
44 4 29
44 5 20
44 7 25
44 8 39
44 11 105
44 14 87
44 16 82
44 18 44
44 20 38
44 21 37
44 23 119
44 25 120
44 29 6
44 30 33
44 31 39
44 34 27
44 36 66
44 40 90
44 42 64
44 43 72
44 50 29
44 53 105
44 56 125
44 63 124
44 65 53
44 69 47
44 71 47
44 72 48
44 73 38
44 83 28
44 87 39
44 88 77
44 91 24
44 92 66
44 93 38
44 95 71
44 99 92
44 101 91
44 104 97
44 105 44
44 107 59
44 110 128
44 111 41
44 112 76
44 115 23
44 116 88
44 117 53
44 118 78
44 120 5
44 121 63
45 4 35
45 5 29
45 9 109
45 11 56
45 14 27
45 16 44
45 17 74
45 23 36
45 24 24
45 25 96
45 29 67
45 31 43
45 36 45
45 39 76
45 40 110
45 41 27
45 42 26
45 43 24
45 47 25
45 48 19
45 49 75
45 55 125
45 56 59
45 57 78
45 60 107
45 65 107
45 67 53
45 68 123
45 69 86
45 78 72
45 87 27
45 89 47
45 91 77
45 93 89
45 95 62
45 102 65
45 104 25
45 107 120
45 109 84
45 113 94
45 114 21
45 118 44
45 119 52
45 120 78
45 t 118
46 1 28
46 6 52
46 7 103
46 9 123
46 10 106
46 13 5
46 15 38
46 16 65
46 23 51
46 28 121
46 29 29
46 31 19
46 34 92
46 37 80
46 39 104
46 40 125
46 41 76
46 42 119
46 43 83
46 47 24
46 52 3
46 63 66
46 64 20
46 67 67
46 68 112
46 69 63
46 70 6
46 72 56
46 75 123
46 78 60
46 80 119
46 81 126
46 83 104
46 90 51
46 95 33
46 99 30
46 106 95
46 107 90
46 111 111
46 112 13
46 113 127
46 120 71
46 121 88
47 1 16
47 2 63
47 4 90
47 7 83
47 8 20
47 9 110
47 10 42
47 12 3
47 13 107
47 17 31
47 18 55
47 19 93
47 22 116
47 23 61
47 29 95
47 30 9
47 33 79
47 34 9
47 36 108
47 40 126
47 41 45
47 43 84
47 45 25
47 46 24
47 48 49
47 50 27
47 51 48
47 53 81
47 56 61
47 58 54
47 60 116
47 61 53
47 64 56
47 68 99
47 69 28
47 72 36
47 73 96
47 75 60
47 76 31
47 77 126
47 79 91
47 80 45
47 82 108
47 83 23
47 86 53
47 87 25
47 91 43
47 101 71
47 102 54
47 105 118
47 106 62
47 110 11
47 114 83
47 120 106
48 2 50
48 5 3
48 7 111
48 10 105
48 12 49
48 13 41
48 14 113
48 15 15
48 20 96
48 25 93
48 26 67
48 27 119
48 29 22
48 36 113
48 37 88
48 39 109
48 45 19
48 47 49
48 50 65
48 51 42
48 55 111
48 56 98
48 58 15
48 59 63
48 64 107
48 66 15
48 67 3
48 71 75
48 76 106
48 77 46
48 82 20
48 85 29
48 86 9
48 95 61
48 97 104
48 100 67
48 104 96
48 105 109
48 106 109
48 109 20
48 111 102
48 115 43
48 119 112
48 121 24
49 3 110
49 4 32
49 7 51
49 8 19
49 9 99
49 10 58
49 12 42
49 15 69
49 16 54
49 18 17
49 19 62
49 27 36
49 28 36
49 30 50
49 32 73
49 39 27
49 45 75
49 52 58
49 54 45
49 55 43
49 57 23
49 58 36
49 60 40
49 61 100
49 63 10
49 65 47
49 67 21
49 69 11
49 73 90
49 74 121
49 78 85
49 80 91
49 81 58
49 82 17
49 83 74
49 84 115
49 88 31
49 90 79
49 91 84
49 97 59
49 98 47
49 100 109
49 101 68
49 102 89
49 104 20
49 106 10
49 107 79
49 111 64
49 112 114
49 114 31
49 117 39
49 119 55
49 121 44
50 2 28
50 5 106
50 7 43
50 8 7
50 10 111
50 11 35
50 12 105
50 13 106
50 17 74
50 19 34
50 22 83
50 26 98
50 30 126
50 32 78
50 35 117
50 37 25
50 39 7
50 42 47
50 44 29
50 47 27
50 48 65
50 54 17
50 55 101
50 61 58
50 63 31
50 65 59
50 66 83
50 67 106
50 68 52
50 72 89
50 79 115
50 81 11
50 82 81
50 83 97
50 85 13
50 86 79
50 88 85
50 92 107
50 94 87
50 95 73
50 96 14
50 98 95
50 99 75
50 105 9
50 106 71
50 107 61
50 108 70
50 109 29
50 111 59
50 112 62
50 115 65
50 119 6
50 121 102
51 2 100
51 4 45
51 5 19
51 6 30
51 10 115
51 16 71
51 18 116
51 20 120
51 23 103
51 26 23
51 28 34
51 29 82
51 30 83
51 31 20
51 33 23
51 36 93
51 39 112
51 40 32
51 47 48
51 48 42
51 52 10
51 53 92
51 58 98
51 67 25
51 68 55
51 69 93
51 71 57
51 73 110
51 74 15
51 75 83
51 76 4
51 78 49
51 80 69
51 83 51
51 89 102
51 92 16
51 93 112
51 95 79
51 100 35
51 105 41
51 106 117
51 107 98
51 109 128
51 111 36
51 114 57
51 119 15
51 121 24
52 4 37
52 6 25
52 9 64
52 10 95
52 13 117
52 15 34
52 16 34
52 21 67
52 24 99
52 25 22
52 28 123
52 29 115
52 30 118
52 31 71
52 32 119
52 33 55
52 34 95
52 35 52
52 38 53
52 42 31
52 43 24
52 46 3
52 49 58
52 51 10
52 57 45
52 58 122
52 59 92
52 63 67
52 65 95
52 69 40
52 72 81
52 73 124
52 75 9
52 77 51
52 79 41
52 81 17
52 82 126
52 87 66
52 88 98
52 89 18
52 95 60
52 98 48
52 102 112
52 103 33
52 105 127
52 108 92
52 111 72
52 112 78
52 114 2
52 120 11
52 121 16
53 2 2
53 6 106
53 7 16
53 8 45
53 10 32
53 12 6
53 14 128
53 21 47
53 25 50
53 27 19
53 31 101
53 35 47
53 36 86
53 37 108
53 38 115
53 39 127
53 41 88
53 42 38
53 43 69
53 44 105
53 47 81
53 51 92
53 55 118
53 57 112
53 62 94
53 64 92
53 65 81
53 66 110
53 67 118
53 68 5
53 71 125
53 72 100
53 78 21
53 80 25
53 81 44
53 87 37
53 88 30
53 91 64
53 95 45
53 100 111
53 101 66
53 105 95
53 106 99
53 109 32
53 110 121
53 113 119
53 114 123
53 116 80
53 118 9
53 121 108
54 2 92
54 6 84
54 11 85
54 14 3
54 15 118
54 17 71
54 19 14
54 22 75
54 24 64
54 28 85
54 29 86
54 38 110
54 39 75
54 41 92
54 49 45
54 50 17
54 55 60
54 56 18
54 57 62
54 58 14
54 62 24
54 63 15
54 64 43
54 65 114
54 67 9
54 70 27
54 71 84
54 72 2
54 76 69
54 77 122
54 79 26
54 80 44
54 85 108
54 88 128
54 93 46
54 95 76
54 96 56
54 99 63
54 103 52
54 105 75
54 109 80
54 110 18
54 112 17
54 116 54
54 119 125
54 120 67
54 121 31
55 1 82
55 4 39
55 5 62
55 6 64
55 8 44
55 9 65
55 10 40
55 12 20
55 13 86
55 16 74
55 20 43
55 21 93
55 23 72
55 25 33
55 26 34
55 29 55
55 32 24
55 40 34
55 41 39
55 45 125
55 48 111
55 49 43
55 50 101
55 53 118
55 54 60
55 58 68
55 61 65
55 64 34
55 66 93
55 70 60
55 73 110
55 74 97
55 75 71
55 83 117
55 84 2
55 89 74
55 90 64
55 95 82
55 96 22
55 99 22
55 100 14
55 103 8
55 105 62
55 106 26
55 107 104
55 108 91
55 110 26
55 119 83
56 1 65
56 3 62
56 4 14
56 5 106
56 6 81
56 12 65
56 13 46
56 15 11
56 16 75
56 17 119
56 18 110
56 20 46
56 24 16
56 26 26
56 28 2
56 31 9
56 34 32
56 35 101
56 36 98
56 41 72
56 42 7
56 44 125
56 45 59
56 47 61
56 48 98
56 54 18
56 58 8
56 60 86
56 63 81
56 71 93
56 72 26
56 76 41
56 78 52
56 81 128
56 93 84
56 95 66
56 98 122
56 99 92
56 100 87
56 105 116
56 107 54
56 108 110
56 109 58
56 110 104
56 111 88
56 114 99
56 115 27
56 116 116
57 1 30
57 2 114
57 5 91
57 7 54
57 14 121
57 15 128
57 16 42
57 18 93
57 22 77
57 23 121
57 26 83
57 27 28
57 28 49
57 31 95
57 32 98
57 33 113
57 37 30
57 38 122
57 39 83
57 40 15
57 45 78
57 49 23
57 52 45
57 53 112
57 54 62
57 66 12
57 76 73
57 78 31
57 79 38
57 81 19
57 82 52
57 83 30
57 84 3
57 88 78
57 89 63
57 90 123
57 92 43
57 93 94
57 96 98
57 98 32
57 106 76
57 107 18
57 108 8
57 109 77
57 110 85
57 112 97
57 115 3
57 116 27
57 118 67
57 119 100
57 120 83
57 121 88
58 4 126
58 5 107
58 7 56
58 12 98
58 14 114
58 15 105
58 19 14
58 21 119
58 28 44
58 34 127
58 35 8
58 36 85
58 37 8
58 40 14
58 47 54
58 48 15
58 49 36
58 51 98
58 52 122
58 54 14
58 55 68
58 56 8
58 63 105
58 66 104
58 67 20
58 69 66
58 74 49
58 75 92
58 78 85
58 79 48
58 82 75
58 86 3
58 88 19
58 92 65
58 95 27
58 99 100
58 100 102
58 103 98
58 105 21
58 106 16
58 111 10
58 112 124
58 113 8
58 114 95
58 115 104
58 116 127
58 117 80
58 120 10
59 5 104
59 13 30
59 14 69
59 17 86
59 18 6
59 19 67
59 22 70
59 25 102
59 26 70
59 29 29
59 31 115
59 32 128
59 35 47
59 39 23
59 41 24
59 43 34
59 48 63
59 52 92
59 62 36
59 64 52
59 68 70
59 73 89
59 76 100
59 81 107
59 84 88
59 85 111
59 90 57
59 92 27
59 93 86
59 94 80
59 96 27
59 101 119
59 105 119
59 106 108
59 108 9
59 110 63
59 115 19
59 116 95
59 117 15
59 118 52
59 119 128
59 120 7
59 121 60
59 t 86
60 1 127
60 3 9
60 6 20
60 8 75
60 10 22
60 11 106
60 13 98
60 15 61
60 19 69
60 21 24
60 25 77
60 26 82
60 27 117
60 32 125
60 37 111
60 38 28
60 39 26
60 45 107
60 47 116
60 49 40
60 56 86
60 61 80
60 65 126
60 66 27
60 68 109
60 69 106
60 70 108
60 73 40
60 75 26
60 77 46
60 78 112
60 79 102
60 81 10
60 85 77
60 88 120
60 89 53
60 94 14
60 97 10
60 99 71
60 102 44
60 103 47
60 109 64
60 110 18
60 111 56
60 113 47
60 116 82
60 118 124
60 121 30
61 3 11
61 5 92
61 6 7
61 8 49
61 10 88
61 12 17
61 13 72
61 16 50
61 19 117
61 21 20
61 25 109
61 28 110
61 29 116
61 30 71
61 31 77
61 33 60
61 34 16
61 35 3
61 36 27
61 37 49
61 42 47
61 47 53
61 49 100
61 50 58
61 55 65
61 60 80
61 62 86
61 69 71
61 72 58
61 74 5
61 76 25
61 77 81
61 80 49
61 82 71
61 83 65
61 88 68
61 90 44
61 93 105
61 94 120
61 97 86
61 98 83
61 99 48
61 100 78
61 101 54
61 105 105
61 106 65
61 110 69
61 112 110
61 114 13
61 115 102
61 117 94
61 118 93
61 120 6
61 t 68
62 4 11
62 5 64
62 6 18
62 7 114
62 9 60
62 10 80
62 11 38
62 12 70
62 18 99
62 21 26
62 23 103
62 27 17
62 28 52
62 29 90
62 30 90
62 31 8
62 32 39
62 36 100
62 40 33
62 42 36
62 53 94
62 54 24
62 59 36
62 61 86
62 64 40
62 65 124
62 66 103
62 74 81
62 77 123
62 78 104
62 79 69
62 83 8
62 84 108
62 87 66
62 90 40
62 92 60
62 99 123
62 101 124
62 103 46
62 105 44
62 106 74
62 107 72
62 109 104
62 118 63
62 119 121
62 120 124
63 1 61
63 4 86
63 5 86
63 7 26
63 8 69
63 9 116
63 12 49
63 13 124
63 14 11
63 15 119
63 21 73
63 23 3
63 24 120
63 25 60
63 29 48
63 32 29
63 33 119
63 34 122
63 35 106
63 39 72
63 42 53
63 44 124
63 46 66
63 49 10
63 50 31
63 52 67
63 54 15
63 56 81
63 58 105
63 64 51
63 65 109
63 67 97
63 68 25
63 80 97
63 82 51
63 83 51
63 89 95
63 90 123
63 92 101
63 97 3
63 100 95
63 101 106
63 104 100
63 109 92
63 111 90
63 114 89
63 117 46
63 118 72
63 119 31
63 120 81
64 2 100
64 3 80
64 4 51
64 7 77
64 8 29
64 9 100
64 10 114
64 11 113
64 14 96
64 15 81
64 16 73
64 21 19
64 27 81
64 29 110
64 32 2
64 34 26
64 38 115
64 40 100
64 46 20
64 47 56
64 48 107
64 53 92
64 54 43
64 55 34
64 59 52
64 62 40
64 63 51
64 65 58
64 72 17
64 73 92
64 74 10
64 78 6
64 82 82
64 83 102
64 86 101
64 87 7
64 88 89
64 89 56
64 95 58
64 98 71
64 99 58
64 104 36
64 106 40
64 109 82
64 111 61
64 114 3
64 120 100
64 121 79
65 2 70
65 8 67
65 11 77
65 12 28
65 13 5
65 14 117
65 16 77
65 21 15
65 22 82
65 26 26
65 28 36
65 29 49
65 31 124
65 32 70
65 33 94
65 35 22
65 38 11
65 41 93
65 42 27
65 44 53
65 45 107
65 49 47
65 50 59
65 52 95
65 53 81
65 54 114
65 60 126
65 62 124
65 63 109
65 64 58
65 68 29
65 73 25
65 75 122
65 77 97
65 78 31
65 79 78
65 84 4
65 85 40
65 88 59
65 89 40
65 95 126
65 96 20
65 97 113
65 99 7
65 102 7
65 105 6
65 106 13
65 109 3
65 114 55
65 116 81
65 120 24
66 1 62
66 5 14
66 6 78
66 7 27
66 8 89
66 9 18
66 11 117
66 21 36
66 23 9
66 25 50
66 26 78
66 27 82
66 28 119
66 30 49
66 31 111
66 38 96
66 42 65
66 43 77
66 48 15
66 50 83
66 53 110
66 55 93
66 57 12
66 58 104
66 60 27
66 62 103
66 72 32
66 73 65
66 75 27
66 78 69
66 81 13
66 82 65
66 85 78
66 86 107
66 87 109
66 88 47
66 91 103
66 93 87
66 96 80
66 99 60
66 101 4
66 102 67
66 106 38
66 108 75
66 109 82
66 113 49
66 117 31
66 119 73
66 121 88
67 1 26
67 2 79
67 16 92
67 18 112
67 21 2
67 22 102
67 24 89
67 27 81
67 28 74
67 31 85
67 32 41
67 35 57
67 37 54
67 40 64
67 45 53
67 46 67
67 48 3
67 49 21
67 50 106
67 51 25
67 53 118
67 54 9
67 58 20
67 63 97
67 76 101
67 81 48
67 87 40
67 92 83
67 94 67
67 95 118
67 98 58
67 100 12
67 101 120
67 104 117
67 105 112
67 107 37
67 108 57
67 112 4
67 118 96
67 120 35
67 t 56
68 1 120
68 5 94
68 8 82
68 9 52
68 15 118
68 16 59
68 19 89
68 25 98
68 26 12
68 28 69
68 29 109
68 30 86
68 31 93
68 32 10
68 33 89
68 34 46
68 35 54
68 37 112
68 41 57
68 45 123
68 46 112
68 47 99
68 50 52
68 51 55
68 53 5
68 59 70
68 60 109
68 63 25
68 65 29
68 70 76
68 71 20
68 73 50
68 75 3
68 76 121
68 80 77
68 83 53
68 85 13
68 90 28
68 93 29
68 94 69
68 100 55
68 101 99
68 104 21
68 105 75
68 107 72
68 113 42
68 114 3
68 t 13
69 1 13
69 3 37
69 4 21
69 5 111
69 6 116
69 12 77
69 14 95
69 16 62
69 18 15
69 22 103
69 28 115
69 29 48
69 30 108
69 32 53
69 35 12
69 38 94
69 40 17
69 41 106
69 43 7
69 44 47
69 45 86
69 46 63
69 47 28
69 49 11
69 51 93
69 52 40
69 58 66
69 60 106
69 61 71
69 72 60
69 76 82
69 78 38
69 79 70
69 80 90
69 86 26
69 87 102
69 90 76
69 91 116
69 97 97
69 98 111
69 100 110
69 103 9
69 107 27
69 108 54
69 111 117
69 112 28
69 113 97
69 115 73
69 120 44
70 1 113
70 6 120
70 9 78
70 10 77
70 14 30
70 20 72
70 24 113
70 25 109
70 27 40
70 29 111
70 32 4
70 33 39
70 34 16
70 35 122
70 39 110
70 40 17
70 46 6
70 54 27
70 55 60
70 60 108
70 68 76
70 74 50
70 76 14
70 77 103
70 85 43
70 87 123
70 88 117
70 90 60
70 91 16
70 93 63
70 97 109
70 105 3
70 107 114
70 114 29
70 116 65
70 121 72
71 5 120
71 6 98
71 19 37
71 20 30
71 21 32
71 22 45
71 25 40
71 26 92
71 28 7
71 32 66
71 36 33
71 38 42
71 39 14
71 40 4
71 41 128
71 42 27
71 44 47
71 48 75
71 51 57
71 53 125
71 54 84
71 56 93
71 68 20
71 72 108
71 74 98
71 75 52
71 76 74
71 78 32
71 79 128
71 83 76
71 85 49
71 90 94
71 92 98
71 94 27
71 96 42
71 104 20
71 106 16
71 107 60
71 108 126
71 109 16
71 111 49
71 112 120
71 119 42
71 121 117
71 t 87
72 4 75
72 6 15
72 8 127
72 9 99
72 11 16
72 12 119
72 15 119
72 20 16
72 22 12
72 23 14
72 33 58
72 36 10
72 39 6
72 40 57
72 42 32
72 43 114
72 44 48
72 46 56
72 47 36
72 50 89
72 52 81
72 53 100
72 54 2
72 56 26
72 61 58
72 64 17
72 66 32
72 69 60
72 71 108
72 76 91
72 81 42
72 82 68
72 83 123
72 84 119
72 86 15
72 93 57
72 94 128
72 97 65
72 98 52
72 99 55
72 100 117
72 101 57
72 107 49
72 108 25
72 109 109
72 110 20
72 111 87
72 112 70
72 113 107
72 114 36
72 115 72
72 117 88
72 118 88
72 119 15
73 2 54
73 3 44
73 7 29
73 8 89
73 10 81
73 11 37
73 13 14
73 15 67
73 16 66
73 31 45
73 32 63
73 33 10
73 34 89
73 37 111
73 38 88
73 39 43
73 40 117
73 41 118
73 42 48
73 43 126
73 44 38
73 47 96
73 49 90
73 51 110
73 52 124
73 55 110
73 59 89
73 60 40
73 64 92
73 65 25
73 66 65
73 68 50
73 77 125
73 78 84
73 79 31
73 81 58
73 83 61
73 85 68
73 86 112
73 91 43
73 93 55
73 95 123
73 97 118
73 98 102
73 99 99
73 102 107
73 104 62
73 107 128
73 109 98
73 111 90
73 112 44
73 113 55
73 115 11
73 117 21
73 118 53
74 2 61
74 4 38
74 7 113
74 9 97
74 13 78
74 18 126
74 20 127
74 21 43
74 22 97
74 27 91
74 35 19
74 38 103
74 40 4
74 43 56
74 49 121
74 51 15
74 55 97
74 58 49
74 61 5
74 62 81
74 64 10
74 70 50
74 71 98
74 76 52
74 80 64
74 84 82
74 86 81
74 90 102
74 92 113
74 93 115
74 98 84
74 101 5
74 102 115
74 105 107
74 111 23
74 112 92
74 114 54
74 t 12
75 1 100
75 3 74
75 4 14
75 9 19
75 10 120
75 17 61
75 23 64
75 24 56
75 25 107
75 27 43
75 28 106
75 29 100
75 33 33
75 36 40
75 37 62
75 40 90
75 41 23
75 46 123
75 47 60
75 51 83
75 52 9
75 55 71
75 58 92
75 60 26
75 65 122
75 66 27
75 68 3
75 71 52
75 77 28
75 85 67
75 87 25
75 89 15
75 90 50
75 92 69
75 95 42
75 97 92
75 101 69
75 104 3
75 107 50
75 117 39
75 118 119
75 120 6
75 121 103
75 t 18
76 3 15
76 6 44
76 7 62
76 8 15
76 9 106
76 10 14
76 11 77
76 13 127
76 15 90
76 20 28
76 21 86
76 24 46
76 25 59
76 26 74
76 27 25
76 29 48
76 30 11
76 33 111
76 38 13
76 40 56
76 41 105
76 47 31
76 48 106
76 51 4
76 54 69
76 56 41
76 57 73
76 59 100
76 61 25
76 67 101
76 68 121
76 69 82
76 70 14
76 71 74
76 72 91
76 74 52
76 77 90
76 82 59
76 83 127
76 85 24
76 86 5
76 89 11
76 90 54
76 95 48
76 96 50
76 97 64
76 98 11
76 100 31
76 103 76
76 106 15
76 107 13
76 108 100
76 110 29
76 112 44
76 115 41
76 117 88
76 119 32
76 121 108
77 2 53
77 4 9
77 6 77
77 7 90
77 10 98
77 14 70
77 17 63
77 18 8
77 19 116
77 20 41
77 24 92
77 25 74
77 27 66
77 29 12
77 32 121
77 33 86
77 36 58
77 37 102
77 38 35
77 40 75
77 41 66
77 47 126
77 48 46
77 52 51
77 54 122
77 60 46
77 61 81
77 62 123
77 65 97
77 70 103
77 73 125
77 75 28
77 76 90
77 79 29
77 80 72
77 81 6
77 83 24
77 90 127
77 91 11
77 94 26
77 95 97
77 96 56
77 97 42
77 101 46
77 104 27
77 106 56
77 108 98
77 111 50
77 114 32
77 118 8
77 121 71
78 1 2
78 3 52
78 4 4
78 5 14
78 7 33
78 9 45
78 13 111
78 16 62
78 20 12
78 22 63
78 23 72
78 24 100
78 25 52
78 27 77
78 28 111
78 35 124
78 37 103
78 38 83
78 39 12
78 40 72
78 45 72
78 46 60
78 49 85
78 51 49
78 53 21
78 56 52
78 57 31
78 58 85
78 60 112
78 62 104
78 64 6
78 65 31
78 66 69
78 69 38
78 71 32
78 73 84
78 82 8
78 84 56
78 86 83
78 87 118
78 93 69
78 94 91
78 95 77
78 96 116
78 101 50
78 103 10
78 104 115
78 106 82
78 107 29
78 109 81
78 112 127
78 113 11
78 116 119
78 119 15
78 121 28
79 2 105
79 3 81
79 5 29
79 10 64
79 15 2
79 17 36
79 19 74
79 25 31
79 34 37
79 40 75
79 43 90
79 47 91
79 50 115
79 52 41
79 54 26
79 57 38
79 58 48
79 60 102
79 62 69
79 65 78
79 69 70
79 71 128
79 73 31
79 77 29
79 80 84
79 87 94
79 88 77
79 95 91
79 97 107
79 102 104
79 103 123
79 110 85
79 112 55
79 113 55
79 116 3
79 117 22
79 118 57
79 121 109
79 t 19
80 4 4
80 6 75
80 9 80
80 11 38
80 13 46
80 17 98
80 22 90
80 25 15
80 26 24
80 29 124
80 30 7
80 31 124
80 33 95
80 36 104
80 37 5
80 38 117
80 39 32
80 41 67
80 42 8
80 43 116
80 46 119
80 47 45
80 49 91
80 51 69
80 53 25
80 54 44
80 61 49
80 63 97
80 68 77
80 69 90
80 74 64
80 77 72
80 79 84
80 81 109
80 87 96
80 91 103
80 97 108
80 99 15
80 100 33
80 101 52
80 104 72
80 106 125
80 107 35
80 108 97
80 111 23
80 115 93
80 120 25
80 121 52
80 t 119
81 9 38
81 10 38
81 12 102
81 14 66
81 15 126
81 19 36
81 23 75
81 25 34
81 26 74
81 34 119
81 36 14
81 41 50
81 46 126
81 49 58
81 50 11
81 52 17
81 53 44
81 56 128
81 57 19
81 59 107
81 60 10
81 66 13
81 67 48
81 72 42
81 73 58
81 77 6
81 80 109
81 86 111
81 89 102
81 90 18
81 91 44
81 97 117
81 99 51
81 104 32
81 106 11
81 107 39
81 109 73
81 110 82
81 111 97
81 112 10
81 113 79
81 114 36
81 116 117
81 118 61
81 119 4
81 120 127
82 2 19
82 4 54
82 7 116
82 12 25
82 16 15
82 19 105
82 22 118
82 25 43
82 29 24
82 32 76
82 34 84
82 35 59
82 37 94
82 39 21
82 43 33
82 47 108
82 48 20
82 49 17
82 50 81
82 52 126
82 57 52
82 58 75
82 61 71
82 63 51
82 64 82
82 66 65
82 72 68
82 76 59
82 78 8
82 83 91
82 84 10
82 88 54
82 89 88
82 91 121
82 93 96
82 98 94
82 99 102
82 101 83
82 102 86
82 104 80
82 105 68
82 107 54
82 111 27
82 116 8
82 119 50
82 121 11
83 7 67
83 8 106
83 9 112
83 12 20
83 13 93
83 15 87
83 17 13
83 21 70
83 22 79
83 24 26
83 27 27
83 30 84
83 32 109
83 34 126
83 35 5
83 41 59
83 44 28
83 46 104
83 47 23
83 49 74
83 50 97
83 51 51
83 55 117
83 57 30
83 61 65
83 62 8
83 63 51
83 64 102
83 68 53
83 71 76
83 72 123
83 73 61
83 76 127
83 77 24
83 82 91
83 86 123
83 88 61
83 90 126
83 97 78
83 99 88
83 102 30
83 103 128
83 105 36
83 107 42
83 108 6
83 110 75
83 114 37
83 115 74
83 118 57
83 119 5
83 121 94
83 t 81
84 2 120
84 3 110
84 4 108
84 5 87
84 8 72
84 10 113
84 12 9
84 15 91
84 18 50
84 20 39
84 21 93
84 22 43
84 25 97
84 26 111
84 30 62
84 31 120
84 32 7
84 33 33
84 35 20
84 36 122
84 38 65
84 40 92
84 43 56
84 49 115
84 55 2
84 57 3
84 59 88
84 62 108
84 65 4
84 72 119
84 74 82
84 78 56
84 82 10
84 85 12
84 86 76
84 87 119
84 89 5
84 93 17
84 96 95
84 99 7
84 100 80
84 102 101
84 103 6
84 105 121
84 108 53
84 109 111
84 114 107
84 115 24
84 116 2
84 117 72
84 121 55
85 1 46
85 4 115
85 7 64
85 8 61
85 9 72
85 11 67
85 12 128
85 14 114
85 17 65
85 21 31
85 22 44
85 23 60
85 24 75
85 26 81
85 32 9
85 34 109
85 37 38
85 38 112
85 40 106
85 41 101
85 42 122
85 43 30
85 48 29
85 50 13
85 54 108
85 59 111
85 60 77
85 65 40
85 66 78
85 68 13
85 70 43
85 71 49
85 73 68
85 75 67
85 76 24
85 84 12
85 93 45
85 98 59
85 102 93
85 103 34
85 104 69
85 105 39
85 106 101
85 108 102
85 111 19
85 114 28
85 116 84
85 118 76
85 120 30
85 t 52
86 1 105
86 2 107
86 3 89
86 4 66
86 5 99
86 6 116
86 7 5
86 10 33
86 11 100
86 12 33
86 13 44
86 18 26
86 21 103
86 23 109
86 25 93
86 26 24
86 27 123
86 31 7
86 37 84
86 38 107
86 41 42
86 47 53
86 48 9
86 50 79
86 58 3
86 64 101
86 66 107
86 69 26
86 72 15
86 73 112
86 74 81
86 76 5
86 78 83
86 81 111
86 83 123
86 84 76
86 90 4
86 91 22
86 93 113
86 95 43
86 97 69
86 98 44
86 99 87
86 103 111
86 104 38
86 107 96
86 109 47
86 113 95
86 115 100
86 121 77
86 t 82
87 1 46
87 8 31
87 18 100
87 19 123
87 21 127
87 22 70
87 24 12
87 25 68
87 26 69
87 29 60
87 32 41
87 35 21
87 36 14
87 38 49
87 42 107
87 44 39
87 45 27
87 47 25
87 52 66
87 53 37
87 62 66
87 64 7
87 66 109
87 67 40
87 69 102
87 70 123
87 75 25
87 78 118
87 79 94
87 80 96
87 84 119
87 89 6
87 92 105
87 96 25
87 98 64
87 99 118
87 102 73
87 104 93
87 105 123
87 107 107
87 108 23
87 113 28
87 114 66
88 11 120
88 13 31
88 15 11
88 16 8
88 20 90
88 21 61
88 23 93
88 27 121
88 34 44
88 35 3
88 37 15
88 38 51
88 40 46
88 41 97
88 42 88
88 43 66
88 44 77
88 49 31
88 50 85
88 52 98
88 53 30
88 54 128
88 57 78
88 58 19
88 60 120
88 61 68
88 64 89
88 65 59
88 66 47
88 70 117
88 79 77
88 82 54
88 83 61
88 90 30
88 93 25
88 95 95
88 96 81
88 98 115
88 99 49
88 100 93
88 104 112
88 105 98
88 108 73
88 114 76
88 115 71
88 117 54
88 119 43
88 120 111
88 t 55
89 1 116
89 2 88
89 3 31
89 7 59
89 8 7
89 14 126
89 16 61
89 26 117
89 29 12
89 32 90
89 34 57
89 38 24
89 40 113
89 41 88
89 42 28
89 45 47
89 51 102
89 52 18
89 55 74
89 57 63
89 60 53
89 63 95
89 64 56
89 65 40
89 75 15
89 76 11
89 81 102
89 82 88
89 84 5
89 87 6
89 91 49
89 94 46
89 97 35
89 99 54
89 103 39
89 104 40
89 105 113
89 107 86
89 108 5
89 109 123
89 111 77
89 112 28
89 113 99
89 115 85
89 119 88
89 120 51
89 t 106
90 1 2
90 2 95
90 3 98
90 4 125
90 11 34
90 13 98
90 15 75
90 17 23
90 20 87
90 24 126
90 27 56
90 28 125
90 29 115
90 30 19
90 33 49
90 34 23
90 35 67
90 46 51
90 49 79
90 55 64
90 57 123
90 59 57
90 61 44
90 62 40
90 63 123
90 68 28
90 69 76
90 70 60
90 71 94
90 74 102
90 75 50
90 76 54
90 77 127
90 81 18
90 83 126
90 86 4
90 88 30
90 92 14
90 96 44
90 99 72
90 100 23
90 103 106
90 105 75
90 111 123
90 113 114
90 114 125
90 115 91
90 119 10
90 120 112
91 1 19
91 2 114
91 4 34
91 6 53
91 9 4
91 10 33
91 14 56
91 16 4
91 17 90
91 18 14
91 24 36
91 27 94
91 30 85
91 32 47
91 33 85
91 36 63
91 38 110
91 41 81
91 43 123
91 44 24
91 45 77
91 47 43
91 49 84
91 53 64
91 66 103
91 69 116
91 70 16
91 73 43
91 77 11
91 80 103
91 81 44
91 82 121
91 86 22
91 89 49
91 92 45
91 95 8
91 100 30
91 106 10
91 107 56
91 108 58
91 110 52
91 111 94
91 112 73
91 113 14
91 116 84
91 120 23
92 1 12
92 3 73
92 4 52
92 5 63
92 7 32
92 9 81
92 12 47
92 14 89
92 16 66
92 18 115
92 19 85
92 20 114
92 21 109
92 23 31
92 24 45
92 25 91
92 28 62
92 29 46
92 30 102
92 32 75
92 33 9
92 34 4
92 35 16
92 36 103
92 37 115
92 39 64
92 40 90
92 42 7
92 44 66
92 50 107
92 51 16
92 57 43
92 58 65
92 59 27
92 62 60
92 63 101
92 67 83
92 71 98
92 74 113
92 75 69
92 87 105
92 90 14
92 91 45
92 93 81
92 94 78
92 99 111
92 100 11
92 102 98
92 103 53
92 104 84
92 107 62
92 109 17
92 113 2
92 115 33
92 118 122
92 119 34
93 2 22
93 3 24
93 4 64
93 6 121
93 7 90
93 12 26
93 17 38
93 20 50
93 22 55
93 29 50
93 34 21
93 37 9
93 40 120
93 44 38
93 45 89
93 51 112
93 54 46
93 56 84
93 57 94
93 59 86
93 61 105
93 66 87
93 68 29
93 70 63
93 72 57
93 73 55
93 74 115
93 78 69
93 82 96
93 84 17
93 85 45
93 86 113
93 88 25
93 92 81
93 95 75
93 96 72
93 97 4
93 98 4
93 99 127
93 103 97
93 105 119
93 106 88
93 109 120
93 111 84
93 113 46
93 115 63
93 116 35
93 119 61
93 t 123
94 1 49
94 3 91
94 8 79
94 9 24
94 10 41
94 13 68
94 15 57
94 19 5
94 20 80
94 22 100
94 24 9
94 25 6
94 27 63
94 29 38
94 31 123
94 39 41
94 40 118
94 41 118
94 42 76
94 43 64
94 50 87
94 59 80
94 60 14
94 61 120
94 67 67
94 68 69
94 71 27
94 72 128
94 77 26
94 78 91
94 89 46
94 92 78
94 97 10
94 101 14
94 104 3
94 111 122
94 112 59
94 113 12
94 114 104
94 115 44
94 116 94
94 117 71
94 118 127
94 119 38
94 121 119
94 t 38
95 3 77
95 8 62
95 11 122
95 12 102
95 13 124
95 14 3
95 16 9
95 18 127
95 23 59
95 26 62
95 29 44
95 32 79
95 35 69
95 36 105
95 37 48
95 39 3
95 41 61
95 42 27
95 44 71
95 45 62
95 46 33
95 48 61
95 50 73
95 51 79
95 52 60
95 53 45
95 54 76
95 55 82
95 56 66
95 58 27
95 64 58
95 65 126
95 67 118
95 73 123
95 75 42
95 76 48
95 77 97
95 78 77
95 79 91
95 86 43
95 88 95
95 91 8
95 93 75
95 98 62
95 100 73
95 101 57
95 102 12
95 103 16
95 104 123
95 108 9
95 111 84
95 118 80
96 2 81
96 3 3
96 5 113
96 10 12
96 15 109
96 16 52
96 19 46
96 28 57
96 31 43
96 35 52
96 36 123
96 41 126
96 42 55
96 50 14
96 54 56
96 55 22
96 57 98
96 59 27
96 65 20
96 66 80
96 71 42
96 76 50
96 77 56
96 78 116
96 84 95
96 87 25
96 88 81
96 90 44
96 93 72
96 99 2
96 103 88
96 104 123
96 105 114
96 108 103
96 109 26
96 112 65
96 114 90
96 115 111
96 116 89
96 117 50
96 119 118
96 120 96
96 121 83
97 2 72
97 3 50
97 6 75
97 7 57
97 8 92
97 13 83
97 15 10
97 21 90
97 22 96
97 24 48
97 25 126
97 27 72
97 28 57
97 31 75
97 33 51
97 34 89
97 40 106
97 48 104
97 49 59
97 60 10
97 61 86
97 63 3
97 65 113
97 69 97
97 70 109
97 72 65
97 73 118
97 75 92
97 76 64
97 77 42
97 79 107
97 80 108
97 81 117
97 83 78
97 86 69
97 89 35
97 93 4
97 94 10
97 99 74
97 101 57
97 106 24
97 109 121
97 110 34
97 112 44
97 115 5
97 116 72
97 117 57
97 119 41
97 120 13
97 121 77
97 t 89
98 1 80
98 5 92
98 10 94
98 13 100
98 16 12
98 20 101
98 22 61
98 25 110
98 28 57
98 30 44
98 31 58
98 32 96
98 35 37
98 36 51
98 38 83
98 40 48
98 49 47
98 50 95
98 52 48
98 56 122
98 57 32
98 61 83
98 64 71
98 67 58
98 69 111
98 72 52
98 73 102
98 74 84
98 76 11
98 82 94
98 85 59
98 86 44
98 87 64
98 88 115
98 93 4
98 95 62
98 99 64
98 100 89
98 101 81
98 102 37
98 104 35
98 106 10
98 107 13
98 109 98
98 110 41
98 112 103
98 113 42
98 114 45
98 115 32
98 116 110
98 118 97
99 9 25
99 16 72
99 17 40
99 18 98
99 19 105
99 20 41
99 27 23
99 28 23
99 29 38
99 31 53
99 32 69
99 33 109
99 34 58
99 38 105
99 40 29
99 41 60
99 42 86
99 44 92
99 46 30
99 50 75
99 54 63
99 55 22
99 56 92
99 58 100
99 60 71
99 61 48
99 62 123
99 64 58
99 65 7
99 66 60
99 72 55
99 73 99
99 80 15
99 81 51
99 82 102
99 83 88
99 84 7
99 86 87
99 87 118
99 88 49
99 89 54
99 90 72
99 92 111
99 93 127
99 96 2
99 97 74
99 98 64
99 101 85
99 104 10
99 105 65
99 106 3
99 107 35
99 109 49
99 112 92
99 114 53
99 115 103
99 117 6
99 118 13
99 120 126
99 121 117
99 t 99
100 5 38
100 6 100
100 8 109
100 15 98
100 17 87
100 18 67
100 20 26
100 24 31
100 26 38
100 27 92
100 29 97
100 30 68
100 31 106
100 34 120
100 36 102
100 37 7
100 40 43
100 43 92
100 48 67
100 49 109
100 51 35
100 53 111
100 55 14
100 56 87
100 58 102
100 61 78
100 63 95
100 67 12
100 68 55
100 69 110
100 72 117
100 76 31
100 80 33
100 84 80
100 88 93
100 90 23
100 91 30
100 92 11
100 95 73
100 98 89
100 102 109
100 105 35
100 107 83
100 108 122
100 114 121
100 117 106
100 t 117
101 1 84
101 10 122
101 11 66
101 16 72
101 17 88
101 19 94
101 24 120
101 25 52
101 27 124
101 28 34
101 29 62
101 30 112
101 31 85
101 35 45
101 37 19
101 40 93
101 42 39
101 44 91
101 47 71
101 49 68
101 53 66
101 59 119
101 61 54
101 62 124
101 63 106
101 66 4
101 67 120
101 68 99
101 72 57
101 74 5
101 75 69
101 77 46
101 78 50
101 80 52
101 82 83
101 94 14
101 95 57
101 97 57
101 98 81
101 99 85
101 104 112
101 109 64
101 111 37
101 113 91
101 115 124
101 119 121
101 t 12
102 1 49
102 2 36
102 3 12
102 4 71
102 8 48
102 9 19
102 11 114
102 12 4
102 13 70
102 14 128
102 15 27
102 20 17
102 22 103
102 23 61
102 28 68
102 30 22
102 34 116
102 36 27
102 37 124
102 40 39
102 41 75
102 43 59
102 45 65
102 47 54
102 49 89
102 52 112
102 60 44
102 65 7
102 66 67
102 73 107
102 74 115
102 79 104
102 82 86
102 83 30
102 84 101
102 85 93
102 87 73
102 92 98
102 95 12
102 98 37
102 100 109
102 103 62
102 105 31
102 106 127
102 108 3
102 109 31
102 112 63
102 113 86
102 114 53
102 116 72
102 121 61
102 t 91
103 4 121
103 8 123
103 12 39
103 13 8
103 17 119
103 20 68
103 23 64
103 24 38
103 26 77
103 28 12
103 31 24
103 33 18
103 34 88
103 37 59
103 38 51
103 52 33
103 54 52
103 55 8
103 58 98
103 60 47
103 62 46
103 69 9
103 76 76
103 78 10
103 79 123
103 83 128
103 84 6
103 85 34
103 86 111
103 89 39
103 90 106
103 92 53
103 93 97
103 95 16
103 96 88
103 102 62
103 104 114
103 110 106
103 111 72
103 113 33
104 1 110
104 3 62
104 5 110
104 11 88
104 14 21
104 19 70
104 20 66
104 23 112
104 24 43
104 25 114
104 26 25
104 29 117
104 30 78
104 31 80
104 40 40
104 41 42
104 43 99
104 44 97
104 45 25
104 48 96
104 49 20
104 63 100
104 64 36
104 67 117
104 68 21
104 71 20
104 73 62
104 75 3
104 77 27
104 78 115
104 80 72
104 81 32
104 82 80
104 85 69
104 86 38
104 87 93
104 88 112
104 89 40
104 92 84
104 94 3
104 95 123
104 96 123
104 98 35
104 99 10
104 101 112
104 103 114
104 107 100
104 108 57
104 109 12
104 110 72
104 112 49
104 114 42
104 115 119
104 117 67
105 4 58
105 6 120
105 11 47
105 12 34
105 13 89
105 14 42
105 16 56
105 17 69
105 18 93
105 23 16
105 24 128
105 27 28
105 29 58
105 33 31
105 37 78
105 38 58
105 44 44
105 47 118
105 48 109
105 50 9
105 51 41
105 52 127
105 53 95
105 54 75
105 55 62
105 56 116
105 58 21
105 59 119
105 61 105
105 62 44
105 65 6
105 67 112
105 68 75
105 70 3
105 74 107
105 82 68
105 83 36
105 84 121
105 85 39
105 87 123
105 88 98
105 89 113
105 90 75
105 93 119
105 96 114
105 99 65
105 100 35
105 102 31
105 106 9
105 108 103
105 111 111
105 114 88
105 115 125
105 119 60
105 121 45
105 t 99
106 1 116
106 3 51
106 4 21
106 10 53
106 11 10
106 14 97
106 15 98
106 16 68
106 19 117
106 21 100
106 25 67
106 33 89
106 34 49
106 41 64
106 42 25
106 46 95
106 47 62
106 48 109
106 49 10
106 50 71
106 51 117
106 53 99
106 55 26
106 57 76
106 58 16
106 59 108
106 61 65
106 62 74
106 64 40
106 65 13
106 66 38
106 71 16
106 76 15
106 77 56
106 78 82
106 80 125
106 81 11
106 85 101
106 91 10
106 93 88
106 97 24
106 98 10
106 99 3
106 102 127
106 105 9
106 108 92
106 110 45
106 113 8
106 115 98
106 116 122
107 3 99
107 4 48
107 5 123
107 11 77
107 12 21
107 13 108
107 17 36
107 18 119
107 27 8
107 31 113
107 33 102
107 35 38
107 37 31
107 38 48
107 39 89
107 41 77
107 42 121
107 44 59
107 45 120
107 46 90
107 49 79
107 50 61
107 51 98
107 55 104
107 56 54
107 57 18
107 62 72
107 67 37
107 68 72
107 69 27
107 70 114
107 71 60
107 72 49
107 73 128
107 75 50
107 76 13
107 78 29
107 80 35
107 81 39
107 82 54
107 83 42
107 86 96
107 87 107
107 89 86
107 91 56
107 92 62
107 98 13
107 99 35
107 100 83
107 104 100
107 111 30
107 114 34
107 118 12
107 121 11
107 t 59
108 3 42
108 4 5
108 6 111
108 7 74
108 8 56
108 10 19
108 12 27
108 13 110
108 18 95
108 19 33
108 21 92
108 22 40
108 25 21
108 26 69
108 29 78
108 30 113
108 33 124
108 37 61
108 39 59
108 41 39
108 42 15
108 50 70
108 52 92
108 55 91
108 56 110
108 57 8
108 59 9
108 66 75
108 67 57
108 69 54
108 71 126
108 72 25
108 76 100
108 77 98
108 80 97
108 83 6
108 84 53
108 85 102
108 87 23
108 88 73
108 89 5
108 91 58
108 95 9
108 96 103
108 100 122
108 102 3
108 104 57
108 105 103
108 106 92
108 109 127
108 110 66
108 112 39
108 121 110
109 3 103
109 4 33
109 8 99
109 11 4
109 16 88
109 18 82
109 23 30
109 25 96
109 26 105
109 28 87
109 32 116
109 34 57
109 38 70
109 41 85
109 43 67
109 45 84
109 48 20
109 50 29
109 51 128
109 53 32
109 54 80
109 56 58
109 57 77
109 60 64
109 62 104
109 63 92
109 64 82
109 65 3
109 66 82
109 71 16
109 72 109
109 73 98
109 78 81
109 81 73
109 84 111
109 86 47
109 89 123
109 92 17
109 93 120
109 96 26
109 97 121
109 98 98
109 99 49
109 101 64
109 102 31
109 104 12
109 108 127
109 114 72
109 117 127
109 118 14
109 120 17
109 121 64
109 t 105
110 2 36
110 3 29
110 4 88
110 6 96
110 7 13
110 9 43
110 11 77
110 12 64
110 13 104
110 14 77
110 19 102
110 21 67
110 23 91
110 29 121
110 31 24
110 36 11
110 38 66
110 44 128
110 47 11
110 53 121
110 54 18
110 55 26
110 56 104
110 57 85
110 59 63
110 60 18
110 61 69
110 72 20
110 76 29
110 79 85
110 81 82
110 83 75
110 91 52
110 97 34
110 98 41
110 103 106
110 104 72
110 106 45
110 108 66
110 111 53
110 114 73
110 115 65
110 116 93
110 120 57
110 121 121
111 2 67
111 8 119
111 11 88
111 12 47
111 13 50
111 16 38
111 23 73
111 28 64
111 29 16
111 35 26
111 37 128
111 39 120
111 40 41
111 41 40
111 42 118
111 44 41
111 46 111
111 48 102
111 49 64
111 50 59
111 51 36
111 52 72
111 56 88
111 58 10
111 60 56
111 63 90
111 64 61
111 69 117
111 71 49
111 72 87
111 73 90
111 74 23
111 77 50
111 80 23
111 81 97
111 82 27
111 85 19
111 89 77
111 90 123
111 91 94
111 93 84
111 94 122
111 95 84
111 101 37
111 103 72
111 105 111
111 107 30
111 110 53
111 112 102
111 113 48
111 114 119
111 115 80
111 116 96
111 118 100
112 6 10
112 9 37
112 11 23
112 12 65
112 14 103
112 18 118
112 19 7
112 23 127
112 25 32
112 26 105
112 27 94
112 28 56
112 35 31
112 36 32
112 38 53
112 44 76
112 46 13
112 49 114
112 50 62
112 52 78
112 54 17
112 57 97
112 58 124
112 61 110
112 67 4
112 69 28
112 71 120
112 72 70
112 73 44
112 74 92
112 76 44
112 78 127
112 79 55
112 81 10
112 89 28
112 91 73
112 94 59
112 96 65
112 97 44
112 98 103
112 99 92
112 102 63
112 104 49
112 108 39
112 111 102
112 113 25
112 115 95
112 116 52
112 117 113
113 1 16
113 2 90
113 6 5
113 9 119
113 10 119
113 12 74
113 13 16
113 15 86
113 16 125
113 20 45
113 24 81
113 26 80
113 31 73
113 36 47
113 38 15
113 40 80
113 41 105
113 45 94
113 46 127
113 53 119
113 58 8
113 60 47
113 66 49
113 68 42
113 69 97
113 72 107
113 73 55
113 78 11
113 79 55
113 81 79
113 86 95
113 87 28
113 89 99
113 90 114
113 91 14
113 92 2
113 93 46
113 94 12
113 98 42
113 101 91
113 102 86
113 103 33
113 106 8
113 111 48
113 112 25
113 117 11
113 118 95
113 t 46
114 3 29
114 4 10
114 7 104
114 9 122
114 11 100
114 13 99
114 15 33
114 17 38
114 19 13
114 20 56
114 23 23
114 26 36
114 29 104
114 30 115
114 32 95
114 33 4
114 42 38
114 45 21
114 47 83
114 49 31
114 51 57
114 52 2
114 53 123
114 56 99
114 58 95
114 61 13
114 63 89
114 64 3
114 65 55
114 68 3
114 70 29
114 72 36
114 74 54
114 77 32
114 81 36
114 83 37
114 84 107
114 85 28
114 87 66
114 88 76
114 90 125
114 94 104
114 96 90
114 98 45
114 99 53
114 100 121
114 102 53
114 104 42
114 105 88
114 107 34
114 109 72
114 110 73
114 111 119
114 118 59
114 120 53
114 121 2
114 t 28
115 4 109
115 7 122
115 15 108
115 16 103
115 21 50
115 22 50
115 23 97
115 27 90
115 30 92
115 31 18
115 33 99
115 34 110
115 36 43
115 44 23
115 48 43
115 50 65
115 56 27
115 57 3
115 58 104
115 59 19
115 61 102
115 69 73
115 72 72
115 73 11
115 76 41
115 80 93
115 83 74
115 84 24
115 86 100
115 88 71
115 89 85
115 90 91
115 92 33
115 93 63
115 94 44
115 96 111
115 97 5
115 98 32
115 99 103
115 101 124
115 104 119
115 105 125
115 106 98
115 110 65
115 111 80
115 112 95
115 117 85
115 120 11
115 121 121
116 2 67
116 3 79
116 5 119
116 9 50
116 12 113
116 17 96
116 18 128
116 19 54
116 20 84
116 22 62
116 27 81
116 28 83
116 29 123
116 30 38
116 31 76
116 37 29
116 39 47
116 40 111
116 41 15
116 42 107
116 43 79
116 44 88
116 53 80
116 54 54
116 56 116
116 57 27
116 58 127
116 59 95
116 60 82
116 65 81
116 70 65
116 78 119
116 79 3
116 81 117
116 82 8
116 84 2
116 85 84
116 91 84
116 93 35
116 94 94
116 96 89
116 97 72
116 98 110
116 102 72
116 106 122
116 110 93
116 111 96
116 112 52
117 2 49
117 4 23
117 5 101
117 9 107
117 14 35
117 15 128
117 16 111
117 17 44
117 18 106
117 20 10
117 21 58
117 27 74
117 29 5
117 33 19
117 34 32
117 40 55
117 41 42
117 42 22
117 43 116
117 44 53
117 49 39
117 58 80
117 59 15
117 61 94
117 63 46
117 66 31
117 72 88
117 73 21
117 75 39
117 76 88
117 79 22
117 84 72
117 88 54
117 94 71
117 96 50
117 97 57
117 99 6
117 100 106
117 104 67
117 109 127
117 112 113
117 113 11
117 115 85
117 120 120
118 6 76
118 8 121
118 11 101
118 14 14
118 17 110
118 19 71
118 20 114
118 26 115
118 28 124
118 30 118
118 31 82
118 32 29
118 36 38
118 42 44
118 43 88
118 44 78
118 45 44
118 53 9
118 57 67
118 59 52
118 60 124
118 61 93
118 62 63
118 63 72
118 67 96
118 72 88
118 73 53
118 75 119
118 77 8
118 79 57
118 81 61
118 83 57
118 85 76
118 92 122
118 94 127
118 95 80
118 98 97
118 99 13
118 107 12
118 109 14
118 111 100
118 113 95
118 114 59
118 119 70
118 120 75
119 1 80
119 3 128
119 4 38
119 7 65
119 8 50
119 12 44
119 15 28
119 16 82
119 18 55
119 21 112
119 22 125
119 23 112
119 26 24
119 27 73
119 29 116
119 32 89
119 33 47
119 36 4
119 37 55
119 39 16
119 42 31
119 45 52
119 48 112
119 49 55
119 50 6
119 51 15
119 54 125
119 55 83
119 57 100
119 59 128
119 62 121
119 63 31
119 66 73
119 71 42
119 72 15
119 76 32
119 78 15
119 81 4
119 82 50
119 83 5
119 88 43
119 89 88
119 90 10
119 92 34
119 93 61
119 94 38
119 96 118
119 97 41
119 101 121
119 105 60
119 118 70
119 121 38
120 2 113
120 5 56
120 8 23
120 11 89
120 12 61
120 13 99
120 16 127
120 20 3
120 22 64
120 26 10
120 28 99
120 29 82
120 34 66
120 38 53
120 40 47
120 44 5
120 45 78
120 46 71
120 47 106
120 52 11
120 54 67
120 57 83
120 58 10
120 59 7
120 61 6
120 62 124
120 63 81
120 64 100
120 65 24
120 67 35
120 69 44
120 75 6
120 80 25
120 81 127
120 85 30
120 88 111
120 89 51
120 90 112
120 91 23
120 96 96
120 97 13
120 99 126
120 109 17
120 110 57
120 114 53
120 115 11
120 117 120
120 118 75
120 t 77
121 1 62
121 9 99
121 13 97
121 18 54
121 24 114
121 25 39
121 26 96
121 37 24
121 42 100
121 44 63
121 46 88
121 48 24
121 49 44
121 50 102
121 51 24
121 52 16
121 53 108
121 54 31
121 57 88
121 59 60
121 60 30
121 64 79
121 66 88
121 70 72
121 71 117
121 75 103
121 76 108
121 77 71
121 78 28
121 79 109
121 80 52
121 82 11
121 83 94
121 84 55
121 86 77
121 94 119
121 96 83
121 97 77
121 99 117
121 102 61
121 105 45
121 107 11
121 108 110
121 109 64
121 110 121
121 114 2
121 115 121
121 119 38
