s 4 73
s 5 27
s 7 92
s 9 93
s 10 84
s 12 24
s 21 89
s 24 82
s 28 37
s 29 82
s 30 30
s 31 29
s 37 24
s 39 32
s 49 24
s 51 35
s 55 76
s 57 39
s 58 32
s 60 70
s 62 44
s 63 13
s 66 49
s 68 7
s 72 67
s 80 76
s 85 35
s 95 77
s 97 69
s 98 68
s 102 83
s 106 2
s 110 35
s 115 12
s 119 35
s t 66
1 3 12
1 9 46
1 12 2
1 15 33
1 16 34
1 18 88
1 27 90
1 29 62
1 33 23
1 42 47
1 49 94
1 50 49
1 51 62
1 54 69
1 56 67
1 59 95
1 62 82
1 68 20
1 79 91
1 81 95
1 85 80
1 89 54
1 90 76
1 91 69
1 92 3
1 94 76
1 95 91
1 100 47
1 104 38
1 105 56
1 107 6
1 110 14
1 111 81
1 114 35
1 116 45
1 118 37
1 t 62
2 4 48
2 7 56
2 15 54
2 16 25
2 18 53
2 19 2
2 38 16
2 43 83
2 45 68
2 50 64
2 51 10
2 53 51
2 54 62
2 55 20
2 56 86
2 57 6
2 60 74
2 63 10
2 69 4
2 77 7
2 79 35
2 80 59
2 82 87
2 83 55
2 85 70
2 90 80
2 91 70
2 102 58
2 106 69
2 107 87
2 109 45
2 112 58
2 113 77
2 115 50
2 116 76
2 119 14
3 1 12
3 7 30
3 8 12
3 12 72
3 14 35
3 15 15
3 16 21
3 25 14
3 29 14
3 34 50
3 37 21
3 38 33
3 39 41
3 41 60
3 42 39
3 43 41
3 44 34
3 45 75
3 52 79
3 56 75
3 57 42
3 58 19
3 60 9
3 63 73
3 68 80
3 70 55
3 72 55
3 77 72
3 78 7
3 80 79
3 82 4
3 83 74
3 84 38
3 85 16
3 87 75
3 88 14
3 91 35
3 99 41
3 101 11
3 104 72
3 115 54
3 117 81
3 119 77
3 120 88
4 2 48
4 7 40
4 13 24
4 18 56
4 19 22
4 20 82
4 22 31
4 23 13
4 24 55
4 26 7
4 33 57
4 38 65
4 40 20
4 45 92
4 46 7
4 51 67
4 52 54
4 55 2
4 56 2
4 57 8
4 58 66
4 59 25
4 62 88
4 63 44
4 64 77
4 65 31
4 66 67
4 67 23
4 73 95
4 74 45
4 76 4
4 80 31
4 81 49
4 85 86
4 88 49
4 90 38
4 93 46
4 96 17
4 97 18
4 99 79
4 102 42
4 104 68
4 106 83
4 111 12
4 113 16
4 115 16
4 116 23
4 117 42
4 t 77
5 6 31
5 11 2
5 12 31
5 13 10
5 14 33
5 16 90
5 20 53
5 23 20
5 31 36
5 32 39
5 34 72
5 37 64
5 41 12
5 42 43
5 45 44
5 47 52
5 48 8
5 54 12
5 55 92
5 59 57
5 66 5
5 67 49
5 68 36
5 70 70
5 71 42
5 76 25
5 77 95
5 78 11
5 79 45
5 83 5
5 101 7
5 102 55
5 103 50
5 107 32
5 108 82
5 115 41
5 118 8
5 119 76
5 t 63
6 5 31
6 8 25
6 11 27
6 14 19
6 15 40
6 18 27
6 20 52
6 22 9
6 27 11
6 29 21
6 30 54
6 31 58
6 36 65
6 41 83
6 42 77
6 44 64
6 50 24
6 58 60
6 59 10
6 61 77
6 65 69
6 66 63
6 73 66
6 76 6
6 77 23
6 78 76
6 80 21
6 86 69
6 89 70
6 91 11
6 92 60
6 93 29
6 95 63
6 101 65
6 102 42
6 106 94
6 112 60
6 113 29
6 114 80
6 115 47
6 120 52
7 2 56
7 3 30
7 4 40
7 13 19
7 16 2
7 17 38
7 26 15
7 28 65
7 36 83
7 37 35
7 38 68
7 39 3
7 41 93
7 44 19
7 46 48
7 47 54
7 49 64
7 51 52
7 52 3
7 53 15
7 57 35
7 58 39
7 59 77
7 62 32
7 63 26
7 72 4
7 75 16
7 81 35
7 87 84
7 90 59
7 93 12
7 94 22
7 101 55
7 103 88
7 106 84
7 107 31
7 108 57
7 109 26
7 114 61
8 3 12
8 6 25
8 12 62
8 14 78
8 16 84
8 18 83
8 22 51
8 24 55
8 26 89
8 27 49
8 28 89
8 32 17
8 34 56
8 36 22
8 38 26
8 40 75
8 41 31
8 43 69
8 47 42
8 48 58
8 54 81
8 55 68
8 59 68
8 61 37
8 63 62
8 65 94
8 67 78
8 68 29
8 69 50
8 70 17
8 72 32
8 74 49
8 75 51
8 78 61
8 81 46
8 83 23
8 86 91
8 87 43
8 95 9
8 97 31
8 98 34
8 99 80
8 100 12
8 101 65
8 103 43
8 114 59
8 115 37
8 120 42
9 1 46
9 11 45
9 12 85
9 13 54
9 14 17
9 15 71
9 17 42
9 21 68
9 23 50
9 26 83
9 29 19
9 30 11
9 35 34
9 40 20
9 42 37
9 43 12
9 44 68
9 45 78
9 51 49
9 53 21
9 65 33
9 69 74
9 75 23
9 84 87
9 95 26
9 100 31
9 101 35
9 105 15
9 110 22
9 111 63
9 114 43
10 11 66
10 14 5
10 17 47
10 18 85
10 19 16
10 22 80
10 28 68
10 30 43
10 32 44
10 35 56
10 36 52
10 40 52
10 41 81
10 43 59
10 51 45
10 52 31
10 53 59
10 57 42
10 62 42
10 63 21
10 72 15
10 77 91
10 79 93
10 81 93
10 83 86
10 84 28
10 85 57
10 93 2
10 94 73
10 95 67
10 98 65
10 115 70
10 116 10
10 117 49
11 5 2
11 6 27
11 9 45
11 10 66
11 16 44
11 18 12
11 19 46
11 24 68
11 25 95
11 26 43
11 28 10
11 41 9
11 42 4
11 44 77
11 47 38
11 54 91
11 59 57
11 65 5
11 68 53
11 69 60
11 71 14
11 73 85
11 74 7
11 75 13
11 86 7
11 88 18
11 89 34
11 90 87
11 92 90
11 94 71
11 96 48
11 97 64
11 98 38
11 101 34
11 107 11
11 111 27
11 113 94
12 1 2
12 3 72
12 5 31
12 8 62
12 9 85
12 14 70
12 22 57
12 31 29
12 38 5
12 39 5
12 42 43
12 45 12
12 46 77
12 47 63
12 55 85
12 57 77
12 59 59
12 61 81
12 63 18
12 65 57
12 66 71
12 76 30
12 78 23
12 83 72
12 84 93
12 90 65
12 95 38
12 98 63
12 99 94
12 108 27
12 111 2
12 113 60
12 114 17
12 116 44
12 118 81
12 t 84
13 4 24
13 5 10
13 7 19
13 9 54
13 14 25
13 16 81
13 17 62
13 19 55
13 23 86
13 27 35
13 28 67
13 29 13
13 31 34
13 33 6
13 36 32
13 38 94
13 39 78
13 45 64
13 48 56
13 49 66
13 52 17
13 59 42
13 61 21
13 63 53
13 65 94
13 71 61
13 79 88
13 81 30
13 82 80
13 87 56
13 88 7
13 96 5
13 97 64
13 101 27
13 102 5
13 110 57
13 113 92
13 117 57
13 120 80
13 t 49
14 3 35
14 5 33
14 6 19
14 8 78
14 9 17
14 10 5
14 12 70
14 13 25
14 16 7
14 22 51
14 25 85
14 27 45
14 30 74
14 31 75
14 34 41
14 37 33
14 47 60
14 48 93
14 52 40
14 53 31
14 55 70
14 57 75
14 59 71
14 61 10
14 63 55
14 65 88
14 72 24
14 73 91
14 81 19
14 86 6
14 95 77
14 96 52
14 101 82
14 102 9
14 103 70
14 110 2
14 117 40
14 118 90
14 120 65
15 1 33
15 2 54
15 3 15
15 6 40
15 9 71
15 19 75
15 20 36
15 23 77
15 25 41
15 26 57
15 32 63
15 34 13
15 35 35
15 41 45
15 42 69
15 44 4
15 47 2
15 53 39
15 54 83
15 58 15
15 61 88
15 64 81
15 74 41
15 75 69
15 76 36
15 77 24
15 78 82
15 79 24
15 84 56
15 87 8
15 88 94
15 96 29
15 98 16
15 100 91
15 103 40
15 105 80
15 107 52
15 109 93
15 112 13
15 117 73
16 1 34
16 2 25
16 3 21
16 5 90
16 7 2
16 8 84
16 11 44
16 13 81
16 14 7
16 19 76
16 23 32
16 25 89
16 30 68
16 39 21
16 40 21
16 41 37
16 45 88
16 51 20
16 52 63
16 54 43
16 56 91
16 58 89
16 61 38
16 63 30
16 65 86
16 68 9
16 72 23
16 78 67
16 79 88
16 82 89
16 83 84
16 86 29
16 87 9
16 91 88
16 95 93
16 105 82
16 115 4
16 116 6
16 117 17
16 118 53
16 119 33
16 t 22
17 7 38
17 9 42
17 10 47
17 13 62
17 19 29
17 22 49
17 28 83
17 35 84
17 36 22
17 46 61
17 47 33
17 64 12
17 66 25
17 69 78
17 75 29
17 81 93
17 82 61
17 86 76
17 89 76
17 90 45
17 104 2
17 106 31
17 109 52
17 116 23
17 120 56
18 1 88
18 2 53
18 4 56
18 6 27
18 8 83
18 10 85
18 11 12
18 21 53
18 22 43
18 25 17
18 29 11
18 31 9
18 34 83
18 35 91
18 36 3
18 43 35
18 47 3
18 50 22
18 51 52
18 58 72
18 61 46
18 62 95
18 63 27
18 64 15
18 68 53
18 74 95
18 77 82
18 79 7
18 80 36
18 86 42
18 91 25
18 97 5
18 100 28
18 103 43
18 104 59
18 105 12
18 112 78
18 120 64
19 2 2
19 4 22
19 10 16
19 11 46
19 13 55
19 15 75
19 16 76
19 17 29
19 20 46
19 22 4
19 24 70
19 26 68
19 27 20
19 28 88
19 32 35
19 34 14
19 40 53
19 44 53
19 47 16
19 51 54
19 55 32
19 56 68
19 60 47
19 72 40
19 75 90
19 76 41
19 79 17
19 87 24
19 88 18
19 89 13
19 92 53
19 93 12
19 96 43
19 108 94
19 110 14
19 120 42
20 4 82
20 5 53
20 6 52
20 15 36
20 19 46
20 25 62
20 31 89
20 33 21
20 35 83
20 36 53
20 39 25
20 42 85
20 45 76
20 49 83
20 60 49
20 62 32
20 70 73
20 75 66
20 76 53
20 78 77
20 82 5
20 83 70
20 86 76
20 89 66
20 94 65
20 96 11
20 97 55
20 119 87
21 9 68
21 18 53
21 22 71
21 27 88
21 36 85
21 39 42
21 42 43
21 48 31
21 54 70
21 56 75
21 58 35
21 61 31
21 62 21
21 63 25
21 75 53
21 79 72
21 82 69
21 83 62
21 85 38
21 92 23
21 94 91
21 96 80
21 101 13
21 103 31
21 104 16
21 105 93
21 108 92
21 109 9
21 111 63
21 112 17
21 113 80
21 115 22
22 4 31
22 6 9
22 8 51
22 10 80
22 12 57
22 14 51
22 17 49
22 18 43
22 19 4
22 21 71
22 23 68
22 26 31
22 28 6
22 29 15
22 32 8
22 33 93
22 34 41
22 37 80
22 38 72
22 43 86
22 45 25
22 51 42
22 61 71
22 63 7
22 65 57
22 72 71
22 75 95
22 77 36
22 78 15
22 82 51
22 87 52
22 94 24
22 97 50
22 98 64
22 110 65
22 t 47
23 4 13
23 5 20
23 9 50
23 13 86
23 15 77
23 16 32
23 22 68
23 29 12
23 31 12
23 33 70
23 35 55
23 41 52
23 42 49
23 51 23
23 54 27
23 61 62
23 64 33
23 73 66
23 75 64
23 77 13
23 78 71
23 79 73
23 80 49
23 84 93
23 86 10
23 87 61
23 93 70
23 94 16
23 98 33
23 100 50
23 108 34
23 110 40
23 112 40
23 119 76
24 4 55
24 8 55
24 11 68
24 19 70
24 25 65
24 27 13
24 28 50
24 30 21
24 31 5
24 32 48
24 38 18
24 40 34
24 44 5
24 46 37
24 47 56
24 51 94
24 55 25
24 56 44
24 59 70
24 61 83
24 64 94
24 66 66
24 68 87
24 69 2
24 71 90
24 73 67
24 77 29
24 79 58
24 80 95
24 81 60
24 88 31
24 93 10
24 103 41
24 106 91
24 108 40
24 109 13
24 114 71
24 116 42
24 117 24
24 118 45
24 120 61
25 3 14
25 11 95
25 14 85
25 15 41
25 16 89
25 18 17
25 20 62
25 24 65
25 30 52
25 33 2
25 35 35
25 37 71
25 39 64
25 42 6
25 43 74
25 44 58
25 50 13
25 52 84
25 54 47
25 57 80
25 59 55
25 61 17
25 62 19
25 63 44
25 67 11
25 68 55
25 70 65
25 73 46
25 74 78
25 82 86
25 87 67
25 90 84
25 92 54
25 97 72
25 98 90
25 102 92
25 113 70
25 116 17
26 4 7
26 7 15
26 8 89
26 9 83
26 11 43
26 15 57
26 19 68
26 22 31
26 27 60
26 29 49
26 35 52
26 46 75
26 47 47
26 52 75
26 55 49
26 58 88
26 62 27
26 63 62
26 68 56
26 69 15
26 70 42
26 76 20
26 78 93
26 80 33
26 81 94
26 89 32
26 90 56
26 92 2
26 102 53
26 104 49
26 106 45
26 107 51
26 108 22
26 109 81
26 117 59
26 119 21
26 120 42
27 1 90
27 6 11
27 8 49
27 13 35
27 14 45
27 19 20
27 21 88
27 24 13
27 26 60
27 39 84
27 40 76
27 47 57
27 52 31
27 53 7
27 55 63
27 56 42
27 61 12
27 63 35
27 70 8
27 78 74
27 81 61
27 84 45
27 85 33
27 89 75
27 93 58
27 97 55
27 98 9
27 99 39
27 101 2
27 102 67
27 104 36
27 111 8
27 113 53
27 114 34
27 116 95
28 7 65
28 8 89
28 10 68
28 11 10
28 13 67
28 17 83
28 19 88
28 22 6
28 24 50
28 31 31
28 32 15
28 33 67
28 34 34
28 35 70
28 37 90
28 38 16
28 41 81
28 47 75
28 53 13
28 54 44
28 58 50
28 60 10
28 62 25
28 67 16
28 68 73
28 71 61
28 73 17
28 74 70
28 77 15
28 82 94
28 88 82
28 98 39
28 99 66
28 100 26
28 105 25
28 109 33
28 112 80
28 114 30
28 118 56
28 119 12
29 1 62
29 3 14
29 6 21
29 9 19
29 13 13
29 18 11
29 22 15
29 23 12
29 26 49
29 32 8
29 33 85
29 37 50
29 39 39
29 41 55
29 42 68
29 44 12
29 46 85
29 47 41
29 48 9
29 51 44
29 61 13
29 69 52
29 72 4
29 73 49
29 79 42
29 83 63
29 85 76
29 97 19
29 99 43
29 101 36
29 102 94
29 105 43
29 111 28
29 112 76
29 114 60
29 t 95
30 6 54
30 9 11
30 10 43
30 14 74
30 16 68
30 24 21
30 25 52
30 31 4
30 32 8
30 33 29
30 35 87
30 37 60
30 38 87
30 44 50
30 46 72
30 50 72
30 56 12
30 61 70
30 63 56
30 74 47
30 75 92
30 78 54
30 79 89
30 81 8
30 83 87
30 84 47
30 86 36
30 92 59
30 93 14
30 94 13
30 102 4
30 106 64
30 108 51
30 110 38
30 111 79
30 117 35
30 t 22
31 5 36
31 6 58
31 12 29
31 13 34
31 14 75
31 18 9
31 20 89
31 23 12
31 24 5
31 28 31
31 30 4
31 33 26
31 34 92
31 36 25
31 43 8
31 53 5
31 54 54
31 55 86
31 57 39
31 59 65
31 64 16
31 76 18
31 78 15
31 79 64
31 84 3
31 90 67
31 91 37
31 96 88
31 100 18
31 110 24
31 112 53
31 113 64
31 114 81
31 t 83
32 5 39
32 8 17
32 10 44
32 15 63
32 19 35
32 22 8
32 24 48
32 28 15
32 29 8
32 30 8
32 40 64
32 45 55
32 47 68
32 50 31
32 62 85
32 64 51
32 65 47
32 71 32
32 76 35
32 79 14
32 80 5
32 82 73
32 85 16
32 89 47
32 91 53
32 94 10
32 100 78
32 104 37
32 116 83
32 120 2
33 1 23
33 4 57
33 13 6
33 20 21
33 22 93
33 23 70
33 25 2
33 28 67
33 29 85
33 30 29
33 31 26
33 39 91
33 41 78
33 46 18
33 48 76
33 51 56
33 55 42
33 58 69
33 62 21
33 65 77
33 68 67
33 74 44
33 75 2
33 76 31
33 77 50
33 79 81
33 80 21
33 81 49
33 83 51
33 86 8
33 101 78
33 102 52
33 115 16
33 116 59
33 117 82
34 3 50
34 5 72
34 8 56
34 14 41
34 15 13
34 18 83
34 19 14
34 22 41
34 28 34
34 31 92
34 35 60
34 45 57
34 48 78
34 54 69
34 57 74
34 58 81
34 63 44
34 66 83
34 76 40
34 78 8
34 86 95
34 87 89
34 89 41
34 93 80
34 95 28
34 97 74
34 100 6
34 104 54
34 105 29
34 106 39
34 107 92
34 109 14
34 111 6
34 114 79
34 117 11
34 t 88
35 9 34
35 10 56
35 15 35
35 17 84
35 18 91
35 20 83
35 23 55
35 25 35
35 26 52
35 28 70
35 30 87
35 34 60
35 39 47
35 47 75
35 48 2
35 51 42
35 54 90
35 55 58
35 56 55
35 58 86
35 60 37
35 61 28
35 64 64
35 65 14
35 66 35
35 70 26
35 73 51
35 79 15
35 81 82
35 88 53
35 100 30
35 103 54
35 105 74
35 107 17
35 108 60
35 109 23
35 114 20
35 115 55
35 116 58
35 t 53
36 6 65
36 7 83
36 8 22
36 10 52
36 13 32
36 17 22
36 18 3
36 20 53
36 21 85
36 31 25
36 44 54
36 49 14
36 52 77
36 54 44
36 56 63
36 61 46
36 74 62
36 76 38
36 79 13
36 80 39
36 91 95
36 99 66
36 101 79
36 103 8
36 109 94
36 111 82
36 112 36
36 113 11
36 114 85
36 120 82
37 3 21
37 5 64
37 7 35
37 14 33
37 22 80
37 25 71
37 28 90
37 29 50
37 30 60
37 39 10
37 43 8
37 44 17
37 48 89
37 52 75
37 57 60
37 58 44
37 59 91
37 61 74
37 70 5
37 73 53
37 75 3
37 81 40
37 82 46
37 83 86
37 89 20
37 90 49
37 94 49
37 95 28
37 97 66
37 100 93
37 106 14
37 110 64
37 112 94
37 116 72
37 117 58
37 118 25
37 119 56
38 2 16
38 3 33
38 4 65
38 7 68
38 8 26
38 12 5
38 13 94
38 22 72
38 24 18
38 28 16
38 30 87
38 41 10
38 42 82
38 43 72
38 44 15
38 48 65
38 50 7
38 54 71
38 56 55
38 58 53
38 61 69
38 68 11
38 69 70
38 70 58
38 71 13
38 72 9
38 73 10
38 75 3
38 78 51
38 81 40
38 84 56
38 86 15
38 90 9
38 94 12
38 97 92
38 99 73
38 104 28
38 112 31
38 114 3
38 117 36
38 119 36
38 120 16
38 t 3
39 3 41
39 7 3
39 12 5
39 13 78
39 16 21
39 20 25
39 21 42
39 25 64
39 27 84
39 29 39
39 33 91
39 35 47
39 37 10
39 40 62
39 44 62
39 50 63
39 51 93
39 54 76
39 56 80
39 66 51
39 69 38
39 72 44
39 77 30
39 78 27
39 80 72
39 82 73
39 83 30
39 87 17
39 89 84
39 91 45
39 92 28
39 93 75
39 96 93
39 97 19
39 102 50
39 103 20
39 107 54
40 4 20
40 8 75
40 9 20
40 10 52
40 16 21
40 19 53
40 24 34
40 27 76
40 32 64
40 39 62
40 42 76
40 43 21
40 44 86
40 57 54
40 61 79
40 63 4
40 68 19
40 78 42
40 82 26
40 83 26
40 88 80
40 89 43
40 91 23
40 98 2
40 100 64
40 106 85
40 107 54
40 112 71
40 113 68
40 114 62
40 116 72
40 118 74
41 3 60
41 5 12
41 6 83
41 7 93
41 8 31
41 10 81
41 11 9
41 15 45
41 16 37
41 23 52
41 28 81
41 29 55
41 33 78
41 38 10
41 43 52
41 51 58
41 52 62
41 54 22
41 57 20
41 59 93
41 60 58
41 63 8
41 64 78
41 65 22
41 66 50
41 69 36
41 73 44
41 76 47
41 81 64
41 85 3
41 88 70
41 93 70
41 95 15
41 99 73
41 103 80
41 109 58
41 114 32
41 116 67
41 117 25
41 t 75
42 1 47
42 3 39
42 5 43
42 6 77
42 9 37
42 11 4
42 12 43
42 15 69
42 20 85
42 21 43
42 23 49
42 25 6
42 29 68
42 38 82
42 40 76
42 48 42
42 51 48
42 52 46
42 55 62
42 57 9
42 60 9
42 66 62
42 68 94
42 70 7
42 71 94
42 74 44
42 75 41
42 77 77
42 78 75
42 82 82
42 86 25
42 95 81
42 101 20
42 103 68
42 105 77
42 106 49
42 109 2
42 111 20
42 112 52
42 114 66
43 2 83
43 3 41
43 8 69
43 9 12
43 10 59
43 18 35
43 22 86
43 25 74
43 31 8
43 37 8
43 38 72
43 40 21
43 41 52
43 47 57
43 50 46
43 60 54
43 61 22
43 62 45
43 64 94
43 66 55
43 69 2
43 71 33
43 72 30
43 75 12
43 80 43
43 87 68
43 89 4
43 92 78
43 94 24
43 96 32
43 98 20
43 99 58
43 101 81
43 104 65
43 109 71
43 111 8
43 112 33
43 114 77
44 3 34
44 6 64
44 7 19
44 9 68
44 11 77
44 15 4
44 19 53
44 24 5
44 25 58
44 29 12
44 30 50
44 36 54
44 37 17
44 38 15
44 39 62
44 40 86
44 52 54
44 53 41
44 54 87
44 57 32
44 59 49
44 62 12
44 67 20
44 69 44
44 71 15
44 72 75
44 74 7
44 76 87
44 78 26
44 82 40
44 87 75
44 91 54
44 93 2
44 95 68
44 97 56
44 98 5
44 99 33
44 100 70
44 101 91
44 102 19
44 104 95
44 105 2
44 109 39
44 112 84
44 115 84
44 118 31
44 t 42
45 2 68
45 3 75
45 4 92
45 5 44
45 9 78
45 12 12
45 13 64
45 16 88
45 20 76
45 22 25
45 32 55
45 34 57
45 53 48
45 61 12
45 65 73
45 68 65
45 70 51
45 71 64
45 72 51
45 75 73
45 77 8
45 78 85
45 81 44
45 82 31
45 83 64
45 85 20
45 92 69
45 93 13
45 103 76
45 104 57
45 105 69
45 106 90
45 107 19
45 108 63
45 111 15
45 112 12
45 114 3
45 118 93
45 t 9
46 4 7
46 7 48
46 12 77
46 17 61
46 24 37
46 26 75
46 29 85
46 30 72
46 33 18
46 47 28
46 54 6
46 60 74
46 71 75
46 74 64
46 76 72
46 77 13
46 79 53
46 80 76
46 81 38
46 85 27
46 89 55
46 93 92
46 95 35
46 102 19
46 105 50
46 107 3
46 109 17
46 111 73
46 117 89
46 120 4
46 t 34
47 5 52
47 7 54
47 8 42
47 11 38
47 12 63
47 14 60
47 15 2
47 17 33
47 18 3
47 19 16
47 24 56
47 26 47
47 27 57
47 28 75
47 29 41
47 32 68
47 35 75
47 43 57
47 46 28
47 49 89
47 50 28
47 52 73
47 54 26
47 58 51
47 64 74
47 69 94
47 70 35
47 74 25
47 77 38
47 79 14
47 82 5
47 84 52
47 85 25
47 87 19
47 90 77
47 91 42
47 92 89
47 93 28
47 94 45
47 98 71
47 99 23
47 107 55
47 108 53
47 115 9
47 118 75
47 119 53
48 5 8
48 8 58
48 13 56
48 14 93
48 21 31
48 29 9
48 33 76
48 34 78
48 35 2
48 37 89
48 38 65
48 42 42
48 50 24
48 51 94
48 54 31
48 58 40
48 63 73
48 66 53
48 70 95
48 71 47
48 72 8
48 77 81
48 84 91
48 85 12
48 86 82
48 89 50
48 92 5
48 94 77
48 96 27
48 97 80
48 100 70
48 103 41
48 109 84
48 116 15
48 119 73
49 1 94
49 7 64
49 13 66
49 20 83
49 36 14
49 47 89
49 52 84
49 54 38
49 59 21
49 66 4
49 72 37
49 73 54
49 77 51
49 78 37
49 79 57
49 82 70
49 83 8
49 86 65
49 89 52
49 95 49
49 97 14
49 102 63
49 103 38
49 105 74
49 109 74
49 110 64
49 116 5
49 t 55
50 1 49
50 2 64
50 6 24
50 18 22
50 25 13
50 30 72
50 32 31
50 38 7
50 39 63
50 43 46
50 47 28
50 48 24
50 51 36
50 55 66
50 61 50
50 66 10
50 74 4
50 79 40
50 81 13
50 86 4
50 87 34
50 94 82
50 95 18
50 99 80
50 100 82
50 102 58
50 104 92
50 108 41
50 109 10
50 113 35
50 114 6
50 115 13
50 116 58
50 119 37
50 120 72
51 1 62
51 2 10
51 4 67
51 7 52
51 9 49
51 10 45
51 16 20
51 18 52
51 19 54
51 22 42
51 23 23
51 24 94
51 29 44
51 33 56
51 35 42
51 39 93
51 41 58
51 42 48
51 48 94
51 50 36
51 54 12
51 55 25
51 61 18
51 64 82
51 67 7
51 71 56
51 82 45
51 84 59
51 86 29
51 89 95
51 92 26
51 99 15
51 106 95
51 110 72
51 112 65
51 t 71
52 3 79
52 4 54
52 7 3
52 10 31
52 13 17
52 14 40
52 16 63
52 25 84
52 26 75
52 27 31
52 36 77
52 37 75
52 41 62
52 42 46
52 44 54
52 47 73
52 49 84
52 56 29
52 67 77
52 69 17
52 71 77
52 73 89
52 74 33
52 75 24
52 79 70
52 83 56
52 84 85
52 95 64
52 98 56
52 107 39
52 112 15
52 113 39
52 115 10
52 120 26
53 2 51
53 7 15
53 9 21
53 10 59
53 14 31
53 15 39
53 27 7
53 28 13
53 31 5
53 44 41
53 45 48
53 57 8
53 61 22
53 63 8
53 64 39
53 65 20
53 66 5
53 69 17
53 70 25
53 73 25
53 79 69
53 80 73
53 81 75
53 87 36
53 88 68
53 90 32
53 97 73
53 99 21
53 102 86
53 104 45
53 106 57
53 110 53
53 114 18
53 116 79
53 117 38
53 118 15
53 119 8
54 1 69
54 2 62
54 5 12
54 8 81
54 11 91
54 15 83
54 16 43
54 21 70
54 23 27
54 25 47
54 28 44
54 31 54
54 34 69
54 35 90
54 36 44
54 38 71
54 39 76
54 41 22
54 44 87
54 46 6
54 47 26
54 48 31
54 49 38
54 51 12
54 56 18
54 57 51
54 63 75
54 64 91
54 65 44
54 68 90
54 70 84
54 71 26
54 74 21
54 75 48
54 83 95
54 88 48
54 92 40
54 93 44
54 97 16
54 99 58
54 101 82
54 104 68
54 106 41
54 110 82
54 111 20
54 120 58
55 2 20
55 4 2
55 5 92
55 8 68
55 12 85
55 14 70
55 19 32
55 24 25
55 26 49
55 27 63
55 31 86
55 33 42
55 35 58
55 42 62
55 50 66
55 51 25
55 56 40
55 61 24
55 63 59
55 65 62
55 68 49
55 69 60
55 73 10
55 74 24
55 75 42
55 78 83
55 80 93
55 82 38
55 85 40
55 88 79
55 89 8
55 90 63
55 94 87
55 98 35
55 99 32
55 101 17
55 102 36
55 106 33
55 109 7
55 111 47
55 119 12
56 1 67
56 2 86
56 3 75
56 4 2
56 16 91
56 19 68
56 21 75
56 24 44
56 27 42
56 30 12
56 35 55
56 36 63
56 38 55
56 39 80
56 52 29
56 54 18
56 55 40
56 63 30
56 65 43
56 66 25
56 69 71
56 72 72
56 74 15
56 75 87
56 76 67
56 77 33
56 78 78
56 79 60
56 84 42
56 85 17
56 86 27
56 87 44
56 92 95
56 97 59
56 98 79
56 100 51
56 102 17
56 105 43
57 2 6
57 3 42
57 4 8
57 7 35
57 10 42
57 12 77
57 14 75
57 25 80
57 31 39
57 34 74
57 37 60
57 40 54
57 41 20
57 42 9
57 44 32
57 53 8
57 54 51
57 60 82
57 62 60
57 63 22
57 64 42
57 74 80
57 77 29
57 78 71
57 80 55
57 82 66
57 84 82
57 85 76
57 88 33
57 93 81
57 94 36
57 96 47
57 99 87
57 102 91
57 103 8
57 109 25
57 112 58
57 113 3
57 114 19
57 116 36
57 t 51
58 3 19
58 4 66
58 6 60
58 7 39
58 15 15
58 16 89
58 18 72
58 21 35
58 26 88
58 28 50
58 33 69
58 34 81
58 35 86
58 37 44
58 38 53
58 47 51
58 48 40
58 59 11
58 63 83
58 66 76
58 72 48
58 73 26
58 79 52
58 80 80
58 82 10
58 83 5
58 84 66
58 85 34
58 87 14
58 92 69
58 95 90
58 97 33
58 100 48
58 102 5
58 105 26
58 108 26
58 109 54
58 118 9
58 119 92
59 1 95
59 4 25
59 5 57
59 6 10
59 7 77
59 8 68
59 11 57
59 12 59
59 13 42
59 14 71
59 24 70
59 25 55
59 31 65
59 37 91
59 41 93
59 44 49
59 49 21
59 58 11
59 61 87
59 65 37
59 69 52
59 71 11
59 73 88
59 75 34
59 76 29
59 82 87
59 85 5
59 86 60
59 88 87
59 93 81
59 94 58
59 96 32
59 97 35
59 99 10
59 101 45
59 104 46
59 109 81
59 110 75
59 113 93
59 117 12
60 2 74
60 3 9
60 19 47
60 20 49
60 28 10
60 35 37
60 41 58
60 42 9
60 43 54
60 46 74
60 57 82
60 63 60
60 68 2
60 70 11
60 72 74
60 74 72
60 75 12
60 76 64
60 85 41
60 86 27
60 90 39
60 95 87
60 98 51
60 109 94
60 111 34
60 114 47
60 115 2
61 6 77
61 8 37
61 12 81
61 13 21
61 14 10
61 15 88
61 16 38
61 18 46
61 21 31
61 22 71
61 23 62
61 24 83
61 25 17
61 27 12
61 29 13
61 30 70
61 35 28
61 36 46
61 37 74
61 38 69
61 40 79
61 43 22
61 45 12
61 50 50
61 51 18
61 53 22
61 55 24
61 59 87
61 71 63
61 77 72
61 78 15
61 79 93
61 80 89
61 81 45
61 82 76
61 85 40
61 86 85
61 87 20
61 98 61
61 100 38
61 109 3
61 110 30
61 113 48
61 114 31
61 119 37
61 t 92
62 1 82
62 4 88
62 7 32
62 10 42
62 18 95
62 20 32
62 21 21
62 25 19
62 26 27
62 28 25
62 32 85
62 33 21
62 43 45
62 44 12
62 57 60
62 66 47
62 67 46
62 70 64
62 71 8
62 74 21
62 75 88
62 76 19
62 77 47
62 79 71
62 80 88
62 81 13
62 82 7
62 85 35
62 86 48
62 87 27
62 89 74
62 92 44
62 101 91
62 109 39
62 113 81
62 115 84
62 117 29
62 118 62
62 119 46
62 120 76
63 2 10
63 3 73
63 4 44
63 7 26
63 8 62
63 10 21
63 12 18
63 13 53
63 14 55
63 16 30
63 18 27
63 21 25
63 22 7
63 25 44
63 26 62
63 27 35
63 30 56
63 34 44
63 40 4
63 41 8
63 48 73
63 53 8
63 54 75
63 55 59
63 56 30
63 57 22
63 58 83
63 60 60
63 68 94
63 71 15
63 74 19
63 75 59
63 79 41
63 80 54
63 90 62
63 91 59
63 92 22
63 99 11
63 101 84
63 102 23
63 103 70
63 104 83
63 108 7
63 109 83
63 113 28
63 116 89
63 118 16
64 4 77
64 15 81
64 17 12
64 18 15
64 23 33
64 24 94
64 31 16
64 32 51
64 35 64
64 41 78
64 43 94
64 47 74
64 51 82
64 53 39
64 54 91
64 57 42
64 69 33
64 70 18
64 73 93
64 75 27
64 78 3
64 79 72
64 80 94
64 82 53
64 84 18
64 92 60
64 98 20
64 103 74
64 105 82
64 106 20
64 110 73
64 112 11
64 114 47
64 119 44
64 t 87
65 4 31
65 6 69
65 8 94
65 9 33
65 11 5
65 12 57
65 13 94
65 14 88
65 16 86
65 22 57
65 32 47
65 33 77
65 35 14
65 41 22
65 45 73
65 53 20
65 54 44
65 55 62
65 56 43
65 59 37
65 66 59
65 71 94
65 73 73
65 74 59
65 76 20
65 84 35
65 87 72
65 92 88
65 99 49
65 103 15
65 107 16
65 109 91
65 113 14
65 115 68
65 116 78
65 117 61
65 119 70
66 4 67
66 5 5
66 6 63
66 12 71
66 17 25
66 24 66
66 34 83
66 35 35
66 39 51
66 41 50
66 42 62
66 43 55
66 48 53
66 49 4
66 50 10
66 53 5
66 56 25
66 58 76
66 62 47
66 65 59
66 68 90
66 70 77
66 71 74
66 75 41
66 80 85
66 81 44
66 83 56
66 86 58
66 87 87
66 90 54
66 93 8
66 94 50
66 95 26
66 102 67
66 104 40
66 118 68
66 120 74
67 4 23
67 5 49
67 8 78
67 25 11
67 28 16
67 44 20
67 51 7
67 52 77
67 62 46
67 68 89
67 71 92
67 72 88
67 73 53
67 75 46
67 77 16
67 78 88
67 91 80
67 92 2
67 94 30
67 95 42
67 96 24
67 97 51
67 101 47
67 104 33
67 106 45
67 109 15
67 114 29
67 118 8
67 120 14
68 1 20
68 3 80
68 5 36
68 8 29
68 11 53
68 16 9
68 18 53
68 24 87
68 25 55
68 26 56
68 28 73
68 33 67
68 38 11
68 40 19
68 42 94
68 45 65
68 54 90
68 55 49
68 60 2
68 63 94
68 66 90
68 67 89
68 72 81
68 73 25
68 77 13
68 83 69
68 87 53
68 90 32
68 93 14
68 98 14
68 103 56
68 105 56
68 107 37
68 108 85
68 110 42
68 112 52
68 117 9
69 2 4
69 8 50
69 9 74
69 11 60
69 17 78
69 24 2
69 26 15
69 29 52
69 38 70
69 39 38
69 41 36
69 43 2
69 44 44
69 47 94
69 52 17
69 53 17
69 55 60
69 56 71
69 59 52
69 64 33
69 71 67
69 78 73
69 79 79
69 80 45
69 81 83
69 85 20
69 90 78
69 95 76
69 96 7
69 97 62
69 100 25
69 105 55
70 3 55
70 5 70
70 8 17
70 20 73
70 25 65
70 26 42
70 27 8
70 35 26
70 37 5
70 38 58
70 42 7
70 45 51
70 47 35
70 48 95
70 53 25
70 54 84
70 60 11
70 62 64
70 64 18
70 66 77
70 72 57
70 73 25
70 75 24
70 78 87
70 79 15
70 83 14
70 85 54
70 88 19
70 93 57
70 95 80
70 98 28
70 99 90
70 102 48
70 104 38
70 105 85
70 107 24
70 117 65
70 118 95
71 5 42
71 11 14
71 13 61
71 24 90
71 28 61
71 32 32
71 38 13
71 42 94
71 43 33
71 44 15
71 45 64
71 46 75
71 48 47
71 51 56
71 52 77
71 54 26
71 59 11
71 61 63
71 62 8
71 63 15
71 65 94
71 66 74
71 67 92
71 69 67
71 72 23
71 76 2
71 83 29
71 85 71
71 92 47
71 94 7
71 96 12
71 97 31
71 100 29
71 104 73
71 105 61
71 106 67
71 107 68
71 110 58
71 111 29
71 116 61
71 118 25
71 120 29
72 3 55
72 7 4
72 8 32
72 10 15
72 14 24
72 16 23
72 19 40
72 22 71
72 29 4
72 38 9
72 39 44
72 43 30
72 44 75
72 45 51
72 48 8
72 49 37
72 56 72
72 58 48
72 60 74
72 67 88
72 68 81
72 70 57
72 71 23
72 89 41
72 90 72
72 93 19
72 94 74
72 102 29
72 104 11
72 106 40
72 110 24
72 112 51
72 116 24
72 t 16
73 4 95
73 6 66
73 11 85
73 14 91
73 23 66
73 24 67
73 25 46
73 28 17
73 29 49
73 35 51
73 37 53
73 38 10
73 41 44
73 49 54
73 52 89
73 53 25
73 55 10
73 58 26
73 59 88
73 64 93
73 65 73
73 67 53
73 68 25
73 70 25
73 76 30
73 77 59
73 81 6
73 87 30
73 88 62
73 93 37
73 95 63
73 101 77
73 103 2
73 104 46
73 105 31
73 112 17
73 114 50
73 115 76
74 4 45
74 8 49
74 11 7
74 15 41
74 18 95
74 25 78
74 28 70
74 30 47
74 33 44
74 36 62
74 42 44
74 44 7
74 46 64
74 47 25
74 50 4
74 52 33
74 54 21
74 55 24
74 56 15
74 57 80
74 60 72
74 62 21
74 63 19
74 65 59
74 75 59
74 76 85
74 78 39
74 79 75
74 80 3
74 81 19
74 82 90
74 83 48
74 85 33
74 86 23
74 88 13
74 89 62
74 90 11
74 95 65
74 96 64
74 100 9
74 104 89
74 105 94
74 108 48
74 111 42
74 115 47
74 118 65
74 119 50
75 7 16
75 8 51
75 9 23
75 11 13
75 15 69
75 17 29
75 19 90
75 20 66
75 21 53
75 22 95
75 23 64
75 30 92
75 33 2
75 37 3
75 38 3
75 42 41
75 43 12
75 45 73
75 52 24
75 54 48
75 55 42
75 56 87
75 59 34
75 60 12
75 62 88
75 63 59
75 64 27
75 66 41
75 67 46
75 70 24
75 74 59
75 76 64
75 77 48
75 79 78
75 84 55
75 89 48
75 96 92
75 98 51
75 100 72
75 101 31
75 102 89
75 105 64
75 107 33
75 109 63
75 113 21
75 114 6
75 115 80
76 4 4
76 5 25
76 6 6
76 12 30
76 15 36
76 19 41
76 20 53
76 26 20
76 31 18
76 32 35
76 33 31
76 34 40
76 36 38
76 41 47
76 44 87
76 46 72
76 56 67
76 59 29
76 60 64
76 62 19
76 65 20
76 71 2
76 73 30
76 74 85
76 75 64
76 78 38
76 84 84
76 85 38
76 87 35
76 88 9
76 90 33
76 96 43
76 97 23
76 103 37
76 104 77
76 108 45
76 109 82
76 110 80
76 118 17
76 119 94
76 t 81
77 2 7
77 3 72
77 5 95
77 6 23
77 10 91
77 15 24
77 18 82
77 22 36
77 23 13
77 24 29
77 28 15
77 33 50
77 39 30
77 42 77
77 45 8
77 46 13
77 47 38
77 48 81
77 49 51
77 56 33
77 57 29
77 61 72
77 62 47
77 67 16
77 68 13
77 73 59
77 75 48
77 78 91
77 80 69
77 81 80
77 82 69
77 83 3
77 90 65
77 91 12
77 100 9
77 102 60
77 104 28
77 108 76
77 110 10
77 114 9
77 120 37
77 t 80
78 3 7
78 5 11
78 6 76
78 8 61
78 12 23
78 15 82
78 16 67
78 20 77
78 22 15
78 23 71
78 26 93
78 27 74
78 30 54
78 31 15
78 34 8
78 38 51
78 39 27
78 40 42
78 42 75
78 44 26
78 45 85
78 49 37
78 55 83
78 56 78
78 57 71
78 61 15
78 64 3
78 67 88
78 69 73
78 70 87
78 74 39
78 76 38
78 77 91
78 85 74
78 88 18
78 94 42
78 97 57
78 104 67
78 105 46
78 106 2
78 117 67
78 119 86
79 1 91
79 2 35
79 5 45
79 10 93
79 13 88
79 15 24
79 16 88
79 18 7
79 19 17
79 21 72
79 23 73
79 24 58
79 29 42
79 30 89
79 31 64
79 32 14
79 33 81
79 35 15
79 36 13
79 46 53
79 47 14
79 49 57
79 50 40
79 52 70
79 53 69
79 56 60
79 58 52
79 61 93
79 62 71
79 63 41
79 64 72
79 69 79
79 70 15
79 74 75
79 75 78
79 80 18
79 81 15
79 92 81
79 93 54
79 94 86
79 95 30
79 96 6
79 97 12
79 99 14
79 102 19
79 109 12
79 110 35
79 112 81
79 118 88
79 120 93
80 2 59
80 3 79
80 4 31
80 6 21
80 18 36
80 23 49
80 24 95
80 26 33
80 32 5
80 33 21
80 36 39
80 39 72
80 43 43
80 46 76
80 53 73
80 55 93
80 57 55
80 58 80
80 61 89
80 62 88
80 63 54
80 64 94
80 66 85
80 69 45
80 74 3
80 77 69
80 79 18
80 84 37
80 91 50
80 92 61
80 93 81
80 95 3
80 96 7
80 97 14
80 99 8
80 105 91
81 1 95
81 4 49
81 7 35
81 8 46
81 10 93
81 13 30
81 14 19
81 17 93
81 24 60
81 26 94
81 27 61
81 30 8
81 33 49
81 35 82
81 37 40
81 38 40
81 41 64
81 45 44
81 46 38
81 50 13
81 53 75
81 61 45
81 62 13
81 66 44
81 69 83
81 73 6
81 74 19
81 77 80
81 79 15
81 83 6
81 85 51
81 86 66
81 93 51
81 95 70
81 96 6
81 97 54
81 100 90
81 102 53
81 112 78
81 118 66
82 2 87
82 3 4
82 13 80
82 16 89
82 17 61
82 20 5
82 21 69
82 22 51
82 25 86
82 28 94
82 32 73
82 37 46
82 39 73
82 40 26
82 42 82
82 44 40
82 45 31
82 47 5
82 49 70
82 51 45
82 55 38
82 57 66
82 58 10
82 59 87
82 61 76
82 62 7
82 64 53
82 74 90
82 77 69
82 83 87
82 84 24
82 86 92
82 88 25
82 91 93
82 95 24
82 96 68
82 97 13
82 100 40
82 102 42
82 103 72
82 106 78
82 107 52
82 108 71
82 109 77
82 110 92
82 112 44
82 114 5
83 2 55
83 3 74
83 5 5
83 8 23
83 10 86
83 12 72
83 16 84
83 20 70
83 21 62
83 29 63
83 30 87
83 33 51
83 37 86
83 39 30
83 40 26
83 45 64
83 49 8
83 52 56
83 54 95
83 58 5
83 66 56
83 68 69
83 70 14
83 71 29
83 74 48
83 77 3
83 81 6
83 82 87
83 85 3
83 89 69
83 97 20
83 99 55
83 103 43
83 105 45
83 107 32
83 109 61
83 116 23
84 3 38
84 9 87
84 10 28
84 12 93
84 15 56
84 23 93
84 27 45
84 30 47
84 31 3
84 38 56
84 47 52
84 48 91
84 51 59
84 52 85
84 56 42
84 57 82
84 58 66
84 64 18
84 65 35
84 75 55
84 76 84
84 80 37
84 82 24
84 87 4
84 88 64
84 89 63
84 96 32
84 97 24
84 100 24
84 106 29
84 111 67
84 116 64
84 t 45
85 1 80
85 2 70
85 3 16
85 4 86
85 10 57
85 21 38
85 27 33
85 29 76
85 32 16
85 41 3
85 45 20
85 46 27
85 47 25
85 48 12
85 55 40
85 56 17
85 57 76
85 58 34
85 59 5
85 60 41
85 61 40
85 62 35
85 69 20
85 70 54
85 71 71
85 74 33
85 76 38
85 78 74
85 81 51
85 83 3
85 87 43
85 88 45
85 89 16
85 95 14
85 96 65
85 98 15
85 100 24
85 101 17
85 102 77
85 109 88
85 110 46
85 112 13
85 113 68
85 114 15
85 115 66
85 117 36
85 119 54
85 t 32
86 6 69
86 8 91
86 11 7
86 14 6
86 16 29
86 17 76
86 18 42
86 20 76
86 23 10
86 30 36
86 33 8
86 34 95
86 38 15
86 42 25
86 48 82
86 49 65
86 50 4
86 51 29
86 56 27
86 59 60
86 60 27
86 61 85
86 62 48
86 66 58
86 74 23
86 81 66
86 82 92
86 89 35
86 91 32
86 97 42
86 98 94
86 100 80
86 107 46
86 108 29
86 110 42
86 111 62
86 115 85
86 117 17
87 3 75
87 7 84
87 8 43
87 13 56
87 15 8
87 16 9
87 19 24
87 22 52
87 23 61
87 25 67
87 34 89
87 39 17
87 43 68
87 44 75
87 47 19
87 50 34
87 53 36
87 56 44
87 58 14
87 61 20
87 62 27
87 65 72
87 66 87
87 68 53
87 73 30
87 76 35
87 84 4
87 85 43
87 94 90
87 95 60
87 98 44
87 106 51
87 108 7
87 112 68
87 113 75
87 115 72
87 116 92
87 118 26
87 119 94
88 3 14
88 4 49
88 11 18
88 13 7
88 15 94
88 19 18
88 24 31
88 28 82
88 35 53
88 40 80
88 41 70
88 53 68
88 54 48
88 55 79
88 57 33
88 59 87
88 70 19
88 73 62
88 74 13
88 76 9
88 78 18
88 82 25
88 84 64
88 85 45
88 91 40
88 92 24
88 95 58
88 98 65
88 104 42
88 111 18
88 113 82
88 116 10
88 117 5
88 t 59
89 1 54
89 6 70
89 11 34
89 17 76
89 19 13
89 20 66
89 26 32
89 27 75
89 32 47
89 34 41
89 37 20
89 39 84
89 40 43
89 43 4
89 46 55
89 48 50
89 49 52
89 51 95
89 55 8
89 62 74
89 72 41
89 74 62
89 75 48
89 83 69
89 84 63
89 85 16
89 86 35
89 91 3
89 97 57
89 98 20
89 99 56
89 100 69
89 101 70
89 102 2
89 103 26
89 104 95
89 107 60
89 108 71
89 110 92
89 111 46
89 117 4
89 118 63
89 119 17
90 1 76
90 2 80
90 4 38
90 7 59
90 11 87
90 12 65
90 17 45
90 25 84
90 26 56
90 31 67
90 37 49
90 38 9
90 47 77
90 53 32
90 55 63
90 60 39
90 63 62
90 66 54
90 68 32
90 69 78
90 72 72
90 74 11
90 76 33
90 77 65
90 92 27
90 94 36
90 100 86
90 102 62
90 103 40
90 110 82
90 114 9
90 116 3
90 118 12
90 119 65
90 t 40
91 1 69
91 2 70
91 3 35
91 6 11
91 16 88
91 18 25
91 31 37
91 32 53
91 36 95
91 39 45
91 40 23
91 44 54
91 47 42
91 63 59
91 67 80
91 77 12
91 80 50
91 82 93
91 86 32
91 88 40
91 89 3
91 92 55
91 94 33
91 98 49
91 106 75
91 110 90
91 112 66
91 113 59
91 115 31
92 1 3
92 6 60
92 11 90
92 19 53
92 21 23
92 25 54
92 26 2
92 30 59
92 39 28
92 43 78
92 45 69
92 47 89
92 48 5
92 51 26
92 54 40
92 56 95
92 58 69
92 62 44
92 63 22
92 64 60
92 65 88
92 67 2
92 71 47
92 79 81
92 80 61
92 88 24
92 90 27
92 91 55
92 98 8
92 101 24
92 105 44
92 108 18
92 112 30
92 113 35
92 116 88
93 4 46
93 6 29
93 7 12
93 10 2
93 19 12
93 23 70
93 24 10
93 27 58
93 30 14
93 34 80
93 39 75
93 41 70
93 44 2
93 45 13
93 46 92
93 47 28
93 54 44
93 57 81
93 59 81
93 66 8
93 68 14
93 70 57
93 72 19
93 73 37
93 79 54
93 80 81
93 81 51
93 95 12
93 108 17
93 109 72
93 110 3
93 111 43
93 116 89
93 117 42
93 118 6
93 119 61
93 t 20
94 1 76
94 7 22
94 10 73
94 11 71
94 20 65
94 21 91
94 22 24
94 23 16
94 30 13
94 32 10
94 37 49
94 38 12
94 43 24
94 47 45
94 48 77
94 50 82
94 55 87
94 57 36
94 59 58
94 66 50
94 67 30
94 71 7
94 72 74
94 78 42
94 79 86
94 87 90
94 90 36
94 91 33
94 95 52
94 107 85
94 108 54
94 111 26
94 113 91
94 115 47
94 120 77
95 1 91
95 6 63
95 8 9
95 9 26
95 10 67
95 12 38
95 14 77
95 16 93
95 34 28
95 37 28
95 41 15
95 42 81
95 44 68
95 46 35
95 49 49
95 50 18
95 52 64
95 58 90
95 60 87
95 66 26
95 67 42
95 69 76
95 70 80
95 73 63
95 74 65
95 79 30
95 80 3
95 81 70
95 82 24
95 85 14
95 87 60
95 88 58
95 93 12
95 94 52
95 102 17
95 104 39
95 107 43
95 108 47
95 115 54
95 116 7
95 117 85
95 120 87
96 4 17
96 11 48
96 13 5
96 14 52
96 15 29
96 19 43
96 20 11
96 21 80
96 31 88
96 39 93
96 43 32
96 48 27
96 57 47
96 59 32
96 67 24
96 69 7
96 71 12
96 74 64
96 75 92
96 76 43
96 79 6
96 80 7
96 81 6
96 82 68
96 84 32
96 85 65
96 98 33
96 99 14
96 102 6
96 104 72
96 105 55
96 106 86
96 107 62
96 118 3
97 4 18
97 8 31
97 11 64
97 13 64
97 18 5
97 20 55
97 22 50
97 25 72
97 27 55
97 29 19
97 34 74
97 37 66
97 38 92
97 39 19
97 44 56
97 48 80
97 49 14
97 53 73
97 54 16
97 56 59
97 58 33
97 59 35
97 67 51
97 69 62
97 71 31
97 76 23
97 78 57
97 79 12
97 80 14
97 81 54
97 82 13
97 83 20
97 84 24
97 86 42
97 89 57
97 103 21
97 107 51
97 109 57
97 112 86
97 114 69
97 115 59
97 118 8
97 120 93
98 8 34
98 10 65
98 11 38
98 12 63
98 15 16
98 22 64
98 23 33
98 25 90
98 27 9
98 28 39
98 40 2
98 43 20
98 44 5
98 47 71
98 52 56
98 55 35
98 56 79
98 60 51
98 61 61
98 64 20
98 68 14
98 70 28
98 75 51
98 85 15
98 86 94
98 87 44
98 88 65
98 89 20
98 91 49
98 92 8
98 96 33
98 102 14
98 103 87
98 113 70
98 114 26
98 118 54
98 119 85
98 120 24
98 t 89
99 3 41
99 4 79
99 8 80
99 12 94
99 27 39
99 28 66
99 29 43
99 36 66
99 38 73
99 41 73
99 43 58
99 44 33
99 47 23
99 50 80
99 51 15
99 53 21
99 54 58
99 55 32
99 57 87
99 59 10
99 63 11
99 65 49
99 70 90
99 79 14
99 80 8
99 83 55
99 89 56
99 96 14
99 100 16
99 104 29
99 105 61
99 112 46
99 115 25
99 117 4
99 t 80
100 1 47
100 8 12
100 9 31
100 15 91
100 18 28
100 23 50
100 28 26
100 31 18
100 32 78
100 34 6
100 35 30
100 37 93
100 40 64
100 44 70
100 48 70
100 50 82
100 56 51
100 58 48
100 61 38
100 69 25
100 71 29
100 74 9
100 75 72
100 77 9
100 81 90
100 82 40
100 84 24
100 85 24
100 86 80
100 89 69
100 90 86
100 99 16
100 101 6
100 102 58
100 104 49
100 108 4
100 110 73
100 112 54
100 114 83
100 115 13
100 118 26
101 3 11
101 5 7
101 6 65
101 7 55
101 8 65
101 9 35
101 11 34
101 13 27
101 14 82
101 21 13
101 27 2
101 29 36
101 33 78
101 36 79
101 42 20
101 43 81
101 44 91
101 54 82
101 55 17
101 59 45
101 62 91
101 63 84
101 67 47
101 73 77
101 75 31
101 85 17
101 89 70
101 92 24
101 100 6
101 102 68
101 103 82
101 107 56
101 112 62
101 113 19
101 114 88
101 115 70
101 116 77
102 2 58
102 4 42
102 5 55
102 6 42
102 13 5
102 14 9
102 25 92
102 26 53
102 27 67
102 29 94
102 30 4
102 33 52
102 39 50
102 44 19
102 46 19
102 49 63
102 50 58
102 53 86
102 55 36
102 56 17
102 57 91
102 58 5
102 63 23
102 66 67
102 70 48
102 72 29
102 75 89
102 77 60
102 79 19
102 81 53
102 82 42
102 85 77
102 89 2
102 90 62
102 95 17
102 96 6
102 98 14
102 100 58
102 101 68
102 111 30
102 115 51
102 118 51
103 5 50
103 7 88
103 8 43
103 14 70
103 15 40
103 18 43
103 21 31
103 24 41
103 35 54
103 36 8
103 39 20
103 41 80
103 42 68
103 45 76
103 48 41
103 49 38
103 57 8
103 63 70
103 64 74
103 65 15
103 68 56
103 73 2
103 76 37
103 82 72
103 83 43
103 89 26
103 90 40
103 97 21
103 98 87
103 101 82
103 104 73
103 106 44
103 109 41
103 110 54
103 112 82
103 113 73
104 1 38
104 3 72
104 4 68
104 17 2
104 18 59
104 21 16
104 26 49
104 27 36
104 32 37
104 34 54
104 38 28
104 43 65
104 44 95
104 45 57
104 50 92
104 53 45
104 54 68
104 59 46
104 63 83
104 66 40
104 67 33
104 70 38
104 71 73
104 72 11
104 73 46
104 74 89
104 76 77
104 77 28
104 78 67
104 88 42
104 89 95
104 95 39
104 96 72
104 99 29
104 100 49
104 103 73
104 105 80
104 108 2
104 115 25
104 117 6
105 1 56
105 9 15
105 15 80
105 16 82
105 18 12
105 21 93
105 28 25
105 29 43
105 34 29
105 35 74
105 42 77
105 44 2
105 45 69
105 46 50
105 49 74
105 56 43
105 58 26
105 64 82
105 68 56
105 69 55
105 70 85
105 71 61
105 73 31
105 74 94
105 75 64
105 78 46
105 80 91
105 83 45
105 92 44
105 96 55
105 99 61
105 104 80
105 108 38
105 109 61
105 118 44
106 2 69
106 4 83
106 6 94
106 7 84
106 17 31
106 24 91
106 26 45
106 30 64
106 34 39
106 37 14
106 40 85
106 42 49
106 45 90
106 51 95
106 53 57
106 54 41
106 55 33
106 64 20
106 67 45
106 71 67
106 72 40
106 78 2
106 82 78
106 84 29
106 87 51
106 91 75
106 96 86
106 103 44
106 107 35
106 109 59
106 110 89
106 118 26
106 119 79
107 1 6
107 2 87
107 5 32
107 7 31
107 11 11
107 15 52
107 26 51
107 34 92
107 35 17
107 39 54
107 40 54
107 45 19
107 46 3
107 47 55
107 52 39
107 65 16
107 68 37
107 70 24
107 71 68
107 75 33
107 82 52
107 83 32
107 86 46
107 89 60
107 94 85
107 95 43
107 96 62
107 97 51
107 101 56
107 106 35
107 112 90
107 114 8
107 119 78
108 5 82
108 7 57
108 12 27
108 19 94
108 21 92
108 23 34
108 24 40
108 26 22
108 30 51
108 35 60
108 45 63
108 47 53
108 50 41
108 58 26
108 63 7
108 68 85
108 74 48
108 76 45
108 77 76
108 82 71
108 86 29
108 87 7
108 89 71
108 92 18
108 93 17
108 94 54
108 95 47
108 100 4
108 104 2
108 105 38
108 113 28
108 116 20
108 t 14
109 2 45
109 7 26
109 15 93
109 17 52
109 21 9
109 24 13
109 26 81
109 28 33
109 34 14
109 35 23
109 36 94
109 41 58
109 42 2
109 43 71
109 44 39
109 46 17
109 48 84
109 49 74
109 50 10
109 55 7
109 57 25
109 58 54
109 59 81
109 60 94
109 61 3
109 62 39
109 63 83
109 65 91
109 67 15
109 75 63
109 76 82
109 79 12
109 82 77
109 83 61
109 85 88
109 93 72
109 97 57
109 103 41
109 105 61
109 106 59
109 110 56
109 116 88
109 119 61
110 1 14
110 9 22
110 13 57
110 14 2
110 19 14
110 22 65
110 23 40
110 30 38
110 31 24
110 37 64
110 49 64
110 51 72
110 53 53
110 54 82
110 59 75
110 61 30
110 64 73
110 68 42
110 71 58
110 72 24
110 76 80
110 77 10
110 79 35
110 82 92
110 85 46
110 86 42
110 89 92
110 90 82
110 91 90
110 93 3
110 100 73
110 103 54
110 106 89
110 109 56
110 113 66
110 116 95
110 119 66
110 t 15
111 1 81
111 4 12
111 9 63
111 11 27
111 12 2
111 21 63
111 27 8
111 29 28
111 30 79
111 34 6
111 36 82
111 42 20
111 43 8
111 45 15
111 46 73
111 54 20
111 55 47
111 60 34
111 71 29
111 74 42
111 84 67
111 86 62
111 88 18
111 89 46
111 93 43
111 94 26
111 102 30
111 112 36
111 115 66
112 2 58
112 6 60
112 15 13
112 18 78
112 21 17
112 23 40
112 28 80
112 29 76
112 31 53
112 36 36
112 37 94
112 38 31
112 40 71
112 42 52
112 43 33
112 44 84
112 45 12
112 51 65
112 52 15
112 57 58
112 64 11
112 68 52
112 72 51
112 73 17
112 79 81
112 81 78
112 82 44
112 85 13
112 87 68
112 91 66
112 92 30
112 97 86
112 99 46
112 100 54
112 101 62
112 103 82
112 107 90
112 111 36
113 2 77
113 4 16
113 6 29
113 11 94
113 12 60
113 13 92
113 21 80
113 25 70
113 27 53
113 31 64
113 36 11
113 40 68
113 50 35
113 52 39
113 57 3
113 59 93
113 61 48
113 62 81
113 63 28
113 65 14
113 75 21
113 85 68
113 87 75
113 88 82
113 91 59
113 92 35
113 94 91
113 98 70
113 101 19
113 103 73
113 108 28
113 110 66
113 117 35
113 119 83
114 1 35
114 6 80
114 7 61
114 8 59
114 9 43
114 12 17
114 24 71
114 27 34
114 28 30
114 29 60
114 31 81
114 34 79
114 35 20
114 36 85
114 38 3
114 40 62
114 41 32
114 42 66
114 43 77
114 45 3
114 50 6
114 53 18
114 57 19
114 60 47
114 61 31
114 64 47
114 67 29
114 73 50
114 75 6
114 77 9
114 82 5
114 85 15
114 90 9
114 97 69
114 98 26
114 100 83
114 101 88
114 107 8
114 116 8
114 118 61
114 119 80
114 120 82
114 t 13
115 2 50
115 3 54
115 4 16
115 5 41
115 6 47
115 8 37
115 10 70
115 16 4
115 21 22
115 33 16
115 35 55
115 44 84
115 47 9
115 50 13
115 52 10
115 60 2
115 62 84
115 65 68
115 73 76
115 74 47
115 75 80
115 85 66
115 86 85
115 87 72
115 91 31
115 94 47
115 95 54
115 97 59
115 99 25
115 100 13
115 101 70
115 102 51
115 104 25
115 111 66
116 1 45
116 2 76
116 4 23
116 10 10
116 12 44
116 16 6
116 17 23
116 24 42
116 25 17
116 27 95
116 32 83
116 33 59
116 35 58
116 37 72
116 40 72
116 41 67
116 48 15
116 49 5
116 50 58
116 53 79
116 57 36
116 63 89
116 65 78
116 71 61
116 72 24
116 83 23
116 84 64
116 87 92
116 88 10
116 90 3
116 92 88
116 93 89
116 95 7
116 101 77
116 108 20
116 109 88
116 110 95
116 114 8
116 117 34
116 120 27
117 3 81
117 4 42
117 10 49
117 13 57
117 14 40
117 15 73
117 16 17
117 24 24
117 26 59
117 30 35
117 33 82
117 34 11
117 37 58
117 38 36
117 41 25
117 46 89
117 53 38
117 59 12
117 62 29
117 65 61
117 68 9
117 70 65
117 78 67
117 85 36
117 86 17
117 88 5
117 89 4
117 93 42
117 95 85
117 99 4
117 104 6
117 113 35
117 116 34
117 t 37
118 1 37
118 5 8
118 12 81
118 14 90
118 16 53
118 24 45
118 28 56
118 37 25
118 40 74
118 44 31
118 45 93
118 47 75
118 53 15
118 58 9
118 62 62
118 63 16
118 66 68
118 67 8
118 70 95
118 71 25
118 74 65
118 76 17
118 79 88
118 81 66
118 87 26
118 89 63
118 90 12
118 93 6
118 96 3
118 97 8
118 98 54
118 100 26
118 102 51
118 105 44
118 106 26
118 114 61
119 2 14
119 3 77
119 5 76
119 16 33
119 20 87
119 23 76
119 26 21
119 28 12
119 37 56
119 38 36
119 47 53
119 48 73
119 50 37
119 53 8
119 55 12
119 58 92
119 61 37
119 62 46
119 64 44
119 65 70
119 74 50
119 76 94
119 78 86
119 85 54
119 87 94
119 89 17
119 90 65
119 93 61
119 98 85
119 106 79
119 107 78
119 109 61
119 110 66
119 113 83
119 114 80
119 t 7
120 3 88
120 6 52
120 8 42
120 13 80
120 14 65
120 17 56
120 18 64
120 19 42
120 24 61
120 26 42
120 32 2
120 36 82
120 38 16
120 46 4
120 50 72
120 52 26
120 54 58
120 62 76
120 66 74
120 67 14
120 71 29
120 77 37
120 79 93
120 94 77
120 95 87
120 97 93
120 98 24
120 114 82
120 116 27
