s 1 50
s 2 43
s 3 101
s 6 87
s 7 71
s 8 32
s 10 38
s 13 86
s 15 36
s 16 96
s 17 82
s 18 88
s 19 95
s 20 85
s 22 58
s 23 31
s 24 36
s 25 41
s 26 48
s 29 60
s 31 50
s 32 83
s 34 43
s 36 38
s 38 29
s 40 80
s 41 96
s 44 85
s 45 77
s 47 43
s 48 33
s t 72
1 3 56
1 5 30
1 6 39
1 7 23
1 10 62
1 11 26
1 13 76
1 15 89
1 16 49
1 17 22
1 18 58
1 19 25
1 21 30
1 24 24
1 25 98
1 26 81
1 28 56
1 30 70
1 31 64
1 33 78
1 34 68
1 35 52
1 36 90
1 37 25
1 38 48
1 39 77
1 41 27
1 42 24
1 43 69
1 45 40
1 47 81
1 48 20
1 t 58
2 3 92
2 4 22
2 7 44
2 8 26
2 9 27
2 13 59
2 14 54
2 16 31
2 17 33
2 18 22
2 19 93
2 21 30
2 22 30
2 23 89
2 24 53
2 25 60
2 26 30
2 27 94
2 28 76
2 29 98
2 31 99
2 32 42
2 33 82
2 37 48
2 38 100
2 39 47
2 40 87
2 41 98
2 44 99
2 46 27
2 48 64
2 49 40
2 t 34
3 1 56
3 2 92
3 4 45
3 5 74
3 6 95
3 7 97
3 8 39
3 10 89
3 11 24
3 12 23
3 13 39
3 14 42
3 15 74
3 16 81
3 17 36
3 18 31
3 20 58
3 21 21
3 22 32
3 23 47
3 24 65
3 26 31
3 27 80
3 28 55
3 29 44
3 30 97
3 33 26
3 36 57
3 37 26
3 39 72
3 41 44
3 42 47
3 44 85
3 45 55
3 46 97
3 48 75
3 49 71
3 t 58
4 2 22
4 3 45
4 5 77
4 6 56
4 7 48
4 9 97
4 10 87
4 11 71
4 13 43
4 15 32
4 17 57
4 19 77
4 20 97
4 22 72
4 24 19
4 25 43
4 26 67
4 27 94
4 28 51
4 29 20
4 30 77
4 31 26
4 32 79
4 34 91
4 35 69
4 36 53
4 37 73
4 38 87
4 40 46
4 44 44
4 45 41
4 47 33
4 48 81
4 49 50
5 1 30
5 3 74
5 4 77
5 6 49
5 7 70
5 8 62
5 9 77
5 10 87
5 11 33
5 14 78
5 15 33
5 16 86
5 17 58
5 18 98
5 19 71
5 20 75
5 22 47
5 23 100
5 24 74
5 25 78
5 26 97
5 27 31
5 28 64
5 30 89
5 32 52
5 34 46
5 37 19
5 38 87
5 39 44
5 40 63
5 41 53
5 42 58
5 44 70
5 49 96
6 1 39
6 3 95
6 4 56
6 5 49
6 9 26
6 10 49
6 11 70
6 14 30
6 16 46
6 17 33
6 18 62
6 19 53
6 24 56
6 25 89
6 26 42
6 27 19
6 28 41
6 29 70
6 31 23
6 32 40
6 34 29
6 35 100
6 36 99
6 37 76
6 38 96
6 40 42
6 41 53
6 42 60
6 43 65
6 44 45
6 45 25
6 46 81
6 47 22
6 48 36
6 49 42
6 t 30
7 1 23
7 2 44
7 3 97
7 4 48
7 5 70
7 8 100
7 10 102
7 12 63
7 14 37
7 16 101
7 17 80
7 18 85
7 19 79
7 22 99
7 23 30
7 24 24
7 25 88
7 26 61
7 27 39
7 29 94
7 30 48
7 31 89
7 32 74
7 33 23
7 37 66
7 39 36
7 41 61
7 42 87
7 44 40
7 45 68
7 46 26
7 47 45
7 48 61
7 49 86
8 2 26
8 3 39
8 5 62
8 7 100
8 11 47
8 15 29
8 18 100
8 19 45
8 21 42
8 22 80
8 25 77
8 26 21
8 27 23
8 28 41
8 29 24
8 30 25
8 31 36
8 32 97
8 33 34
8 34 61
8 36 55
8 37 56
8 39 56
8 41 79
8 43 23
8 44 60
8 46 77
8 48 40
8 49 71
9 2 27
9 4 97
9 5 77
9 6 26
9 10 49
9 11 63
9 12 73
9 13 29
9 14 81
9 15 22
9 16 63
9 18 64
9 19 75
9 21 101
9 22 97
9 24 77
9 25 88
9 27 89
9 28 81
9 29 97
9 30 83
9 31 95
9 32 82
9 33 25
9 34 101
9 35 31
9 37 23
9 38 41
9 39 60
9 41 41
9 42 77
9 43 55
9 46 46
9 47 25
9 48 69
9 49 62
9 t 75
10 1 62
10 3 89
10 4 87
10 5 87
10 6 49
10 7 102
10 9 49
10 11 48
10 12 83
10 13 32
10 14 74
10 15 38
10 16 49
10 17 35
10 19 32
10 20 68
10 21 44
10 24 77
10 25 97
10 26 34
10 27 99
10 28 93
10 29 82
10 31 88
10 32 37
10 33 96
10 35 77
10 38 42
10 39 50
10 40 71
10 41 68
10 42 44
10 43 77
10 44 82
10 45 78
10 47 23
10 48 88
10 49 61
11 1 26
11 3 24
11 4 71
11 5 33
11 6 70
11 8 47
11 9 63
11 10 48
11 12 37
11 13 44
11 14 50
11 15 96
11 18 62
11 19 33
11 20 87
11 21 66
11 22 59
11 25 58
11 26 26
11 28 69
11 29 42
11 34 44
11 35 37
11 36 100
11 37 43
11 38 101
11 40 79
11 43 64
11 44 90
11 45 37
11 46 97
11 48 63
11 49 92
11 t 28
12 3 23
12 7 63
12 9 73
12 10 83
12 11 37
12 13 45
12 14 21
12 15 101
12 16 87
12 17 51
12 18 67
12 20 64
12 21 46
12 22 34
12 24 91
12 25 38
12 27 100
12 28 92
12 29 31
12 32 71
12 34 43
12 35 74
12 37 98
12 38 55
12 40 99
12 42 51
12 43 85
12 44 101
12 46 84
12 48 82
12 49 55
12 t 35
13 1 76
13 2 59
13 3 39
13 4 43
13 9 29
13 10 32
13 11 44
13 12 45
13 16 22
13 17 94
13 18 54
13 19 68
13 22 47
13 23 101
13 24 82
13 26 60
13 27 49
13 28 51
13 29 85
13 31 76
13 32 32
13 33 89
13 34 27
13 35 32
13 36 65
13 39 44
13 40 101
13 41 87
13 44 34
13 47 36
13 48 47
13 49 69
13 t 71
14 2 54
14 3 42
14 5 78
14 6 30
14 7 37
14 9 81
14 10 74
14 11 50
14 12 21
14 15 87
14 16 86
14 17 30
14 18 19
14 19 30
14 20 94
14 21 52
14 22 67
14 23 71
14 24 98
14 26 62
14 28 92
14 30 77
14 31 33
14 32 102
14 34 68
14 35 78
14 38 33
14 39 36
14 40 25
14 41 88
14 42 90
14 43 27
14 44 28
14 45 48
14 46 37
14 47 95
14 48 28
14 49 102
14 t 38
15 1 89
15 3 74
15 4 32
15 5 33
15 8 29
15 9 22
15 10 38
15 11 96
15 12 101
15 14 87
15 16 27
15 17 63
15 19 102
15 20 65
15 21 35
15 22 91
15 23 45
15 24 63
15 25 28
15 28 57
15 29 95
15 30 21
15 33 80
15 34 100
15 37 58
15 38 45
15 40 64
15 41 34
15 42 36
15 45 26
15 46 100
15 48 25
16 1 49
16 2 31
16 3 81
16 5 86
16 6 46
16 7 101
16 9 63
16 10 49
16 12 87
16 13 22
16 14 86
16 15 27
16 17 34
16 18 19
16 19 96
16 20 85
16 21 92
16 22 63
16 23 52
16 24 101
16 25 82
16 26 88
16 27 61
16 29 54
16 30 88
16 31 55
16 33 59
16 34 95
16 35 78
16 36 94
16 39 57
16 40 101
16 41 41
16 42 21
16 43 81
16 44 68
16 45 80
16 46 81
16 47 70
16 48 77
16 49 71
17 1 22
17 2 33
17 3 36
17 4 57
17 5 58
17 6 33
17 7 80
17 10 35
17 12 51
17 13 94
17 14 30
17 15 63
17 16 34
17 18 32
17 19 95
17 21 62
17 22 27
17 24 53
17 25 96
17 26 52
17 27 39
17 28 88
17 29 42
17 32 67
17 33 42
17 35 30
17 36 19
17 38 87
17 39 79
17 42 88
17 45 43
17 46 58
17 47 64
17 49 99
18 1 58
18 2 22
18 3 31
18 5 98
18 6 62
18 7 85
18 8 100
18 9 64
18 11 62
18 12 67
18 13 54
18 14 19
18 16 19
18 17 32
18 19 41
18 21 29
18 22 40
18 23 75
18 24 57
18 25 78
18 26 66
18 27 71
18 28 53
18 29 53
18 30 69
18 31 58
18 34 39
18 35 33
18 36 49
18 37 58
18 40 48
18 41 66
18 43 94
18 44 70
18 45 83
18 46 55
18 47 60
18 49 84
18 t 58
19 1 25
19 2 93
19 4 77
19 5 71
19 6 53
19 7 79
19 8 45
19 9 75
19 10 32
19 11 33
19 13 68
19 14 30
19 15 102
19 16 96
19 17 95
19 18 41
19 20 59
19 21 56
19 22 68
19 23 26
19 24 62
19 29 85
19 30 72
19 31 23
19 32 39
19 33 100
19 35 91
19 36 26
19 37 99
19 39 19
19 40 21
19 42 91
19 44 20
19 45 82
19 46 90
19 47 56
19 48 59
19 49 39
20 3 58
20 4 97
20 5 75
20 10 68
20 11 87
20 12 64
20 14 94
20 15 65
20 16 85
20 19 59
20 22 73
20 23 20
20 24 26
20 27 44
20 29 74
20 30 55
20 32 90
20 33 51
20 34 28
20 36 27
20 37 71
20 38 88
20 39 45
20 40 61
20 44 26
20 46 82
20 47 79
20 48 55
21 1 30
21 2 30
21 3 21
21 8 42
21 9 101
21 10 44
21 11 66
21 12 46
21 14 52
21 15 35
21 16 92
21 17 62
21 18 29
21 19 56
21 25 75
21 27 85
21 28 95
21 32 86
21 33 71
21 35 35
21 36 84
21 37 35
21 38 25
21 42 57
21 43 81
21 44 100
21 45 77
21 46 76
21 47 27
22 2 30
22 3 32
22 4 72
22 5 47
22 7 99
22 8 80
22 9 97
22 11 59
22 12 34
22 13 47
22 14 67
22 15 91
22 16 63
22 17 27
22 18 40
22 19 68
22 20 73
22 23 102
22 25 40
22 26 69
22 29 68
22 32 54
22 34 73
22 35 29
22 36 80
22 37 32
22 38 27
22 40 35
22 42 31
22 43 52
22 44 81
22 45 74
22 46 81
22 47 96
22 48 30
22 49 55
22 t 37
23 2 89
23 3 47
23 5 100
23 7 30
23 13 101
23 14 71
23 15 45
23 16 52
23 18 75
23 19 26
23 20 20
23 22 102
23 25 20
23 28 26
23 29 62
23 30 85
23 31 51
23 32 24
23 33 38
23 34 40
23 37 95
23 38 86
23 39 76
23 40 19
23 41 75
23 43 25
23 44 102
23 45 39
23 48 31
23 49 45
24 1 24
24 2 53
24 3 65
24 4 19
24 5 74
24 6 56
24 7 24
24 9 77
24 10 77
24 12 91
24 13 82
24 14 98
24 15 63
24 16 101
24 17 53
24 18 57
24 19 62
24 20 26
24 25 98
24 26 39
24 27 102
24 28 69
24 29 53
24 30 49
24 31 89
24 33 25
24 34 50
24 35 40
24 36 76
24 37 76
24 38 70
24 39 75
24 40 74
24 42 24
24 43 75
24 44 48
24 47 84
24 48 33
25 1 98
25 2 60
25 4 43
25 5 78
25 6 89
25 7 88
25 8 77
25 9 88
25 10 97
25 11 58
25 12 38
25 15 28
25 16 82
25 17 96
25 18 78
25 21 75
25 22 40
25 23 20
25 24 98
25 27 100
25 28 20
25 30 35
25 31 28
25 32 85
25 33 46
25 34 31
25 35 97
25 36 90
25 37 51
25 40 101
25 41 57
25 46 50
25 48 48
25 49 38
26 1 81
26 2 30
26 3 31
26 4 67
26 5 97
26 6 42
26 7 61
26 8 21
26 10 34
26 11 26
26 13 60
26 14 62
26 16 88
26 17 52
26 18 66
26 22 69
26 24 39
26 27 68
26 29 60
26 30 96
26 34 55
26 38 28
26 39 23
26 40 37
26 41 55
26 43 95
26 45 71
26 46 21
26 48 41
26 49 98
26 t 51
27 2 94
27 3 80
27 4 94
27 5 31
27 6 19
27 7 39
27 8 23
27 9 89
27 10 99
27 12 100
27 13 49
27 16 61
27 17 39
27 18 71
27 20 44
27 21 85
27 24 102
27 25 100
27 26 68
27 28 37
27 29 40
27 32 83
27 33 64
27 34 79
27 36 91
27 37 42
27 38 29
27 39 62
27 40 34
27 41 51
27 42 68
27 45 39
27 46 67
27 47 32
27 48 49
28 1 56
28 2 76
28 3 55
28 4 51
28 5 64
28 6 41
28 8 41
28 9 81
28 10 93
28 11 69
28 12 92
28 13 51
28 14 92
28 15 57
28 17 88
28 18 53
28 21 95
28 23 26
28 24 69
28 25 20
28 27 37
28 29 59
28 33 72
28 34 61
28 35 25
28 36 59
28 38 52
28 39 67
28 40 93
28 41 72
28 42 47
28 43 53
28 45 80
28 46 32
28 48 51
28 49 78
28 t 27
29 2 98
29 3 44
29 4 20
29 6 70
29 7 94
29 8 24
29 9 97
29 10 82
29 11 42
29 12 31
29 13 85
29 15 95
29 16 54
29 17 42
29 18 53
29 19 85
29 20 74
29 22 68
29 23 62
29 24 53
29 26 60
29 27 40
29 28 59
29 30 65
29 32 40
29 34 24
29 35 63
29 37 69
29 38 57
29 40 68
29 41 78
29 42 87
29 44 56
29 46 62
29 47 75
29 49 101
29 t 46
30 1 70
30 3 97
30 4 77
30 5 89
30 7 48
30 8 25
30 9 83
30 14 77
30 15 21
30 16 88
30 18 69
30 19 72
30 20 55
30 23 85
30 24 49
30 25 35
30 26 96
30 29 65
30 31 42
30 32 88
30 33 33
30 34 20
30 35 91
30 36 68
30 39 92
30 40 46
30 41 48
30 42 24
30 45 70
30 46 82
30 47 45
30 49 81
30 t 74
31 1 64
31 2 99
31 4 26
31 6 23
31 7 89
31 8 36
31 9 95
31 10 88
31 13 76
31 14 33
31 16 55
31 18 58
31 19 23
31 23 51
31 24 89
31 25 28
31 30 42
31 33 57
31 34 42
31 36 43
31 37 72
31 38 37
31 39 64
31 40 39
31 41 60
31 42 92
31 43 90
31 44 69
31 45 59
31 46 101
31 47 46
31 48 23
32 2 42
32 4 79
32 5 52
32 6 40
32 7 74
32 8 97
32 9 82
32 10 37
32 12 71
32 13 32
32 14 102
32 17 67
32 19 39
32 20 90
32 21 86
32 22 54
32 23 24
32 25 85
32 27 83
32 29 40
32 30 88
32 34 74
32 36 78
32 38 80
32 40 66
32 42 19
32 43 102
32 44 28
32 46 41
32 48 45
32 49 36
32 t 74
33 1 78
33 2 82
33 3 26
33 7 23
33 8 34
33 9 25
33 10 96
33 13 89
33 15 80
33 16 59
33 17 42
33 19 100
33 20 51
33 21 71
33 23 38
33 24 25
33 25 46
33 27 64
33 28 72
33 30 33
33 31 57
33 34 41
33 35 96
33 37 96
33 38 27
33 40 96
33 41 49
33 42 41
33 43 65
33 44 52
33 45 46
33 48 62
33 t 38
34 1 68
34 4 91
34 5 46
34 6 29
34 8 61
34 9 101
34 11 44
34 12 43
34 13 27
34 14 68
34 15 100
34 16 95
34 18 39
34 20 28
34 22 73
34 23 40
34 24 50
34 25 31
34 26 55
34 27 79
34 28 61
34 29 24
34 30 20
34 31 42
34 32 74
34 33 41
34 35 38
34 36 20
34 37 28
34 39 84
34 40 56
34 42 64
34 44 76
34 46 66
34 47 80
34 49 27
34 t 63
35 1 52
35 4 69
35 6 100
35 9 31
35 10 77
35 11 37
35 12 74
35 13 32
35 14 78
35 16 78
35 17 30
35 18 33
35 19 91
35 21 35
35 22 29
35 24 40
35 25 97
35 28 25
35 29 63
35 30 91
35 33 96
35 34 38
35 36 84
35 38 68
35 39 23
35 40 30
35 41 93
35 42 97
35 46 60
35 47 25
35 48 33
35 t 28
36 1 90
36 3 57
36 4 53
36 6 99
36 8 55
36 11 100
36 13 65
36 16 94
36 17 19
36 18 49
36 19 26
36 20 27
36 21 84
36 22 80
36 24 76
36 25 90
36 27 91
36 28 59
36 30 68
36 31 43
36 32 78
36 34 20
36 35 84
36 37 34
36 39 87
36 40 101
36 41 30
36 44 37
36 45 44
36 46 20
36 47 32
36 48 75
36 49 99
36 t 89
37 1 25
37 2 48
37 3 26
37 4 73
37 5 19
37 6 76
37 7 66
37 8 56
37 9 23
37 11 43
37 12 98
37 15 58
37 18 58
37 19 99
37 20 71
37 21 35
37 22 32
37 23 95
37 24 76
37 25 51
37 27 42
37 29 69
37 31 72
37 33 96
37 34 28
37 36 34
37 38 51
37 39 37
37 40 19
37 42 76
37 43 51
37 44 84
37 45 29
37 46 73
37 47 36
37 49 83
37 t 94
38 1 48
38 2 100
38 4 87
38 5 87
38 6 96
38 9 41
38 10 42
38 11 101
38 12 55
38 14 33
38 15 45
38 17 87
38 20 88
38 21 25
38 22 27
38 23 86
38 24 70
38 26 28
38 27 29
38 28 52
38 29 57
38 31 37
38 32 80
38 33 27
38 35 68
38 37 51
38 40 78
38 41 70
38 42 61
38 43 41
38 45 24
38 46 89
38 47 22
38 48 96
38 49 54
38 t 101
39 1 77
39 2 47
39 3 72
39 5 44
39 7 36
39 8 56
39 9 60
39 10 50
39 13 44
39 14 36
39 16 57
39 17 79
39 19 19
39 20 45
39 23 76
39 24 75
39 26 23
39 27 62
39 28 67
39 30 92
39 31 64
39 34 84
39 35 23
39 36 87
39 37 37
39 40 95
39 43 86
39 45 49
39 46 88
39 47 20
39 48 83
39 49 87
40 2 87
40 4 46
40 5 63
40 6 42
40 10 71
40 11 79
40 12 99
40 13 101
40 14 25
40 15 64
40 16 101
40 18 48
40 19 21
40 20 61
40 22 35
40 23 19
40 24 74
40 25 101
40 26 37
40 27 34
40 28 93
40 29 68
40 30 46
40 31 39
40 32 66
40 33 96
40 34 56
40 35 30
40 36 101
40 37 19
40 38 78
40 39 95
40 41 37
40 42 25
40 44 46
40 45 24
40 46 98
40 47 88
40 49 23
40 t 93
41 1 27
41 2 98
41 3 44
41 5 53
41 6 53
41 7 61
41 8 79
41 9 41
41 10 68
41 13 87
41 14 88
41 15 34
41 16 41
41 18 66
41 23 75
41 25 57
41 26 55
41 27 51
41 28 72
41 29 78
41 30 48
41 31 60
41 33 49
41 35 93
41 36 30
41 38 70
41 40 37
41 42 32
41 43 41
41 46 69
41 47 83
41 48 26
41 49 44
41 t 28
42 1 24
42 3 47
42 5 58
42 6 60
42 7 87
42 9 77
42 10 44
42 12 51
42 14 90
42 15 36
42 16 21
42 17 88
42 19 91
42 21 57
42 22 31
42 24 24
42 27 68
42 28 47
42 29 87
42 30 24
42 31 92
42 32 19
42 33 41
42 34 64
42 35 97
42 37 76
42 38 61
42 40 25
42 41 32
42 45 39
42 47 90
42 48 22
42 49 93
42 t 65
43 1 69
43 6 65
43 8 23
43 9 55
43 10 77
43 11 64
43 12 85
43 14 27
43 16 81
43 18 94
43 21 81
43 22 52
43 23 25
43 24 75
43 26 95
43 28 53
43 31 90
43 32 102
43 33 65
43 37 51
43 38 41
43 39 86
43 41 41
43 44 34
43 45 70
43 46 52
43 48 26
43 49 74
43 t 47
44 2 99
44 3 85
44 4 44
44 5 70
44 6 45
44 7 40
44 8 60
44 10 82
44 11 90
44 12 101
44 13 34
44 14 28
44 16 68
44 18 70
44 19 20
44 20 26
44 21 100
44 22 81
44 23 102
44 24 48
44 29 56
44 31 69
44 32 28
44 33 52
44 34 76
44 36 37
44 37 84
44 40 46
44 43 34
44 45 35
44 46 59
44 47 51
44 48 71
45 1 40
45 3 55
45 4 41
45 6 25
45 7 68
45 10 78
45 11 37
45 14 48
45 15 26
45 16 80
45 17 43
45 18 83
45 19 82
45 21 77
45 22 74
45 23 39
45 26 71
45 27 39
45 28 80
45 30 70
45 31 59
45 33 46
45 36 44
45 37 29
45 38 24
45 39 49
45 40 24
45 42 39
45 43 70
45 44 35
45 46 40
45 48 97
45 49 89
46 2 27
46 3 97
46 6 81
46 7 26
46 8 77
46 9 46
46 11 97
46 12 84
46 14 37
46 15 100
46 16 81
46 17 58
46 18 55
46 19 90
46 20 82
46 21 76
46 22 81
46 25 50
46 26 21
46 27 67
46 28 32
46 29 62
46 30 82
46 31 101
46 32 41
46 34 66
46 35 60
46 36 20
46 37 73
46 38 89
46 39 88
46 40 98
46 41 69
46 43 52
46 44 59
46 45 40
46 47 92
46 t 86
47 1 81
47 4 33
47 6 22
47 7 45
47 9 25
47 10 23
47 13 36
47 14 95
47 16 70
47 17 64
47 18 60
47 19 56
47 20 79
47 21 27
47 22 96
47 24 84
47 27 32
47 29 75
47 30 45
47 31 46
47 34 80
47 35 25
47 36 32
47 37 36
47 38 22
47 39 20
47 40 88
47 41 83
47 42 90
47 44 51
47 46 92
47 48 53
47 49 19
48 1 20
48 2 64
48 3 75
48 4 81
48 6 36
48 7 61
48 8 40
48 9 69
48 10 88
48 11 63
48 12 82
48 13 47
48 14 28
48 15 25
48 16 77
48 19 59
48 20 55
48 22 30
48 23 31
48 24 33
48 25 48
48 26 41
48 27 49
48 28 51
48 31 23
48 32 45
48 33 62
48 35 33
48 36 75
48 38 96
48 39 83
48 41 26
48 42 22
48 43 26
48 44 71
48 45 97
48 47 53
49 2 40
49 3 71
49 4 50
49 5 96
49 6 42
49 7 86
49 8 71
49 9 62
49 10 61
49 11 92
49 12 55
49 13 69
49 14 102
49 16 71
49 17 99
49 18 84
49 19 39
49 22 55
49 23 45
49 25 38
49 26 98
49 28 78
49 29 101
49 30 81
49 32 36
49 34 27
49 36 99
49 37 83
49 38 54
49 39 87
49 40 23
49 41 44
49 42 93
49 43 74
49 45 89
49 47 19
