s 2 47
s 3 65
s 4 110
s 5 96
s 6 21
s 7 109
s 8 11
s 9 1
s 10 64
s 12 72
s 13 9
s 14 99
s 15 98
s 16 31
s 18 64
s 21 87
s 22 92
s 24 37
s 26 6
s 27 70
s 28 82
s 29 108
s 30 100
s 31 54
s 33 37
s 34 93
s 35 48
s 36 38
s 37 68
s 38 93
s 39 36
s 40 45
s 42 51
s 43 70
s 45 43
s 46 49
s 47 21
s 48 115
s 49 28
s 50 24
s 51 76
s 52 32
s 56 8
s 57 78
s 58 17
s 59 9
s 62 82
s t 65
1 2 15
1 3 78
1 4 92
1 5 54
1 6 108
1 7 92
1 8 54
1 9 46
1 10 15
1 11 93
1 14 26
1 15 16
1 16 107
1 17 33
1 18 38
1 19 61
1 20 47
1 21 56
1 22 78
1 23 46
1 24 9
1 26 39
1 29 23
1 30 29
1 31 72
1 33 63
1 34 77
1 35 27
1 38 54
1 39 14
1 40 1
1 41 45
1 42 11
1 43 101
1 44 82
1 45 65
1 46 88
1 47 18
1 49 78
1 50 98
1 52 62
1 53 43
1 56 45
1 57 23
1 58 40
1 61 116
1 62 13
1 t 107
2 1 15
2 3 117
2 4 36
2 5 55
2 6 116
2 7 63
2 8 117
2 9 69
2 10 60
2 11 25
2 12 46
2 13 37
2 14 43
2 15 36
2 16 104
2 17 106
2 18 1
2 19 115
2 21 7
2 22 22
2 24 9
2 25 79
2 31 4
2 32 3
2 33 6
2 34 9
2 35 69
2 36 1
2 37 6
2 38 39
2 39 28
2 40 116
2 41 102
2 42 99
2 43 80
2 46 103
2 47 2
2 48 45
2 49 69
2 50 4
2 51 37
2 52 20
2 53 50
2 55 94
2 57 13
2 58 40
2 59 48
2 60 24
2 61 114
2 t 50
3 1 78
3 2 117
3 4 95
3 5 28
3 6 51
3 7 38
3 8 71
3 9 27
3 11 47
3 12 84
3 14 3
3 15 21
3 16 81
3 18 62
3 19 25
3 20 43
3 21 40
3 22 106
3 24 47
3 25 60
3 26 66
3 28 101
3 29 70
3 30 78
3 32 82
3 34 95
3 35 12
3 36 62
3 37 12
3 38 100
3 39 65
3 41 11
3 42 44
3 43 61
3 44 94
3 46 25
3 47 112
3 49 115
3 50 53
3 51 51
3 52 88
3 53 79
3 54 102
3 56 73
3 57 44
3 59 33
3 60 64
3 61 47
3 62 112
4 1 92
4 2 36
4 3 95
4 8 76
4 10 3
4 11 76
4 12 104
4 13 79
4 14 112
4 15 45
4 17 5
4 20 49
4 21 4
4 22 49
4 23 15
4 25 1
4 26 39
4 27 4
4 28 24
4 29 118
4 30 50
4 32 49
4 33 95
4 34 31
4 36 15
4 38 75
4 39 61
4 40 38
4 42 112
4 43 31
4 44 25
4 45 52
4 46 102
4 47 111
4 48 92
4 49 83
4 50 88
4 52 87
4 53 98
4 54 64
4 56 42
4 57 38
4 59 13
4 60 45
4 61 45
4 62 78
4 t 27
5 1 54
5 2 55
5 3 28
5 6 36
5 7 43
5 8 22
5 9 41
5 10 5
5 11 102
5 12 117
5 13 106
5 14 110
5 15 81
5 16 91
5 17 7
5 19 75
5 20 51
5 21 94
5 22 101
5 23 10
5 24 54
5 25 71
5 27 27
5 28 10
5 29 8
5 30 15
5 31 87
5 32 92
5 33 73
5 34 41
5 35 64
5 36 38
5 37 107
5 38 103
5 41 112
5 42 40
5 43 59
5 44 31
5 45 83
5 46 75
5 47 106
5 48 50
5 49 101
5 51 101
5 52 51
5 53 39
5 54 4
5 55 71
5 56 31
5 62 53
5 t 77
6 1 108
6 2 116
6 3 51
6 5 36
6 7 2
6 8 59
6 10 115
6 11 11
6 12 108
6 13 15
6 14 84
6 15 101
6 17 7
6 18 41
6 20 33
6 21 59
6 22 101
6 23 11
6 24 53
6 26 107
6 27 115
6 28 34
6 29 111
6 30 38
6 32 25
6 33 37
6 34 89
6 36 68
6 37 86
6 38 68
6 40 30
6 41 15
6 42 80
6 43 115
6 45 99
6 46 62
6 48 100
6 49 11
6 50 99
6 54 7
6 55 50
6 57 73
6 58 62
6 59 88
6 61 36
6 62 39
7 1 92
7 2 63
7 3 38
7 5 43
7 6 2
7 8 96
7 9 69
7 10 6
7 12 30
7 13 64
7 14 21
7 16 93
7 18 91
7 19 113
7 20 68
7 21 25
7 22 22
7 23 92
7 24 6
7 25 64
7 26 82
7 27 102
7 29 74
7 30 21
7 32 1
7 33 32
7 35 12
7 37 59
7 38 8
7 39 60
7 40 41
7 41 56
7 43 86
7 45 114
7 47 105
7 50 19
7 51 28
7 52 40
7 53 100
7 54 28
7 55 83
7 57 111
7 59 73
7 60 105
7 61 10
7 62 16
7 t 92
8 1 54
8 2 117
8 3 71
8 4 76
8 5 22
8 6 59
8 7 96
8 9 46
8 10 67
8 11 87
8 12 78
8 13 86
8 14 5
8 15 93
8 16 41
8 17 50
8 18 75
8 19 15
8 20 56
8 22 101
8 25 71
8 26 66
8 27 64
8 28 36
8 32 34
8 33 114
8 34 109
8 35 114
8 36 9
8 38 36
8 39 22
8 40 34
8 41 58
8 42 13
8 44 107
8 46 26
8 48 27
8 49 56
8 51 41
8 52 83
8 53 102
8 54 1
8 55 76
8 56 111
8 57 108
8 59 42
9 1 46
9 2 69
9 3 27
9 5 41
9 7 69
9 8 46
9 11 1
9 12 22
9 13 50
9 14 55
9 16 10
9 17 29
9 18 24
9 19 111
9 20 89
9 21 1
9 22 82
9 25 113
9 26 96
9 27 22
9 28 62
9 30 110
9 31 25
9 33 68
9 35 18
9 37 100
9 38 6
9 39 40
9 40 15
9 42 37
9 43 25
9 44 88
9 46 43
9 47 44
9 48 71
9 49 44
9 50 30
9 51 10
9 54 48
9 56 64
9 57 90
9 60 34
9 61 53
9 62 56
9 t 14
10 1 15
10 2 60
10 4 3
10 5 5
10 6 115
10 7 6
10 8 67
10 11 23
10 12 34
10 15 72
10 16 77
10 18 46
10 19 71
10 20 109
10 21 49
10 22 20
10 23 12
10 25 55
10 26 15
10 27 57
10 29 35
10 30 24
10 32 35
10 33 56
10 34 29
10 36 75
10 37 48
10 38 77
10 40 75
10 42 48
10 43 7
10 46 18
10 49 64
10 50 111
10 51 32
10 52 21
10 53 109
10 54 75
10 56 96
10 57 5
10 58 48
10 59 67
10 60 32
10 61 64
10 62 56
10 t 108
11 1 93
11 2 25
11 3 47
11 4 76
11 5 102
11 6 11
11 8 87
11 9 1
11 10 23
11 12 36
11 13 118
11 14 95
11 15 108
11 16 104
11 17 107
11 18 82
11 19 16
11 20 111
11 21 91
11 22 62
11 23 109
11 25 83
11 27 18
11 29 61
11 31 51
11 32 17
11 33 114
11 34 104
11 35 67
11 36 74
11 38 66
11 39 75
11 42 4
11 43 50
11 44 105
11 45 5
11 46 118
11 47 56
11 50 9
11 51 80
11 52 51
11 53 108
11 55 111
11 56 33
11 57 10
11 58 10
11 60 43
11 61 86
11 62 70
11 t 4
12 2 46
12 3 84
12 4 104
12 5 117
12 6 108
12 7 30
12 8 78
12 9 22
12 10 34
12 11 36
12 13 2
12 14 38
12 15 85
12 16 93
12 17 117
12 19 10
12 20 37
12 21 110
12 22 103
12 24 93
12 25 86
12 26 63
12 27 17
12 29 94
12 30 16
12 31 11
12 32 69
12 34 27
12 35 52
12 36 15
12 38 39
12 39 4
12 40 55
12 41 69
12 42 37
12 43 51
12 45 81
12 46 27
12 47 15
12 48 37
12 49 79
12 50 96
12 52 116
12 56 66
12 57 11
12 58 77
12 59 31
12 60 16
12 61 1
12 t 21
13 2 37
13 4 79
13 5 106
13 6 15
13 7 64
13 8 86
13 9 50
13 11 118
13 12 2
13 14 85
13 15 105
13 16 107
13 19 89
13 22 25
13 23 43
13 24 98
13 25 25
13 26 6
13 27 18
13 28 19
13 30 86
13 31 11
13 32 32
13 34 91
13 35 34
13 36 41
13 37 57
13 39 27
13 40 69
13 41 96
13 42 110
13 43 22
13 46 54
13 47 88
13 48 21
13 49 105
13 51 10
13 52 5
13 53 12
13 54 92
13 55 95
13 56 64
13 57 54
13 58 110
13 59 85
13 60 39
13 62 64
13 t 24
14 1 26
14 2 43
14 3 3
14 4 112
14 5 110
14 6 84
14 7 21
14 8 5
14 9 55
14 11 95
14 12 38
14 13 85
14 15 5
14 16 104
14 18 31
14 19 35
14 20 27
14 21 95
14 22 114
14 23 111
14 24 2
14 25 68
14 26 34
14 28 84
14 29 44
14 30 44
14 33 90
14 34 11
14 36 26
14 37 18
14 38 49
14 39 114
14 40 76
14 41 95
14 42 58
14 44 109
14 45 96
14 47 78
14 48 19
14 49 21
14 50 21
14 52 9
14 54 50
14 56 2
14 57 88
14 59 74
14 60 56
14 61 93
14 t 103
15 1 16
15 2 36
15 3 21
15 4 45
15 5 81
15 6 101
15 8 93
15 10 72
15 11 108
15 12 85
15 13 105
15 14 5
15 16 2
15 17 94
15 19 108
15 20 78
15 22 21
15 24 79
15 25 52
15 27 104
15 28 52
15 31 8
15 32 115
15 33 14
15 34 36
15 36 91
15 37 10
15 38 41
15 39 32
15 40 103
15 41 113
15 42 54
15 43 49
15 44 76
15 46 58
15 47 8
15 48 68
15 49 111
15 50 85
15 51 9
15 52 88
15 53 15
15 54 111
15 55 80
15 56 14
15 58 86
15 59 43
15 60 72
15 61 94
15 62 21
15 t 40
16 1 107
16 2 104
16 3 81
16 5 91
16 7 93
16 8 41
16 9 10
16 10 77
16 11 104
16 12 93
16 13 107
16 14 104
16 15 2
16 17 53
16 20 118
16 21 50
16 23 66
16 24 53
16 25 104
16 26 90
16 27 17
16 28 62
16 29 113
16 31 63
16 32 115
16 33 117
16 34 113
16 35 11
16 37 15
16 38 8
16 39 16
16 40 48
16 41 11
16 42 62
16 43 57
16 44 104
16 47 59
16 48 36
16 51 113
16 52 75
16 53 118
16 54 100
16 55 13
16 56 50
16 57 21
16 58 70
16 59 39
16 61 74
16 t 28
17 1 33
17 2 106
17 4 5
17 5 7
17 6 7
17 8 50
17 9 29
17 11 107
17 12 117
17 15 94
17 16 53
17 18 21
17 19 24
17 21 14
17 22 30
17 24 80
17 25 16
17 26 101
17 28 89
17 29 21
17 30 14
17 31 35
17 32 69
17 33 110
17 37 43
17 39 58
17 40 70
17 41 46
17 42 21
17 43 39
17 44 17
17 45 66
17 46 47
17 47 99
17 48 10
17 50 88
17 51 61
17 52 78
17 55 51
17 56 33
17 57 60
17 58 114
17 59 75
17 60 71
17 61 110
17 62 34
18 1 38
18 2 1
18 3 62
18 6 41
18 7 91
18 8 75
18 9 24
18 10 46
18 11 82
18 14 31
18 17 21
18 19 33
18 20 64
18 21 117
18 22 105
18 23 25
18 24 36
18 27 100
18 28 104
18 29 4
18 30 65
18 31 8
18 32 3
18 34 25
18 36 86
18 37 102
18 38 56
18 39 9
18 40 2
18 41 56
18 42 89
18 43 61
18 45 12
18 49 111
18 50 32
18 51 9
18 53 93
18 55 62
18 57 47
18 59 92
18 61 114
18 t 35
19 1 61
19 2 115
19 3 25
19 5 75
19 7 113
19 8 15
19 9 111
19 10 71
19 11 16
19 12 10
19 13 89
19 14 35
19 15 108
19 17 24
19 18 33
19 20 54
19 21 10
19 23 109
19 25 115
19 26 88
19 27 98
19 28 103
19 31 105
19 33 14
19 35 26
19 36 5
19 38 90
19 39 72
19 41 83
19 43 95
19 45 24
19 46 3
19 51 73
19 52 1
19 53 46
19 54 21
19 55 79
19 56 67
19 58 3
19 59 95
19 62 25
20 1 47
20 3 43
20 4 49
20 5 51
20 6 33
20 7 68
20 8 56
20 9 89
20 10 109
20 11 111
20 12 37
20 14 27
20 15 78
20 16 118
20 18 64
20 19 54
20 21 17
20 22 111
20 23 3
20 24 40
20 26 13
20 28 49
20 31 21
20 32 64
20 35 77
20 36 42
20 37 20
20 38 89
20 39 109
20 41 39
20 42 44
20 43 106
20 44 55
20 45 99
20 46 7
20 47 49
20 48 113
20 51 88
20 53 10
20 54 72
20 55 54
20 56 60
20 57 16
20 58 5
20 59 73
20 60 11
20 61 101
20 62 2
21 1 56
21 2 7
21 3 40
21 4 4
21 5 94
21 6 59
21 7 25
21 9 1
21 10 49
21 11 91
21 12 110
21 14 95
21 16 50
21 17 14
21 18 117
21 19 10
21 20 17
21 22 92
21 25 22
21 26 107
21 30 4
21 31 6
21 32 9
21 33 100
21 35 5
21 37 74
21 39 34
21 40 24
21 41 30
21 42 116
21 43 35
21 44 66
21 45 59
21 46 117
21 48 41
21 49 55
21 50 9
21 51 76
21 52 100
21 53 30
21 54 84
21 55 80
21 57 65
21 58 49
21 59 71
21 60 33
21 61 41
21 t 103
22 1 78
22 2 22
22 3 106
22 4 49
22 5 101
22 6 101
22 7 22
22 8 101
22 9 82
22 10 20
22 11 62
22 12 103
22 13 25
22 14 114
22 15 21
22 17 30
22 18 105
22 20 111
22 21 92
22 23 105
22 24 111
22 27 51
22 31 109
22 32 114
22 33 97
22 34 16
22 36 38
22 37 52
22 38 100
22 40 67
22 41 45
22 42 78
22 43 50
22 44 30
22 45 102
22 46 3
22 47 57
22 48 68
22 50 103
22 51 92
22 52 117
22 53 57
22 54 42
22 55 108
22 56 45
22 57 66
22 58 100
22 t 23
23 1 46
23 4 15
23 5 10
23 6 11
23 7 92
23 10 12
23 11 109
23 13 43
23 14 111
23 16 66
23 18 25
23 19 109
23 20 3
23 22 105
23 24 74
23 25 85
23 26 17
23 27 7
23 28 27
23 29 50
23 32 71
23 33 54
23 34 100
23 36 38
23 37 84
23 39 80
23 40 26
23 41 6
23 42 17
23 43 19
23 44 44
23 45 52
23 46 38
23 48 100
23 49 86
23 50 75
23 51 99
23 52 40
23 53 87
23 56 107
23 57 23
23 58 37
23 59 69
23 60 25
23 61 63
23 62 28
23 t 116
24 1 9
24 2 9
24 3 47
24 5 54
24 6 53
24 7 6
24 12 93
24 13 98
24 14 2
24 15 79
24 16 53
24 17 80
24 18 36
24 20 40
24 22 111
24 23 74
24 25 33
24 26 40
24 27 109
24 28 95
24 29 77
24 30 23
24 31 50
24 32 19
24 33 58
24 34 62
24 35 97
24 36 14
24 37 41
24 38 73
24 39 30
24 41 8
24 42 98
24 44 12
24 45 111
24 46 45
24 47 92
24 48 95
24 51 95
24 53 19
24 55 7
24 56 94
24 57 34
24 58 40
24 59 13
24 60 40
24 61 55
24 62 27
24 t 23
25 2 79
25 3 60
25 4 1
25 5 71
25 7 64
25 8 71
25 9 113
25 10 55
25 11 83
25 12 86
25 13 25
25 14 68
25 15 52
25 16 104
25 17 16
25 19 115
25 21 22
25 23 85
25 24 33
25 26 28
25 27 19
25 28 50
25 29 28
25 30 60
25 31 45
25 32 113
25 33 69
25 34 41
25 35 48
25 38 105
25 39 33
25 41 67
25 42 85
25 43 45
25 44 42
25 45 1
25 46 84
25 47 44
25 49 5
25 51 100
25 52 64
25 53 47
25 55 88
25 57 65
25 58 56
25 59 113
25 62 35
25 t 78
26 1 39
26 3 66
26 4 39
26 6 107
26 7 82
26 8 66
26 9 96
26 10 15
26 12 63
26 13 6
26 14 34
26 16 90
26 17 101
26 19 88
26 20 13
26 21 107
26 23 17
26 24 40
26 25 28
26 27 67
26 28 1
26 29 38
26 30 88
26 31 67
26 32 25
26 33 48
26 34 5
26 38 15
26 39 59
26 40 98
26 41 2
26 42 53
26 43 28
26 45 81
26 47 48
26 48 59
26 49 30
26 50 101
26 51 21
26 52 53
26 53 110
26 55 15
26 56 42
26 57 41
26 58 9
26 59 63
26 62 71
26 t 77
27 4 4
27 5 27
27 6 115
27 7 102
27 8 64
27 9 22
27 10 57
27 11 18
27 12 17
27 13 18
27 15 104
27 16 17
27 18 100
27 19 98
27 22 51
27 23 7
27 24 109
27 25 19
27 26 67
27 28 40
27 29 92
27 30 118
27 32 49
27 33 104
27 34 80
27 35 2
27 36 32
27 37 59
27 38 98
27 39 18
27 41 90
27 42 2
27 43 60
27 44 52
27 45 94
27 46 36
27 48 85
27 49 40
27 51 99
27 52 109
27 54 109
27 55 17
27 56 32
27 57 35
27 58 54
27 60 43
27 61 81
27 62 26
27 t 90
28 3 101
28 4 24
28 5 10
28 6 34
28 8 36
28 9 62
28 13 19
28 14 84
28 15 52
28 16 62
28 17 89
28 18 104
28 19 103
28 20 49
28 23 27
28 24 95
28 25 50
28 26 1
28 27 40
28 29 97
28 30 42
28 33 102
28 34 58
28 37 76
28 39 57
28 40 52
28 42 78
28 44 61
28 46 27
28 47 12
28 48 69
28 49 56
28 50 18
28 51 115
28 52 53
28 53 97
28 55 57
28 56 77
28 58 39
28 59 86
28 60 5
28 61 80
28 62 36
28 t 18
29 1 23
29 3 70
29 4 118
29 5 8
29 6 111
29 7 74
29 10 35
29 11 61
29 12 94
29 14 44
29 16 113
29 17 21
29 18 4
29 23 50
29 24 77
29 25 28
29 26 38
29 27 92
29 28 97
29 30 72
29 31 110
29 32 55
29 34 21
29 35 76
29 36 27
29 37 10
29 38 92
29 39 75
29 40 39
29 41 44
29 42 87
29 43 55
29 44 89
29 45 32
29 46 66
29 47 79
29 48 48
29 49 89
29 50 21
29 51 107
29 52 53
29 53 94
29 54 6
29 56 7
29 57 4
29 58 14
29 59 98
29 61 65
29 62 113
29 t 83
30 1 29
30 3 78
30 4 50
30 5 15
30 6 38
30 7 21
30 9 110
30 10 24
30 12 16
30 13 86
30 14 44
30 17 14
30 18 65
30 21 4
30 24 23
30 25 60
30 26 88
30 27 118
30 28 42
30 29 72
30 31 67
30 32 100
30 34 109
30 35 33
30 38 102
30 39 30
30 40 26
30 41 85
30 42 39
30 43 110
30 44 8
30 45 43
30 46 31
30 47 109
30 48 30
30 49 16
30 50 112
30 52 79
30 53 20
30 54 16
30 56 69
30 58 84
30 59 19
30 62 87
31 1 72
31 2 4
31 5 87
31 9 25
31 11 51
31 12 11
31 13 11
31 15 8
31 16 63
31 17 35
31 18 8
31 19 105
31 20 21
31 21 6
31 22 109
31 24 50
31 25 45
31 26 67
31 29 110
31 30 67
31 32 56
31 33 22
31 34 78
31 35 94
31 37 50
31 39 68
31 40 12
31 41 43
31 43 93
31 44 90
31 45 16
31 46 72
31 47 5
31 48 51
31 49 31
31 50 32
31 51 40
31 52 51
31 53 65
31 55 59
31 57 39
31 58 102
31 60 68
31 61 100
31 62 80
31 t 1
32 2 3
32 3 82
32 4 49
32 5 92
32 6 25
32 7 1
32 8 34
32 10 35
32 11 17
32 12 69
32 13 32
32 15 115
32 16 115
32 17 69
32 18 3
32 20 64
32 21 9
32 22 114
32 23 71
32 24 19
32 25 113
32 26 25
32 27 49
32 29 55
32 30 100
32 31 56
32 34 57
32 36 98
32 37 69
32 38 26
32 40 33
32 41 17
32 42 8
32 43 95
32 44 103
32 45 86
32 46 44
32 47 20
32 48 45
32 49 53
32 50 64
32 51 94
32 53 11
32 55 51
32 56 51
32 58 14
32 59 3
32 60 69
32 61 105
33 1 63
33 2 6
33 4 95
33 5 73
33 6 37
33 7 32
33 8 114
33 9 68
33 10 56
33 11 114
33 14 90
33 15 14
33 16 117
33 17 110
33 19 14
33 21 100
33 22 97
33 23 54
33 24 58
33 25 69
33 26 48
33 27 104
33 28 102
33 31 22
33 35 42
33 37 64
33 38 53
33 39 3
33 40 53
33 41 36
33 43 14
33 44 88
33 45 38
33 46 76
33 47 109
33 48 6
33 49 12
33 51 30
33 52 31
33 55 85
33 56 70
33 59 78
33 60 70
33 61 64
33 62 37
33 t 60
34 1 77
34 2 9
34 3 95
34 4 31
34 5 41
34 6 89
34 8 109
34 10 29
34 11 104
34 12 27
34 13 91
34 14 11
34 15 36
34 16 113
34 18 25
34 22 16
34 23 100
34 24 62
34 25 41
34 26 5
34 27 80
34 28 58
34 29 21
34 30 109
34 31 78
34 32 57
34 35 45
34 36 115
34 37 32
34 39 102
34 40 9
34 41 20
34 44 117
34 45 76
34 46 76
34 47 47
34 48 82
34 49 106
34 51 48
34 52 59
34 53 92
34 54 101
34 55 74
34 56 93
34 57 118
34 58 31
34 59 65
34 61 46
34 62 82
35 1 27
35 2 69
35 3 12
35 5 64
35 7 12
35 8 114
35 9 18
35 11 67
35 12 52
35 13 34
35 16 11
35 19 26
35 20 77
35 21 5
35 24 97
35 25 48
35 27 2
35 29 76
35 30 33
35 31 94
35 33 42
35 34 45
35 36 27
35 37 96
35 38 40
35 39 59
35 40 108
35 41 62
35 42 86
35 43 75
35 44 18
35 45 7
35 46 82
35 47 6
35 48 60
35 49 47
35 50 73
35 51 83
35 52 38
35 54 17
35 55 20
35 56 111
35 57 21
35 59 13
35 60 55
35 61 107
35 62 6
35 t 86
36 2 1
36 3 62
36 4 15
36 5 38
36 6 68
36 8 9
36 10 75
36 11 74
36 12 15
36 13 41
36 14 26
36 15 91
36 18 86
36 19 5
36 20 42
36 22 38
36 23 38
36 24 14
36 27 32
36 29 27
36 32 98
36 34 115
36 35 27
36 37 11
36 38 56
36 39 69
36 40 101
36 41 114
36 42 39
36 43 26
36 44 106
36 46 73
36 48 103
36 49 70
36 50 118
36 51 4
36 52 88
36 54 96
36 55 8
36 56 15
36 58 72
36 59 70
36 60 15
36 61 40
36 t 109
37 2 6
37 3 12
37 5 107
37 6 86
37 7 59
37 9 100
37 10 48
37 13 57
37 14 18
37 15 10
37 16 15
37 17 43
37 18 102
37 20 20
37 21 74
37 22 52
37 23 84
37 24 41
37 27 59
37 28 76
37 29 10
37 31 50
37 32 69
37 33 64
37 34 32
37 35 96
37 36 11
37 39 42
37 40 68
37 41 33
37 42 61
37 43 87
37 44 10
37 45 80
37 46 60
37 47 13
37 48 110
37 49 6
37 51 60
37 52 15
37 53 18
37 55 29
37 56 4
37 57 47
37 59 8
37 60 21
37 61 66
37 62 13
37 t 52
38 1 54
38 2 39
38 3 100
38 4 75
38 5 103
38 6 68
38 7 8
38 8 36
38 9 6
38 10 77
38 11 66
38 12 39
38 14 49
38 15 41
38 16 8
38 18 56
38 19 90
38 20 89
38 22 100
38 24 73
38 25 105
38 26 15
38 27 98
38 29 92
38 30 102
38 32 26
38 33 53
38 35 40
38 36 56
38 40 51
38 41 62
38 42 79
38 43 69
38 44 92
38 45 54
38 46 96
38 47 22
38 48 29
38 49 29
38 50 117
38 51 54
38 52 5
38 53 114
38 54 50
38 55 45
38 56 114
38 57 58
38 59 30
38 60 113
38 61 29
38 62 106
38 t 108
39 1 14
39 2 28
39 3 65
39 4 61
39 7 60
39 8 22
39 9 40
39 11 75
39 12 4
39 13 27
39 14 114
39 15 32
39 16 16
39 17 58
39 18 9
39 19 72
39 20 109
39 21 34
39 23 80
39 24 30
39 25 33
39 26 59
39 27 18
39 28 57
39 29 75
39 30 30
39 31 68
39 33 3
39 34 102
39 35 59
39 36 69
39 37 42
39 41 4
39 42 44
39 45 21
39 46 11
39 50 118
39 51 95
39 52 59
39 53 52
39 54 100
39 55 86
39 56 38
39 57 52
39 58 80
39 60 96
39 61 32
39 62 18
39 t 69
40 1 1
40 2 116
40 4 38
40 6 30
40 7 41
40 8 34
40 9 15
40 10 75
40 12 55
40 13 69
40 14 76
40 15 103
40 16 48
40 17 70
40 18 2
40 21 24
40 22 67
40 23 26
40 26 98
40 28 52
40 29 39
40 30 26
40 31 12
40 32 33
40 33 53
40 34 9
40 35 108
40 36 101
40 37 68
40 38 51
40 41 72
40 42 54
40 43 75
40 44 47
40 45 100
40 46 81
40 47 7
40 48 1
40 49 114
40 50 2
40 52 80
40 53 113
40 57 6
40 58 29
40 59 10
40 60 81
40 62 2
40 t 74
41 1 45
41 2 102
41 3 11
41 5 112
41 6 15
41 7 56
41 8 58
41 12 69
41 13 96
41 14 95
41 15 113
41 16 11
41 17 46
41 18 56
41 19 83
41 20 39
41 21 30
41 22 45
41 23 6
41 24 8
41 25 67
41 26 2
41 27 90
41 29 44
41 30 85
41 31 43
41 32 17
41 33 36
41 34 20
41 35 62
41 36 114
41 37 33
41 38 62
41 39 4
41 40 72
41 42 88
41 44 22
41 45 67
41 46 95
41 48 82
41 49 50
41 51 37
41 52 88
41 53 87
41 54 84
41 55 19
41 58 44
41 59 114
41 60 83
41 62 59
41 t 71
42 1 11
42 2 99
42 3 44
42 4 112
42 5 40
42 6 80
42 8 13
42 9 37
42 10 48
42 11 4
42 12 37
42 13 110
42 14 58
42 15 54
42 16 62
42 17 21
42 18 89
42 20 44
42 21 116
42 22 78
42 23 17
42 24 98
42 25 85
42 26 53
42 27 2
42 28 78
42 29 87
42 30 39
42 32 8
42 35 86
42 36 39
42 37 61
42 38 79
42 39 44
42 40 54
42 41 88
42 43 87
42 44 106
42 45 5
42 46 109
42 49 35
42 50 75
42 51 100
42 54 71
42 55 76
42 56 75
42 57 79
42 58 8
42 59 53
42 61 52
42 t 96
43 1 101
43 2 80
43 3 61
43 4 31
43 5 59
43 6 115
43 7 86
43 9 25
43 10 7
43 11 50
43 12 51
43 13 22
43 15 49
43 16 57
43 17 39
43 18 61
43 19 95
43 20 106
43 21 35
43 22 50
43 23 19
43 25 45
43 26 28
43 27 60
43 29 55
43 30 110
43 31 93
43 32 95
43 33 14
43 35 75
43 36 26
43 37 87
43 38 69
43 40 75
43 42 87
43 44 81
43 49 53
43 50 60
43 51 91
43 53 45
43 54 80
43 55 73
43 57 1
43 59 97
43 62 96
43 t 104
44 1 82
44 3 94
44 4 25
44 5 31
44 8 107
44 9 88
44 11 105
44 14 109
44 15 76
44 16 104
44 17 17
44 20 55
44 21 66
44 22 30
44 23 44
44 24 12
44 25 42
44 27 52
44 28 61
44 29 89
44 30 8
44 31 90
44 32 103
44 33 88
44 34 117
44 35 18
44 36 106
44 37 10
44 38 92
44 40 47
44 41 22
44 42 106
44 43 81
44 46 39
44 48 51
44 49 69
44 50 56
44 51 56
44 52 88
44 53 97
44 55 2
44 56 49
44 58 102
44 59 77
44 62 90
44 t 113
45 1 65
45 4 52
45 5 83
45 6 99
45 7 114
45 11 5
45 12 81
45 14 96
45 17 66
45 18 12
45 19 24
45 20 99
45 21 59
45 22 102
45 23 52
45 24 111
45 25 1
45 26 81
45 27 94
45 29 32
45 30 43
45 31 16
45 32 86
45 33 38
45 34 76
45 35 7
45 37 80
45 38 54
45 39 21
45 40 100
45 41 67
45 42 5
45 46 6
45 47 89
45 48 36
45 50 90
45 52 109
45 53 21
45 56 49
45 57 75
45 58 40
45 59 88
45 60 59
45 61 8
45 62 76
45 t 75
46 1 88
46 2 103
46 3 25
46 4 102
46 5 75
46 6 62
46 8 26
46 9 43
46 10 18
46 11 118
46 12 27
46 13 54
46 15 58
46 17 47
46 19 3
46 20 7
46 21 117
46 22 3
46 23 38
46 24 45
46 25 84
46 27 36
46 28 27
46 29 66
46 30 31
46 31 72
46 32 44
46 33 76
46 34 76
46 35 82
46 36 73
46 37 60
46 38 96
46 39 11
46 40 81
46 41 95
46 42 109
46 44 39
46 45 6
46 50 39
46 51 71
46 52 24
46 55 36
46 56 37
46 57 78
46 59 102
46 60 2
46 61 97
46 62 112
47 1 18
47 2 2
47 3 112
47 4 111
47 5 106
47 7 105
47 9 44
47 11 56
47 12 15
47 13 88
47 14 78
47 15 8
47 16 59
47 17 99
47 20 49
47 22 57
47 24 92
47 25 44
47 26 48
47 28 12
47 29 79
47 30 109
47 31 5
47 32 20
47 33 109
47 34 47
47 35 6
47 37 13
47 38 22
47 40 7
47 45 89
47 48 22
47 51 35
47 52 9
47 54 105
47 56 27
47 57 51
47 59 103
47 60 37
47 61 74
47 62 108
47 t 35
48 2 45
48 4 92
48 5 50
48 6 100
48 8 27
48 9 71
48 12 37
48 13 21
48 14 19
48 15 68
48 16 36
48 17 10
48 20 113
48 21 41
48 22 68
48 23 100
48 24 95
48 26 59
48 27 85
48 28 69
48 29 48
48 30 30
48 31 51
48 32 45
48 33 6
48 34 82
48 35 60
48 36 103
48 37 110
48 38 29
48 40 1
48 41 82
48 44 51
48 45 36
48 47 22
48 49 99
48 50 48
48 51 74
48 52 3
48 53 80
48 54 43
48 55 32
48 56 89
48 57 32
48 58 70
48 60 36
48 61 76
48 62 8
48 t 81
49 1 78
49 2 69
49 3 115
49 4 83
49 5 101
49 6 11
49 8 56
49 9 44
49 10 64
49 12 79
49 13 105
49 14 21
49 15 111
49 18 111
49 21 55
49 23 86
49 25 5
49 26 30
49 27 40
49 28 56
49 29 89
49 30 16
49 31 31
49 32 53
49 33 12
49 34 106
49 35 47
49 36 70
49 37 6
49 38 29
49 40 114
49 41 50
49 42 35
49 43 53
49 44 69
49 48 99
49 50 82
49 51 112
49 52 8
49 53 51
49 54 103
49 55 118
49 56 97
49 57 29
49 58 39
49 59 57
49 60 48
49 61 114
49 62 93
49 t 36
50 1 98
50 2 4
50 3 53
50 4 88
50 6 99
50 7 19
50 9 30
50 10 111
50 11 9
50 12 96
50 14 21
50 15 85
50 17 88
50 18 32
50 21 9
50 22 103
50 23 75
50 26 101
50 28 18
50 29 21
50 30 112
50 31 32
50 32 64
50 35 73
50 36 118
50 38 117
50 39 118
50 40 2
50 42 75
50 43 60
50 44 56
50 45 90
50 46 39
50 48 48
50 49 82
50 51 66
50 52 18
50 53 5
50 54 72
50 55 72
50 56 4
50 57 95
50 58 41
50 59 42
50 60 29
50 61 77
50 62 18
51 2 37
51 3 51
51 5 101
51 7 28
51 8 41
51 9 10
51 10 32
51 11 80
51 13 10
51 15 9
51 16 113
51 17 61
51 18 9
51 19 73
51 20 88
51 21 76
51 22 92
51 23 99
51 24 95
51 25 100
51 26 21
51 27 99
51 28 115
51 29 107
51 31 40
51 32 94
51 33 30
51 34 48
51 35 83
51 36 4
51 37 60
51 38 54
51 39 95
51 41 37
51 42 100
51 43 91
51 44 56
51 46 71
51 47 35
51 48 74
51 49 112
51 50 66
51 53 27
51 54 21
51 55 38
51 56 19
51 57 61
51 59 83
51 t 95
52 1 62
52 2 20
52 3 88
52 4 87
52 5 51
52 7 40
52 8 83
52 10 21
52 11 51
52 12 116
52 13 5
52 14 9
52 15 88
52 16 75
52 17 78
52 19 1
52 21 100
52 22 117
52 23 40
52 25 64
52 26 53
52 27 109
52 28 53
52 29 53
52 30 79
52 31 51
52 33 31
52 34 59
52 35 38
52 36 88
52 37 15
52 38 5
52 39 59
52 40 80
52 41 88
52 44 88
52 45 109
52 46 24
52 47 9
52 48 3
52 49 8
52 50 18
52 53 50
52 54 106
52 55 84
52 57 113
52 58 69
52 59 24
52 60 73
52 61 109
52 62 74
52 t 46
53 1 43
53 2 50
53 3 79
53 4 98
53 5 39
53 7 100
53 8 102
53 10 109
53 11 108
53 13 12
53 15 15
53 16 118
53 18 93
53 19 46
53 20 10
53 21 30
53 22 57
53 23 87
53 24 19
53 25 47
53 26 110
53 28 97
53 29 94
53 30 20
53 31 65
53 32 11
53 34 92
53 37 18
53 38 114
53 39 52
53 40 113
53 41 87
53 43 45
53 44 97
53 45 21
53 48 80
53 49 51
53 50 5
53 51 27
53 52 50
53 54 106
53 55 58
53 56 86
53 57 49
53 58 108
53 59 31
53 60 41
53 62 58
53 t 118
54 3 102
54 4 64
54 5 4
54 6 7
54 7 28
54 8 1
54 9 48
54 10 75
54 13 92
54 14 50
54 15 111
54 16 100
54 19 21
54 20 72
54 21 84
54 22 42
54 27 109
54 29 6
54 30 16
54 34 101
54 35 17
54 36 96
54 38 50
54 39 100
54 41 84
54 42 71
54 43 80
54 47 105
54 48 43
54 49 103
54 50 72
54 51 21
54 52 106
54 53 106
54 55 63
54 56 70
54 57 15
54 58 78
54 60 31
54 62 47
54 t 32
55 2 94
55 5 71
55 6 50
55 7 83
55 8 76
55 11 111
55 13 95
55 15 80
55 16 13
55 17 51
55 18 62
55 19 79
55 20 54
55 21 80
55 22 108
55 24 7
55 25 88
55 26 15
55 27 17
55 28 57
55 31 59
55 32 51
55 33 85
55 34 74
55 35 20
55 36 8
55 37 29
55 38 45
55 39 86
55 41 19
55 42 76
55 43 73
55 44 2
55 46 36
55 48 32
55 49 118
55 50 72
55 51 38
55 52 84
55 53 58
55 54 63
55 56 79
55 58 19
55 59 19
55 60 88
55 61 105
55 62 7
55 t 7
56 1 45
56 3 73
56 4 42
56 5 31
56 8 111
56 9 64
56 10 96
56 11 33
56 12 66
56 13 64
56 14 2
56 15 14
56 16 50
56 17 33
56 19 67
56 20 60
56 22 45
56 23 107
56 24 94
56 26 42
56 27 32
56 28 77
56 29 7
56 30 69
56 32 51
56 33 70
56 34 93
56 35 111
56 36 15
56 37 4
56 38 114
56 39 38
56 42 75
56 44 49
56 45 49
56 46 37
56 47 27
56 48 89
56 49 97
56 50 4
56 51 19
56 53 86
56 54 70
56 55 79
56 57 112
56 58 86
56 59 29
56 60 89
56 61 34
56 62 44
57 1 23
57 2 13
57 3 44
57 4 38
57 6 73
57 7 111
57 8 108
57 9 90
57 10 5
57 11 10
57 12 11
57 13 54
57 14 88
57 16 21
57 17 60
57 18 47
57 20 16
57 21 65
57 22 66
57 23 23
57 24 34
57 25 65
57 26 41
57 27 35
57 29 4
57 31 39
57 34 118
57 35 21
57 37 47
57 38 58
57 39 52
57 40 6
57 42 79
57 43 1
57 45 75
57 46 78
57 47 51
57 48 32
57 49 29
57 50 95
57 51 61
57 52 113
57 53 49
57 54 15
57 56 112
57 58 108
57 59 116
57 60 91
57 61 43
57 t 40
58 1 40
58 2 40
58 6 62
58 10 48
58 11 10
58 12 77
58 13 110
58 15 86
58 16 70
58 17 114
58 19 3
58 20 5
58 21 49
58 22 100
58 23 37
58 24 40
58 25 56
58 26 9
58 27 54
58 28 39
58 29 14
58 30 84
58 31 102
58 32 14
58 34 31
58 36 72
58 39 80
58 40 29
58 41 44
58 42 8
58 44 102
58 45 40
58 48 70
58 49 39
58 50 41
58 52 69
58 53 108
58 54 78
58 55 19
58 56 86
58 57 108
58 59 9
58 60 40
58 61 92
58 62 88
58 t 34
59 2 48
59 3 33
59 4 13
59 6 88
59 7 73
59 8 42
59 10 67
59 12 31
59 13 85
59 14 74
59 15 43
59 16 39
59 17 75
59 18 92
59 19 95
59 20 73
59 21 71
59 23 69
59 24 13
59 25 113
59 26 63
59 28 86
59 29 98
59 30 19
59 32 3
59 33 78
59 34 65
59 35 13
59 36 70
59 37 8
59 38 30
59 40 10
59 41 114
59 42 53
59 43 97
59 44 77
59 45 88
59 46 102
59 47 103
59 49 57
59 50 42
59 51 83
59 52 24
59 53 31
59 55 19
59 56 29
59 57 116
59 58 9
59 60 97
59 61 107
59 62 53
59 t 5
60 2 24
60 3 64
60 4 45
60 7 105
60 9 34
60 10 32
60 11 43
60 12 16
60 13 39
60 14 56
60 15 72
60 17 71
60 20 11
60 21 33
60 23 25
60 24 40
60 27 43
60 28 5
60 31 68
60 32 69
60 33 70
60 35 55
60 36 15
60 37 21
60 38 113
60 39 96
60 40 81
60 41 83
60 45 59
60 46 2
60 47 37
60 48 36
60 49 48
60 50 29
60 52 73
60 53 41
60 54 31
60 55 88
60 56 89
60 57 91
60 58 40
60 59 97
60 61 50
60 62 84
61 1 116
61 2 114
61 3 47
61 4 45
61 6 36
61 7 10
61 9 53
61 10 64
61 11 86
61 12 1
61 14 93
61 15 94
61 16 74
61 17 110
61 18 114
61 20 101
61 21 41
61 23 63
61 24 55
61 27 81
61 28 80
61 29 65
61 31 100
61 32 105
61 33 64
61 34 46
61 35 107
61 36 40
61 37 66
61 38 29
61 39 32
61 42 52
61 45 8
61 46 97
61 47 74
61 48 76
61 49 114
61 50 77
61 52 109
61 55 105
61 56 34
61 57 43
61 58 92
61 59 107
61 60 50
61 62 17
61 t 34
62 1 13
62 3 112
62 4 78
62 5 53
62 6 39
62 7 16
62 9 56
62 10 56
62 11 70
62 13 64
62 15 21
62 17 34
62 19 25
62 20 2
62 23 28
62 24 27
62 25 35
62 26 71
62 27 26
62 28 36
62 29 113
62 30 87
62 31 80
62 33 37
62 34 82
62 35 6
62 37 13
62 38 106
62 39 18
62 40 2
62 41 59
62 43 96
62 44 90
62 45 76
62 46 112
62 47 108
62 48 8
62 49 93
62 50 18
62 52 74
62 53 58
62 54 47
62 55 7
62 56 44
62 58 88
62 59 53
62 60 84
62 61 17
62 t 82
