s 1 8
s 2 25
s 6 15
s 9 29
s 10 9
s 16 25
s 22 7
s 24 22
s 25 16
s 26 8
s 31 19
s 32 18
s 33 22
s 38 15
s 40 17
s 41 16
s 42 26
s 45 19
s 47 9
s 51 19
s 55 19
s 60 28
s 63 12
s 64 26
s 71 30
s 73 18
s 74 10
s 75 28
s 80 13
1 3 11
1 4 12
1 6 29
1 8 11
1 9 9
1 10 13
1 12 15
1 15 9
1 16 16
1 24 21
1 25 29
1 26 8
1 27 26
1 29 18
1 30 9
1 37 27
1 39 30
1 43 26
1 45 7
1 46 9
1 51 17
1 52 27
1 54 25
1 63 11
1 68 12
1 74 26
1 80 10
1 81 17
2 3 21
2 5 8
2 6 22
2 15 24
2 18 16
2 19 7
2 22 24
2 27 25
2 29 18
2 33 23
2 36 11
2 38 20
2 42 23
2 44 25
2 45 30
2 46 13
2 48 12
2 52 16
2 53 13
2 55 15
2 56 25
2 61 11
2 64 18
2 67 24
2 68 14
2 74 18
2 78 29
3 1 11
3 2 21
3 4 17
3 11 18
3 12 29
3 16 12
3 17 20
3 18 25
3 23 9
3 25 10
3 32 11
3 37 27
3 38 23
3 40 27
3 52 14
3 53 17
3 57 10
3 60 15
3 64 20
3 68 30
3 80 15
4 1 12
4 3 17
4 7 9
4 10 10
4 11 17
4 22 8
4 23 7
4 26 21
4 29 22
4 32 17
4 33 14
4 35 14
4 39 23
4 43 22
4 44 20
4 46 19
4 50 29
4 51 14
4 54 13
4 58 28
4 66 27
4 67 8
4 73 18
4 76 14
4 81 20
5 2 8
5 11 10
5 14 28
5 18 14
5 21 14
5 23 8
5 25 19
5 27 30
5 29 23
5 34 30
5 35 18
5 36 17
5 39 25
5 40 24
5 42 13
5 44 15
5 46 16
5 51 15
5 55 23
5 57 21
5 58 25
5 66 17
5 68 7
5 69 16
5 70 21
5 72 26
5 74 22
5 76 17
5 77 23
5 78 28
5 81 8
6 1 29
6 2 22
6 7 27
6 8 25
6 9 16
6 11 30
6 16 23
6 18 19
6 19 29
6 21 11
6 32 29
6 33 24
6 35 17
6 37 27
6 39 14
6 40 14
6 46 18
6 47 14
6 51 7
6 53 9
6 56 30
6 57 30
6 58 22
6 59 10
6 63 18
6 64 15
6 67 13
6 68 7
6 72 10
6 77 28
6 t 8
7 4 9
7 6 27
7 8 19
7 14 22
7 20 24
7 22 18
7 24 10
7 30 12
7 32 14
7 36 12
7 41 18
7 42 10
7 43 12
7 45 25
7 47 20
7 50 16
7 51 24
7 53 16
7 55 23
7 65 24
7 71 30
7 72 29
7 73 8
7 74 29
7 75 19
7 76 14
7 78 17
7 80 30
8 1 11
8 6 25
8 7 19
8 13 16
8 14 12
8 16 16
8 19 14
8 22 22
8 24 24
8 26 28
8 28 20
8 31 30
8 32 23
8 37 10
8 38 9
8 40 14
8 46 23
8 49 21
8 50 26
8 51 29
8 54 22
8 57 11
8 60 18
8 64 22
8 72 13
8 73 25
8 75 15
8 76 21
8 77 19
8 79 13
8 t 16
9 1 9
9 6 16
9 12 26
9 17 27
9 18 7
9 21 18
9 22 27
9 24 24
9 29 22
9 31 28
9 33 19
9 34 26
9 35 18
9 37 8
9 43 27
9 45 12
9 50 17
9 55 25
9 57 15
9 59 8
9 62 9
9 65 18
9 67 29
9 68 27
9 76 15
9 79 10
10 1 13
10 4 10
10 11 22
10 12 14
10 13 21
10 15 30
10 17 27
10 18 19
10 20 21
10 21 28
10 23 12
10 27 24
10 30 23
10 31 8
10 33 21
10 34 9
10 35 21
10 42 8
10 51 24
10 53 28
10 59 29
10 60 11
10 61 12
10 70 20
10 71 16
10 73 7
10 74 24
10 77 22
10 79 14
11 3 18
11 4 17
11 5 10
11 6 30
11 10 22
11 12 11
11 14 14
11 22 24
11 23 11
11 26 13
11 27 7
11 28 12
11 29 26
11 30 16
11 34 7
11 36 28
11 37 15
11 41 25
11 48 7
11 56 14
11 57 27
11 59 23
11 60 30
11 63 8
11 64 28
11 67 9
11 70 15
12 1 15
12 3 29
12 9 26
12 10 14
12 11 11
12 14 19
12 19 24
12 23 23
12 30 20
12 32 25
12 37 28
12 39 10
12 40 25
12 41 24
12 42 22
12 48 24
12 49 29
12 50 17
12 53 13
12 54 11
12 55 25
12 56 30
12 57 14
12 58 15
12 59 28
12 61 11
12 62 12
12 66 19
12 67 28
12 72 20
12 74 9
12 75 23
12 76 14
13 8 16
13 10 21
13 14 7
13 16 23
13 18 9
13 19 22
13 22 22
13 24 19
13 26 15
13 29 18
13 30 22
13 31 14
13 33 30
13 36 18
13 39 10
13 40 25
13 45 19
13 47 26
13 52 25
13 54 24
13 59 18
13 63 29
13 66 9
13 70 18
13 71 13
13 74 30
14 5 28
14 7 22
14 8 12
14 11 14
14 12 19
14 13 7
14 26 25
14 28 27
14 29 22
14 36 7
14 37 11
14 56 10
14 58 10
14 61 20
14 63 14
14 69 7
14 70 8
14 73 15
14 78 14
14 79 17
14 t 11
15 1 9
15 2 24
15 10 30
15 16 8
15 23 24
15 25 27
15 26 7
15 28 18
15 34 20
15 36 18
15 38 10
15 39 15
15 42 18
15 43 11
15 44 9
15 51 15
15 54 20
15 56 17
15 57 16
15 59 25
15 60 25
15 62 9
15 64 15
15 68 9
15 70 26
15 71 19
15 73 18
15 78 16
15 79 22
15 t 16
16 1 16
16 3 12
16 6 23
16 8 16
16 13 23
16 15 8
16 17 19
16 18 9
16 21 24
16 24 18
16 26 28
16 29 21
16 36 14
16 41 8
16 43 30
16 46 8
16 53 14
16 54 27
16 60 7
16 64 8
16 65 22
16 67 23
16 70 27
16 72 19
17 3 20
17 9 27
17 10 27
17 16 19
17 20 21
17 30 25
17 33 14
17 36 28
17 38 19
17 39 18
17 43 13
17 44 28
17 45 25
17 46 8
17 48 17
17 49 15
17 52 8
17 54 22
17 59 8
17 69 25
17 72 17
17 75 13
17 77 24
17 80 21
17 81 10
17 t 19
18 2 16
18 3 25
18 5 14
18 6 19
18 9 7
18 10 19
18 13 9
18 16 9
18 19 17
18 25 22
18 28 12
18 30 13
18 32 10
18 35 9
18 38 19
18 44 18
18 45 18
18 46 8
18 47 17
18 48 26
18 50 19
18 59 25
18 60 13
18 62 16
18 64 20
18 66 13
18 67 17
18 68 19
18 69 15
18 70 17
18 76 19
18 78 14
18 79 18
18 80 8
18 81 7
18 t 23
19 2 7
19 6 29
19 8 14
19 12 24
19 13 22
19 18 17
19 22 16
19 24 12
19 27 9
19 28 11
19 32 24
19 34 27
19 35 20
19 36 16
19 37 26
19 40 18
19 52 14
19 54 21
19 56 21
19 57 29
19 66 14
19 67 17
19 68 12
19 69 21
19 76 30
19 79 18
19 t 19
20 7 24
20 10 21
20 17 21
20 23 29
20 25 17
20 33 20
20 34 9
20 39 11
20 41 27
20 42 12
20 44 18
20 45 12
20 46 9
20 52 28
20 58 29
20 60 22
20 62 12
20 63 20
20 64 19
20 67 13
20 68 14
20 72 25
20 73 10
20 78 16
21 5 14
21 6 11
21 9 18
21 10 28
21 16 24
21 23 26
21 25 13
21 26 7
21 28 21
21 29 9
21 30 19
21 33 18
21 36 20
21 48 16
21 49 30
21 51 23
21 56 9
21 59 13
21 61 25
21 62 27
21 63 24
21 68 19
21 71 22
21 78 16
21 80 28
21 t 20
22 2 24
22 4 8
22 7 18
22 8 22
22 9 27
22 11 24
22 13 22
22 19 16
22 24 22
22 25 7
22 27 9
22 29 13
22 33 21
22 35 29
22 41 27
22 42 11
22 44 11
22 47 10
22 48 27
22 52 29
22 53 26
22 54 26
22 61 8
22 62 17
22 65 12
22 68 28
22 69 22
22 71 13
22 72 7
22 80 16
23 3 9
23 4 7
23 5 8
23 10 12
23 11 11
23 12 23
23 15 24
23 20 29
23 21 26
23 24 17
23 29 16
23 33 29
23 35 21
23 40 20
23 46 27
23 48 18
23 54 25
23 55 19
23 56 10
23 57 8
23 59 10
23 65 25
23 66 23
23 68 25
23 69 20
23 70 11
23 73 13
23 75 27
23 79 25
24 1 21
24 7 10
24 8 24
24 9 24
24 13 19
24 16 18
24 19 12
24 22 22
24 23 17
24 28 14
24 30 23
24 31 10
24 33 13
24 35 18
24 36 12
24 40 26
24 44 20
24 45 18
24 47 21
24 49 24
24 50 12
24 56 14
24 63 12
24 65 21
24 67 13
24 70 9
24 72 18
24 73 18
24 75 18
24 76 30
24 78 21
24 79 26
25 1 29
25 3 10
25 5 19
25 15 27
25 18 22
25 20 17
25 21 13
25 22 7
25 27 15
25 30 13
25 31 17
25 33 14
25 35 9
25 40 21
25 44 18
25 46 28
25 47 11
25 52 27
25 57 28
25 59 25
25 60 26
25 61 30
25 63 27
25 67 10
25 71 10
25 72 29
25 74 18
25 75 21
25 76 22
25 78 19
25 80 7
25 t 7
26 1 8
26 4 21
26 8 28
26 11 13
26 13 15
26 14 25
26 15 7
26 16 28
26 21 7
26 27 28
26 28 8
26 31 30
26 32 14
26 34 8
26 36 7
26 40 23
26 42 28
26 44 22
26 45 15
26 47 7
26 49 19
26 50 15
26 57 23
26 58 29
26 63 15
26 66 11
26 78 25
26 79 12
26 t 9
27 1 26
27 2 25
27 5 30
27 10 24
27 11 7
27 19 9
27 22 9
27 25 15
27 26 28
27 29 29
27 30 21
27 32 12
27 33 28
27 39 24
27 42 17
27 43 22
27 44 7
27 45 19
27 49 9
27 54 20
27 58 25
27 59 25
27 60 11
27 62 14
27 63 7
27 64 20
27 70 21
27 71 23
27 74 20
27 75 26
27 80 10
27 t 11
28 8 20
28 11 12
28 14 27
28 15 18
28 18 12
28 19 11
28 21 21
28 24 14
28 26 8
28 32 25
28 33 22
28 38 12
28 45 27
28 46 8
28 47 30
28 48 12
28 55 22
28 61 28
28 63 8
28 66 24
28 67 13
28 69 21
28 72 27
28 73 7
28 74 7
28 77 24
29 1 18
29 2 18
29 4 22
29 5 23
29 9 22
29 11 26
29 13 18
29 14 22
29 16 21
29 21 9
29 22 13
29 23 16
29 27 29
29 31 19
29 32 14
29 33 21
29 36 10
29 40 13
29 43 8
29 44 17
29 47 13
29 53 12
29 58 11
29 62 10
29 63 26
29 68 24
29 69 28
29 74 29
29 78 11
29 79 23
29 t 18
30 1 9
30 7 12
30 10 23
30 11 16
30 12 20
30 13 22
30 17 25
30 18 13
30 21 19
30 24 23
30 25 13
30 27 21
30 33 23
30 35 27
30 36 27
30 38 18
30 39 30
30 44 17
30 48 13
30 53 28
30 60 14
30 63 8
30 66 14
30 67 21
30 71 28
30 72 14
30 75 7
30 76 9
30 81 22
31 8 30
31 9 28
31 10 8
31 13 14
31 24 10
31 25 17
31 26 30
31 29 19
31 34 24
31 41 11
31 42 18
31 46 13
31 48 24
31 49 20
31 50 8
31 52 13
31 60 11
31 61 28
31 62 23
31 66 19
31 69 10
31 74 18
32 3 11
32 4 17
32 6 29
32 7 14
32 8 23
32 12 25
32 18 10
32 19 24
32 26 14
32 27 12
32 28 25
32 29 14
32 34 22
32 36 20
32 39 27
32 43 19
32 45 12
32 49 9
32 50 15
32 52 9
32 54 15
32 57 18
32 59 10
32 60 14
32 63 28
32 64 15
32 74 20
32 75 26
32 78 21
32 81 14
33 2 23
33 4 14
33 6 24
33 9 19
33 10 21
33 13 30
33 17 14
33 20 20
33 21 18
33 22 21
33 23 29
33 24 13
33 25 14
33 27 28
33 28 22
33 29 21
33 30 23
33 34 18
33 43 16
33 44 7
33 54 24
33 55 10
33 57 14
33 58 21
33 62 8
33 63 18
33 66 25
33 67 25
33 68 14
33 69 21
33 70 29
33 72 9
33 73 9
33 74 28
33 76 29
33 81 18
34 5 30
34 9 26
34 10 9
34 11 7
34 15 20
34 19 27
34 20 9
34 26 8
34 31 24
34 32 22
34 33 18
34 40 17
34 41 7
34 44 13
34 46 17
34 47 15
34 48 24
34 49 16
34 51 24
34 52 30
34 58 18
34 62 25
34 63 28
34 65 18
34 66 28
34 71 12
35 4 14
35 5 18
35 6 17
35 9 18
35 10 21
35 18 9
35 19 20
35 22 29
35 23 21
35 24 18
35 25 9
35 30 27
35 37 18
35 41 14
35 47 9
35 49 18
35 50 25
35 52 26
35 53 21
35 55 25
35 56 22
35 58 23
35 64 11
35 66 13
35 67 21
35 78 25
35 t 18
36 2 11
36 5 17
36 7 12
36 11 28
36 13 18
36 14 7
36 15 18
36 16 14
36 17 28
36 19 16
36 21 20
36 24 12
36 26 7
36 29 10
36 30 27
36 32 20
36 38 9
36 41 7
36 42 23
36 44 7
36 46 29
36 49 22
36 52 26
36 62 13
36 63 7
36 67 10
36 70 17
36 75 19
36 79 28
36 80 30
36 81 27
36 t 28
37 1 27
37 3 27
37 6 27
37 8 10
37 9 8
37 11 15
37 12 28
37 14 11
37 19 26
37 35 18
37 43 13
37 45 18
37 47 13
37 51 18
37 55 24
37 56 30
37 57 18
37 58 27
37 60 18
37 62 14
37 63 8
37 64 22
37 67 30
37 70 9
37 71 8
37 74 7
37 75 23
37 76 11
37 78 11
37 80 7
37 81 22
37 t 8
38 2 20
38 3 23
38 8 9
38 15 10
38 17 19
38 18 19
38 28 12
38 30 18
38 36 9
38 41 15
38 44 9
38 47 30
38 55 22
38 56 24
38 61 10
38 63 8
38 64 22
38 65 12
38 71 7
38 73 19
38 75 19
38 78 16
38 79 16
39 1 30
39 4 23
39 5 25
39 6 14
39 12 10
39 13 10
39 15 15
39 17 18
39 20 11
39 27 24
39 30 30
39 32 27
39 43 9
39 46 10
39 48 21
39 49 9
39 53 12
39 63 21
39 65 22
39 67 29
39 75 11
39 76 18
39 81 29
39 t 18
40 3 27
40 5 24
40 6 14
40 8 14
40 12 25
40 13 25
40 19 18
40 23 20
40 24 26
40 25 21
40 26 23
40 29 13
40 34 17
40 46 14
40 47 21
40 48 13
40 52 27
40 53 16
40 57 21
40 58 17
40 61 21
40 63 30
40 66 27
40 70 8
40 71 11
40 72 10
40 76 10
40 81 10
41 7 18
41 11 25
41 12 24
41 16 8
41 20 27
41 22 27
41 31 11
41 34 7
41 35 14
41 36 7
41 38 15
41 43 16
41 44 26
41 47 21
41 50 29
41 54 8
41 57 26
41 62 25
41 64 18
41 72 11
41 73 13
41 74 15
41 78 8
41 79 30
41 80 10
41 81 23
42 2 23
42 5 13
42 7 10
42 10 8
42 12 22
42 15 18
42 20 12
42 22 11
42 26 28
42 27 17
42 31 18
42 36 23
42 44 15
42 50 29
42 51 10
42 57 20
42 59 19
42 65 12
42 67 10
42 72 18
42 77 7
42 79 20
42 t 8
43 1 26
43 4 22
43 7 12
43 9 27
43 15 11
43 16 30
43 17 13
43 27 22
43 29 8
43 32 19
43 33 16
43 37 13
43 39 9
43 41 16
43 45 30
43 46 27
43 47 26
43 48 27
43 52 23
43 56 23
43 59 20
43 61 17
43 62 27
43 72 29
43 79 21
43 80 27
44 2 25
44 4 20
44 5 15
44 15 9
44 17 28
44 18 18
44 20 18
44 22 11
44 24 20
44 25 18
44 26 22
44 27 7
44 29 17
44 30 17
44 33 7
44 34 13
44 36 7
44 38 9
44 41 26
44 42 15
44 63 17
44 64 24
44 69 25
44 70 30
44 71 19
44 78 8
44 81 11
44 t 17
45 1 7
45 2 30
45 7 25
45 9 12
45 13 19
45 17 25
45 18 18
45 20 12
45 24 18
45 26 15
45 27 19
45 28 27
45 32 12
45 37 18
45 43 30
45 48 22
45 51 15
45 53 7
45 58 21
45 64 18
45 69 16
45 71 24
45 74 9
45 76 15
45 77 26
45 80 21
45 t 27
46 1 9
46 2 13
46 4 19
46 5 16
46 6 18
46 8 23
46 16 8
46 17 8
46 18 8
46 20 9
46 23 27
46 25 28
46 28 8
46 31 13
46 34 17
46 36 29
46 39 10
46 40 14
46 43 27
46 48 20
46 50 23
46 53 15
46 54 30
46 55 12
46 56 25
46 57 18
46 58 13
46 66 7
46 67 11
46 68 16
46 72 28
46 74 29
46 76 13
46 77 28
47 6 14
47 7 20
47 13 26
47 18 17
47 22 10
47 24 21
47 25 11
47 26 7
47 28 30
47 29 13
47 34 15
47 35 9
47 37 13
47 38 30
47 40 21
47 41 21
47 43 26
47 50 8
47 54 21
47 55 25
47 58 11
47 61 12
47 63 26
47 69 9
47 78 30
47 79 29
48 2 12
48 11 7
48 12 24
48 17 17
48 18 26
48 21 16
48 22 27
48 23 18
48 28 12
48 30 13
48 31 24
48 34 24
48 39 21
48 40 13
48 43 27
48 45 22
48 46 20
48 51 23
48 55 15
48 59 23
48 61 12
48 64 17
48 68 12
48 70 22
48 75 27
48 77 26
48 78 11
48 79 23
49 8 21
49 12 29
49 17 15
49 21 30
49 24 24
49 26 19
49 27 9
49 31 20
49 32 9
49 34 16
49 35 18
49 36 22
49 39 9
49 53 28
49 56 22
49 58 26
49 60 7
49 62 19
49 63 20
49 64 16
49 68 12
49 69 18
49 71 15
49 76 25
50 4 29
50 7 16
50 8 26
50 9 17
50 12 17
50 18 19
50 24 12
50 26 15
50 31 8
50 32 15
50 35 25
50 41 29
50 42 29
50 46 23
50 47 8
50 53 30
50 54 11
50 55 30
50 56 12
50 60 16
50 68 15
50 71 24
50 73 23
50 76 12
50 78 29
50 79 15
50 80 28
51 1 17
51 4 14
51 5 15
51 6 7
51 7 24
51 8 29
51 10 24
51 15 15
51 21 23
51 34 24
51 37 18
51 42 10
51 45 15
51 48 23
51 58 24
51 63 25
51 64 23
51 67 21
51 70 7
51 71 29
51 78 21
51 79 30
52 1 27
52 2 16
52 3 14
52 13 25
52 17 8
52 19 14
52 20 28
52 22 29
52 25 27
52 31 13
52 32 9
52 34 30
52 35 26
52 36 26
52 40 27
52 43 23
52 57 11
52 58 15
52 59 20
52 61 23
52 62 26
52 63 21
52 65 26
52 67 15
52 70 19
52 71 30
52 77 17
52 78 23
52 t 19
53 2 13
53 3 17
53 6 9
53 7 16
53 10 28
53 12 13
53 16 14
53 22 26
53 29 12
53 30 28
53 35 21
53 39 12
53 40 16
53 45 7
53 46 15
53 49 28
53 50 30
53 55 9
53 59 19
53 65 8
53 74 14
53 79 21
53 81 26
54 1 25
54 4 13
54 8 22
54 12 11
54 13 24
54 15 20
54 16 27
54 17 22
54 19 21
54 22 26
54 23 25
54 27 20
54 32 15
54 33 24
54 41 8
54 46 30
54 47 21
54 50 11
54 58 16
54 62 22
54 67 26
54 68 15
54 75 30
54 79 7
54 81 22
55 2 15
55 5 23
55 7 23
55 9 25
55 12 25
55 23 19
55 28 22
55 33 10
55 35 25
55 37 24
55 38 22
55 46 12
55 47 25
55 48 15
55 50 30
55 53 9
55 59 7
55 60 14
55 68 20
55 72 7
55 74 8
55 76 15
55 77 19
56 2 25
56 6 30
56 11 14
56 12 30
56 14 10
56 15 17
56 19 21
56 21 9
56 23 10
56 24 14
56 35 22
56 37 30
56 38 24
56 43 23
56 46 25
56 49 22
56 50 12
56 63 27
56 64 21
56 69 29
56 72 23
56 74 18
56 76 23
56 79 15
56 81 25
56 t 9
57 3 10
57 5 21
57 6 30
57 8 11
57 9 15
57 11 27
57 12 14
57 15 16
57 19 29
57 23 8
57 25 28
57 26 23
57 32 18
57 33 14
57 37 18
57 40 21
57 41 26
57 42 20
57 46 18
57 52 11
57 59 27
57 64 29
57 70 13
57 71 18
57 72 19
57 74 15
57 76 20
57 77 20
57 79 14
57 81 12
58 4 28
58 5 25
58 6 22
58 12 15
58 14 10
58 20 29
58 26 29
58 27 25
58 29 11
58 33 21
58 34 18
58 35 23
58 37 27
58 40 17
58 45 21
58 46 13
58 47 11
58 49 26
58 51 24
58 52 15
58 54 16
58 62 29
58 67 17
58 68 20
58 72 23
58 73 8
58 79 28
58 80 23
59 6 10
59 9 8
59 10 29
59 11 23
59 12 28
59 13 18
59 15 25
59 17 8
59 18 25
59 21 13
59 23 10
59 25 25
59 27 25
59 32 10
59 42 19
59 43 20
59 48 23
59 52 20
59 53 19
59 55 7
59 57 27
59 61 24
59 62 30
59 64 15
59 65 11
59 66 17
59 70 7
59 74 21
59 75 7
59 80 10
59 81 22
60 3 15
60 8 18
60 10 11
60 11 30
60 15 25
60 16 7
60 18 13
60 20 22
60 25 26
60 27 11
60 30 14
60 31 11
60 32 14
60 37 18
60 49 7
60 50 16
60 55 14
60 62 7
60 65 30
60 66 12
60 74 23
60 77 30
60 79 27
60 81 26
61 2 11
61 10 12
61 12 11
61 14 20
61 21 25
61 22 8
61 25 30
61 28 28
61 31 28
61 38 10
61 40 21
61 43 17
61 47 12
61 48 12
61 52 23
61 59 24
61 63 7
61 66 12
61 68 28
61 69 16
61 74 26
61 77 24
61 81 24
62 9 9
62 12 12
62 15 9
62 18 16
62 20 12
62 21 27
62 22 17
62 27 14
62 29 10
62 31 23
62 33 8
62 34 25
62 36 13
62 37 14
62 41 25
62 43 27
62 49 19
62 52 26
62 54 22
62 58 29
62 59 30
62 60 7
62 66 29
62 74 27
62 76 16
63 1 11
63 6 18
63 11 8
63 13 29
63 14 14
63 20 20
63 21 24
63 24 12
63 25 27
63 26 15
63 27 7
63 28 8
63 29 26
63 30 8
63 32 28
63 33 18
63 34 28
63 36 7
63 37 8
63 38 8
63 39 21
63 40 30
63 44 17
63 47 26
63 49 20
63 51 25
63 52 21
63 56 27
63 61 7
63 64 22
63 70 15
63 72 15
63 74 10
63 78 29
63 80 19
64 2 18
64 3 20
64 6 15
64 8 22
64 11 28
64 15 15
64 16 8
64 18 20
64 20 19
64 27 20
64 32 15
64 35 11
64 37 22
64 38 22
64 41 18
64 44 24
64 45 18
64 48 17
64 49 16
64 51 23
64 56 21
64 57 29
64 59 15
64 63 22
64 69 15
64 77 19
64 78 22
64 80 20
65 7 24
65 9 18
65 16 22
65 22 12
65 23 25
65 24 21
65 34 18
65 38 12
65 39 22
65 42 12
65 52 26
65 53 8
65 59 11
65 60 30
65 72 25
65 74 19
65 77 14
65 80 25
65 81 11
66 4 27
66 5 17
66 12 19
66 13 9
66 18 13
66 19 14
66 23 23
66 26 11
66 28 24
66 30 14
66 31 19
66 33 25
66 34 28
66 35 13
66 40 27
66 46 7
66 59 17
66 60 12
66 61 12
66 62 29
66 68 27
66 74 9
66 81 29
67 2 24
67 4 8
67 6 13
67 9 29
67 11 9
67 12 28
67 16 23
67 18 17
67 19 17
67 20 13
67 24 13
67 25 10
67 28 13
67 30 21
67 33 25
67 35 21
67 36 10
67 37 30
67 39 29
67 42 10
67 46 11
67 51 21
67 52 15
67 54 26
67 58 17
67 68 29
67 72 9
67 75 28
67 76 17
67 t 18
68 1 12
68 2 14
68 3 30
68 5 7
68 6 7
68 9 27
68 15 9
68 18 19
68 19 12
68 20 14
68 21 19
68 22 28
68 23 25
68 29 24
68 33 14
68 46 16
68 48 12
68 49 12
68 50 15
68 54 15
68 55 20
68 58 20
68 61 28
68 66 27
68 67 29
68 73 8
68 76 12
68 78 7
68 79 7
69 5 16
69 14 7
69 17 25
69 18 15
69 19 21
69 22 22
69 23 20
69 28 21
69 29 28
69 31 10
69 33 21
69 44 25
69 45 16
69 47 9
69 49 18
69 56 29
69 61 16
69 64 15
69 71 22
69 72 15
69 73 17
69 74 16
69 75 8
69 76 20
69 78 8
69 79 18
69 t 11
70 5 21
70 10 20
70 11 15
70 13 18
70 14 8
70 15 26
70 16 27
70 18 17
70 23 11
70 24 9
70 27 21
70 33 29
70 36 17
70 37 9
70 40 8
70 44 30
70 48 22
70 51 7
70 52 19
70 57 13
70 59 7
70 63 15
70 71 29
70 75 17
70 76 28
71 7 30
71 10 16
71 13 13
71 15 19
71 21 22
71 22 13
71 25 10
71 27 23
71 30 28
71 34 12
71 37 8
71 38 7
71 40 11
71 44 19
71 45 24
71 49 15
71 50 24
71 51 29
71 52 30
71 57 18
71 69 22
71 70 29
71 72 26
71 75 12
71 77 15
71 78 11
71 79 10
71 80 14
72 5 26
72 6 10
72 7 29
72 8 13
72 12 20
72 16 19
72 17 17
72 20 25
72 22 7
72 24 18
72 25 29
72 28 27
72 30 14
72 33 9
72 40 10
72 41 11
72 42 18
72 43 29
72 46 28
72 55 7
72 56 23
72 57 19
72 58 23
72 63 15
72 65 25
72 67 9
72 69 15
72 71 26
72 73 10
72 76 22
72 77 29
72 81 24
73 4 18
73 7 8
73 8 25
73 10 7
73 14 15
73 15 18
73 20 10
73 23 13
73 24 18
73 28 7
73 33 9
73 38 19
73 41 13
73 50 23
73 58 8
73 68 8
73 69 17
73 72 10
73 77 20
73 78 25
74 1 26
74 2 18
74 5 22
74 7 29
74 10 24
74 12 9
74 13 30
74 25 18
74 27 20
74 28 7
74 29 29
74 31 18
74 32 20
74 33 28
74 37 7
74 41 15
74 45 9
74 46 29
74 53 14
74 55 8
74 56 18
74 57 15
74 59 21
74 60 23
74 61 26
74 62 27
74 63 10
74 65 19
74 66 9
74 69 16
74 75 10
74 76 11
74 77 11
74 79 26
75 7 19
75 8 15
75 12 23
75 17 13
75 23 27
75 24 18
75 25 21
75 27 26
75 30 7
75 32 26
75 36 19
75 37 23
75 38 19
75 39 11
75 48 27
75 54 30
75 59 7
75 67 28
75 69 8
75 70 17
75 71 12
75 74 10
75 76 11
75 81 27
76 4 14
76 5 17
76 7 14
76 8 21
76 9 15
76 12 14
76 18 19
76 19 30
76 24 30
76 25 22
76 30 9
76 33 29
76 37 11
76 39 18
76 40 10
76 45 15
76 46 13
76 49 25
76 50 12
76 55 15
76 56 23
76 57 20
76 62 16
76 67 17
76 68 12
76 69 20
76 70 28
76 72 22
76 74 11
76 75 11
76 78 30
76 79 25
76 80 12
76 t 25
77 5 23
77 6 28
77 8 19
77 10 22
77 17 24
77 28 24
77 42 7
77 45 26
77 46 28
77 48 26
77 52 17
77 55 19
77 57 20
77 60 30
77 61 24
77 64 19
77 65 14
77 71 15
77 72 29
77 73 20
77 74 11
77 80 23
77 81 22
78 2 29
78 5 28
78 7 17
78 14 14
78 15 16
78 18 14
78 20 16
78 21 16
78 24 21
78 25 19
78 26 25
78 29 11
78 32 21
78 35 25
78 37 11
78 38 16
78 41 8
78 44 8
78 47 30
78 48 11
78 50 29
78 51 21
78 52 23
78 63 29
78 64 22
78 68 7
78 69 8
78 71 11
78 73 25
78 76 30
78 t 16
79 8 13
79 9 10
79 10 14
79 14 17
79 15 22
79 18 18
79 19 18
79 23 25
79 24 26
79 26 12
79 29 23
79 36 28
79 38 16
79 41 30
79 42 20
79 43 21
79 47 29
79 48 23
79 50 15
79 51 30
79 53 21
79 54 7
79 56 15
79 57 14
79 58 28
79 60 27
79 68 7
79 69 18
79 71 10
79 74 26
79 76 25
79 80 9
79 81 15
79 t 19
80 1 10
80 3 15
80 7 30
80 17 21
80 18 8
80 21 28
80 22 16
80 25 7
80 27 10
80 36 30
80 37 7
80 41 10
80 43 27
80 45 21
80 50 28
80 58 23
80 59 10
80 63 19
80 64 20
80 65 25
80 71 14
80 76 12
80 77 23
80 79 9
80 81 21
81 1 17
81 4 20
81 5 8
81 17 10
81 18 7
81 30 22
81 32 14
81 33 18
81 36 27
81 37 22
81 39 29
81 40 10
81 41 23
81 44 11
81 53 26
81 54 22
81 56 25
81 57 12
81 59 22
81 60 26
81 61 24
81 65 11
81 66 29
81 72 24
81 75 27
81 77 22
81 79 15
81 80 21
