s 1 35
s 2 44
s 5 88
s 7 75
s 8 54
s 9 84
s 10 82
s 11 33
s 13 50
s 19 50
s 20 29
s 21 68
s 24 51
s 26 59
s 28 42
s 29 73
s 30 96
s 32 31
s 34 22
s 35 78
s 37 72
s 38 26
s 41 80
s 43 67
s 44 81
s 46 92
s 48 36
s 49 56
s 50 36
s 51 72
s 54 96
s 55 99
s 56 54
s 59 93
s 61 67
s 64 106
s 65 35
s 66 58
s 67 42
s 69 29
s 71 56
s 73 88
s 74 94
s 75 95
s 77 73
s 78 25
s 80 46
s 82 36
s 83 38
s 85 30
s 86 23
s 87 24
s 88 41
s 91 75
s 95 56
s 96 90
s 97 106
s 101 82
s 102 65
s 103 66
s 106 53
s 107 63
s 108 38
s 109 70
s 113 97
s 114 100
s 116 73
s 118 86
s 120 70
s 121 83
s 122 88
s 125 29
s 126 88
s 127 97
s 128 96
s 129 85
s 130 75
s 134 102
1 2 33
1 4 19
1 5 45
1 6 51
1 7 73
1 8 22
1 11 76
1 12 89
1 14 76
1 15 41
1 16 30
1 22 96
1 24 84
1 27 86
1 28 76
1 29 67
1 30 37
1 31 43
1 34 68
1 37 21
1 38 45
1 41 77
1 43 72
1 44 64
1 45 92
1 47 78
1 49 84
1 51 20
1 52 89
1 53 94
1 55 61
1 56 28
1 57 88
1 62 37
1 64 57
1 65 90
1 67 61
1 72 91
1 73 24
1 75 56
1 77 43
1 78 40
1 79 57
1 81 99
1 83 74
1 85 52
1 86 104
1 88 19
1 94 92
1 97 55
1 99 40
1 108 44
1 109 54
1 111 87
1 112 91
1 113 67
1 115 81
1 116 99
1 119 34
1 120 34
1 121 96
1 122 76
1 123 38
1 124 51
1 125 20
1 126 83
1 127 69
1 130 78
1 132 86
1 133 78
1 135 31
1 t 49
2 1 33
2 3 103
2 4 79
2 6 42
2 7 65
2 8 45
2 10 51
2 11 103
2 12 71
2 13 36
2 15 104
2 17 29
2 18 98
2 19 57
2 24 43
2 25 48
2 26 92
2 27 95
2 28 20
2 29 75
2 31 64
2 33 84
2 35 24
2 36 40
2 38 50
2 40 44
2 42 84
2 43 80
2 45 30
2 46 36
2 47 95
2 48 68
2 52 24
2 53 38
2 55 84
2 56 84
2 58 105
2 60 37
2 63 95
2 65 87
2 66 91
2 69 100
2 70 102
2 72 34
2 73 63
2 75 95
2 76 56
2 79 99
2 80 104
2 82 73
2 84 40
2 90 84
2 92 37
2 95 96
2 99 30
2 100 67
2 102 19
2 103 49
2 105 54
2 106 33
2 108 59
2 109 97
2 110 45
2 113 25
2 114 81
2 116 104
2 117 66
2 120 102
2 121 68
2 123 89
2 125 27
2 127 102
2 128 33
2 130 56
2 131 59
2 134 28
2 135 20
2 t 105
3 2 103
3 4 31
3 5 45
3 7 93
3 8 34
3 12 64
3 13 88
3 14 72
3 16 91
3 17 35
3 25 76
3 26 93
3 27 85
3 28 41
3 29 35
3 30 74
3 33 100
3 35 48
3 36 101
3 37 39
3 39 55
3 40 24
3 41 50
3 43 95
3 44 65
3 45 47
3 46 41
3 47 61
3 52 56
3 53 91
3 56 106
3 57 64
3 59 28
3 61 30
3 62 96
3 63 60
3 64 44
3 67 23
3 68 22
3 69 43
3 72 106
3 77 102
3 78 32
3 81 31
3 82 48
3 87 106
3 89 26
3 93 86
3 97 97
3 98 80
3 101 70
3 102 78
3 103 50
3 106 33
3 113 73
3 115 42
3 116 58
3 117 52
3 121 50
3 123 30
3 124 25
3 126 65
3 127 77
3 129 28
3 131 69
3 132 49
3 134 57
3 t 25
4 1 19
4 2 79
4 3 31
4 5 90
4 6 82
4 7 31
4 13 81
4 14 86
4 15 61
4 16 26
4 20 54
4 21 71
4 24 105
4 25 20
4 28 23
4 29 96
4 31 72
4 34 90
4 35 60
4 36 36
4 39 43
4 40 28
4 41 39
4 43 59
4 45 30
4 46 83
4 47 57
4 50 69
4 51 98
4 53 94
4 56 30
4 57 20
4 59 63
4 60 35
4 61 78
4 62 54
4 64 24
4 68 68
4 70 40
4 71 94
4 72 67
4 73 32
4 74 66
4 75 54
4 76 74
4 78 60
4 79 103
4 80 59
4 83 38
4 84 87
4 86 72
4 87 67
4 88 103
4 89 79
4 93 35
4 94 103
4 95 81
4 96 67
4 97 75
4 98 89
4 100 19
4 101 59
4 103 21
4 104 42
4 105 73
4 107 30
4 108 64
4 110 78
4 111 74
4 113 72
4 117 105
4 120 38
4 121 46
4 123 82
4 124 42
4 126 30
4 128 41
4 129 103
4 130 85
4 133 27
4 134 70
5 1 45
5 3 45
5 4 90
5 6 24
5 8 103
5 9 89
5 10 85
5 11 102
5 12 92
5 17 103
5 18 76
5 19 104
5 20 52
5 21 65
5 23 105
5 25 75
5 26 88
5 30 19
5 32 89
5 33 35
5 34 79
5 35 82
5 36 26
5 38 54
5 39 76
5 44 97
5 46 46
5 51 105
5 52 42
5 55 46
5 57 102
5 58 19
5 60 69
5 63 79
5 65 34
5 66 26
5 68 35
5 72 53
5 73 75
5 75 84
5 76 55
5 77 77
5 78 100
5 79 52
5 80 50
5 81 99
5 82 87
5 83 38
5 87 102
5 88 73
5 89 56
5 90 93
5 91 34
5 93 36
5 95 97
5 97 31
5 98 32
5 99 25
5 101 37
5 102 43
5 103 32
5 106 20
5 107 56
5 111 24
5 113 84
5 115 59
5 119 82
5 123 74
5 124 68
5 127 28
5 129 72
5 131 27
5 132 20
5 133 26
5 135 76
5 t 63
6 1 51
6 2 42
6 4 82
6 5 24
6 8 24
6 9 62
6 11 24
6 13 36
6 14 38
6 15 97
6 16 61
6 18 99
6 20 89
6 23 36
6 24 23
6 29 94
6 30 68
6 34 79
6 35 32
6 36 29
6 38 35
6 40 39
6 42 70
6 43 39
6 46 27
6 47 67
6 48 51
6 49 100
6 52 32
6 53 29
6 56 21
6 59 92
6 60 64
6 61 50
6 62 106
6 64 52
6 65 28
6 67 53
6 68 74
6 70 47
6 73 63
6 75 80
6 77 23
6 80 52
6 82 57
6 83 26
6 84 50
6 86 83
6 88 79
6 89 75
6 90 63
6 91 104
6 92 67
6 94 77
6 95 55
6 96 40
6 97 90
6 101 55
6 102 77
6 103 66
6 104 94
6 107 65
6 108 87
6 109 97
6 110 61
6 111 20
6 112 25
6 113 32
6 116 31
6 118 27
6 122 37
6 123 19
6 124 70
6 126 98
6 128 37
6 129 58
6 131 78
6 132 55
7 1 73
7 2 65
7 3 93
7 4 31
7 8 102
7 10 105
7 13 57
7 14 55
7 23 88
7 24 38
7 26 101
7 27 40
7 32 26
7 33 66
7 35 68
7 36 80
7 38 74
7 39 83
7 41 69
7 42 93
7 44 37
7 45 98
7 46 97
7 47 39
7 48 30
7 50 47
7 52 40
7 53 35
7 54 80
7 55 79
7 56 79
7 61 79
7 64 65
7 65 48
7 67 40
7 68 49
7 70 32
7 71 31
7 73 46
7 75 63
7 76 29
7 77 85
7 78 30
7 79 96
7 80 63
7 81 33
7 83 84
7 87 61
7 88 32
7 89 73
7 91 28
7 93 75
7 94 32
7 97 74
7 101 89
7 102 19
7 103 68
7 104 60
7 106 99
7 109 72
7 110 80
7 111 97
7 113 84
7 115 28
7 120 73
7 124 76
7 130 52
7 131 72
7 132 97
7 133 82
7 134 92
7 t 43
8 1 22
8 2 45
8 3 34
8 5 103
8 6 24
8 7 102
8 9 93
8 10 22
8 11 44
8 12 89
8 13 99
8 15 28
8 20 40
8 21 93
8 23 76
8 25 25
8 27 91
8 28 93
8 29 73
8 30 28
8 31 25
8 33 105
8 38 92
8 39 31
8 42 39
8 43 53
8 44 71
8 50 72
8 53 79
8 55 34
8 56 70
8 58 96
8 60 70
8 64 24
8 65 25
8 66 26
8 69 51
8 71 65
8 72 26
8 73 53
8 74 56
8 76 43
8 77 72
8 83 55
8 86 83
8 90 21
8 92 62
8 93 58
8 95 95
8 96 27
8 97 31
8 98 100
8 99 30
8 101 35
8 104 26
8 105 99
8 106 99
8 108 37
8 109 51
8 110 74
8 111 93
8 113 73
8 114 52
8 115 20
8 116 72
8 118 88
8 121 91
8 123 96
8 125 34
8 126 56
8 127 103
8 128 37
8 129 28
8 133 26
8 134 54
9 5 89
9 6 62
9 8 93
9 13 69
9 18 79
9 20 30
9 21 47
9 25 53
9 26 91
9 27 44
9 31 79
9 32 51
9 33 50
9 35 22
9 36 33
9 37 102
9 40 56
9 41 86
9 43 93
9 50 83
9 51 55
9 52 39
9 54 39
9 55 54
9 56 51
9 57 39
9 64 62
9 66 95
9 69 31
9 70 89
9 71 34
9 72 42
9 74 93
9 75 29
9 77 86
9 78 31
9 79 61
9 85 21
9 86 88
9 87 29
9 89 100
9 90 87
9 91 53
9 92 86
9 93 104
9 94 43
9 95 67
9 96 77
9 98 38
9 100 38
9 102 84
9 103 76
9 106 82
9 107 60
9 109 77
9 110 34
9 114 71
9 117 71
9 118 92
9 120 51
9 122 82
9 124 51
9 125 48
9 126 104
9 128 61
9 130 20
9 131 66
9 133 76
9 134 96
9 135 62
10 2 51
10 5 85
10 7 105
10 8 22
10 11 37
10 12 91
10 15 31
10 17 50
10 18 26
10 19 39
10 20 20
10 21 22
10 22 45
10 23 23
10 24 90
10 25 31
10 26 83
10 28 21
10 30 34
10 31 48
10 33 58
10 34 50
10 35 33
10 38 78
10 39 74
10 40 89
10 42 91
10 43 85
10 44 89
10 45 23
10 47 105
10 49 85
10 51 35
10 52 100
10 54 45
10 57 67
10 59 92
10 62 60
10 66 39
10 67 75
10 68 98
10 69 34
10 71 69
10 75 76
10 76 103
10 78 72
10 79 78
10 82 95
10 84 91
10 86 28
10 87 56
10 90 32
10 91 71
10 92 33
10 94 30
10 96 105
10 97 73
10 98 80
10 99 60
10 101 21
10 103 82
10 104 26
10 105 45
10 106 78
10 108 46
10 113 50
10 116 79
10 117 40
10 120 74
10 121 25
10 123 45
10 124 78
10 126 32
10 131 30
10 133 81
10 134 66
11 1 76
11 2 103
11 5 102
11 6 24
11 8 44
11 10 37
11 13 70
11 14 69
11 15 67
11 17 97
11 19 99
11 22 98
11 24 100
11 28 98
11 29 102
11 30 76
11 32 89
11 33 96
11 35 64
11 36 53
11 41 25
11 45 87
11 46 38
11 48 56
11 52 72
11 54 44
11 55 58
11 57 78
11 58 91
11 60 28
11 61 99
11 62 36
11 66 47
11 68 61
11 69 57
11 70 54
11 71 88
11 73 50
11 78 31
11 80 62
11 81 54
11 82 32
11 84 29
11 86 78
11 87 93
11 91 59
11 94 54
11 95 44
11 97 96
11 99 65
11 100 48
11 101 56
11 102 104
11 103 86
11 108 49
11 109 50
11 113 93
11 114 20
11 116 75
11 117 30
11 120 40
11 121 68
11 122 76
11 123 86
11 125 46
11 127 84
11 130 98
11 132 78
11 133 95
11 134 63
12 1 89
12 2 71
12 3 64
12 5 92
12 8 89
12 10 91
12 13 54
12 15 26
12 17 90
12 18 60
12 19 82
12 23 100
12 24 96
12 25 30
12 27 26
12 28 27
12 29 38
12 31 95
12 32 99
12 37 90
12 38 19
12 39 54
12 41 21
12 43 24
12 44 81
12 45 25
12 47 74
12 48 106
12 49 80
12 50 72
12 51 91
12 54 67
12 57 58
12 58 64
12 59 75
12 60 85
12 61 101
12 62 26
12 65 96
12 66 41
12 67 57
12 69 25
12 73 52
12 74 104
12 75 31
12 76 77
12 77 67
12 78 73
12 79 58
12 81 75
12 84 34
12 85 30
12 87 96
12 89 57
12 90 78
12 92 92
12 97 55
12 99 39
12 101 24
12 102 69
12 104 46
12 105 58
12 106 72
12 108 23
12 109 75
12 111 31
12 115 92
12 117 102
12 118 59
12 119 95
12 120 52
12 122 105
12 123 32
12 124 94
12 129 72
12 134 95
12 135 47
13 2 36
13 3 88
13 4 81
13 6 36
13 7 57
13 8 99
13 9 69
13 11 70
13 12 54
13 14 35
13 17 20
13 18 41
13 19 42
13 21 68
13 24 32
13 29 73
13 30 72
13 32 80
13 36 49
13 38 82
13 39 26
13 40 34
13 41 42
13 42 102
13 43 55
13 49 25
13 50 19
13 52 76
13 55 95
13 56 19
13 58 75
13 59 53
13 61 24
13 62 49
13 67 37
13 69 25
13 75 83
13 76 35
13 77 49
13 78 63
13 85 75
13 87 62
13 88 45
13 91 58
13 92 31
13 95 32
13 96 96
13 97 102
13 99 82
13 100 38
13 107 73
13 109 45
13 110 51
13 112 84
13 113 28
13 117 59
13 118 99
13 120 42
13 121 34
13 122 97
13 123 88
13 124 79
13 128 90
13 129 56
13 130 64
13 131 82
13 132 84
13 134 79
14 1 76
14 3 72
14 4 86
14 6 38
14 7 55
14 11 69
14 13 35
14 15 39
14 18 55
14 22 69
14 23 99
14 24 80
14 27 92
14 33 85
14 34 97
14 36 32
14 38 77
14 39 78
14 40 68
14 41 86
14 43 106
14 44 20
14 45 48
14 47 34
14 48 37
14 49 55
14 52 97
14 54 40
14 55 88
14 57 47
14 60 48
14 63 92
14 65 78
14 68 102
14 72 52
14 73 38
14 74 77
14 77 46
14 78 105
14 79 89
14 81 19
14 82 75
14 83 41
14 88 77
14 89 91
14 91 106
14 93 53
14 96 66
14 98 25
14 100 50
14 101 65
14 104 59
14 105 46
14 109 63
14 112 61
14 114 26
14 116 51
14 118 39
14 119 35
14 121 44
14 122 105
14 123 92
14 124 36
14 125 85
14 126 25
14 127 64
14 128 35
14 130 89
14 132 77
14 133 55
14 134 69
14 t 24
15 1 41
15 2 104
15 4 61
15 6 97
15 8 28
15 10 31
15 11 67
15 12 26
15 14 39
15 22 51
15 23 97
15 24 92
15 25 102
15 26 52
15 27 54
15 29 100
15 32 75
15 33 70
15 34 80
15 35 105
15 36 37
15 37 81
15 38 45
15 39 93
15 41 100
15 44 71
15 45 95
15 46 53
15 47 96
15 48 80
15 49 26
15 52 49
15 53 93
15 56 22
15 57 41
15 58 19
15 62 92
15 63 44
15 64 31
15 67 56
15 68 57
15 71 104
15 72 45
15 75 69
15 76 50
15 77 66
15 80 86
15 82 19
15 83 35
15 85 44
15 86 66
15 88 76
15 89 42
15 90 83
15 91 37
15 92 80
15 94 85
15 95 25
15 97 102
15 98 48
15 99 31
15 100 28
15 101 52
15 103 46
15 105 40
15 106 59
15 108 72
15 109 67
15 110 49
15 112 35
15 113 56
15 114 37
15 116 97
15 119 102
15 120 44
15 122 97
15 123 40
15 128 87
15 129 90
15 132 62
15 135 93
16 1 30
16 3 91
16 4 26
16 6 61
16 18 77
16 20 91
16 23 19
16 24 77
16 26 75
16 27 59
16 29 45
16 32 106
16 33 28
16 35 72
16 36 103
16 37 49
16 43 86
16 45 92
16 46 33
16 48 19
16 49 90
16 50 60
16 51 64
16 53 24
16 55 20
16 57 30
16 58 62
16 60 31
16 61 27
16 62 60
16 63 75
16 65 74
16 68 52
16 69 28
16 70 44
16 72 41
16 73 69
16 75 47
16 81 84
16 82 73
16 84 40
16 87 69
16 88 55
16 91 91
16 92 55
16 95 32
16 96 71
16 98 80
16 99 80
16 100 66
16 103 25
16 104 27
16 105 74
16 106 21
16 107 95
16 108 28
16 109 39
16 113 41
16 114 35
16 115 37
16 116 91
16 120 90
16 123 66
16 125 62
16 130 70
16 131 47
17 2 29
17 3 35
17 5 103
17 10 50
17 11 97
17 12 90
17 13 20
17 22 49
17 23 91
17 27 75
17 28 88
17 29 45
17 30 86
17 31 93
17 33 34
17 37 35
17 39 103
17 40 69
17 42 90
17 44 68
17 47 59
17 48 74
17 49 68
17 51 65
17 52 92
17 53 70
17 55 31
17 56 90
17 58 86
17 59 91
17 60 28
17 62 94
17 66 62
17 67 51
17 69 52
17 70 72
17 72 21
17 73 77
17 74 72
17 76 83
17 79 67
17 80 64
17 82 56
17 83 76
17 84 60
17 85 80
17 87 66
17 88 23
17 89 100
17 90 43
17 92 90
17 94 43
17 95 28
17 96 45
17 101 78
17 103 23
17 104 103
17 105 70
17 108 51
17 112 93
17 113 76
17 114 30
17 116 76
17 120 103
17 121 96
17 123 74
17 125 32
17 130 101
17 133 88
17 t 62
18 2 98
18 5 76
18 6 99
18 9 79
18 10 26
18 12 60
18 13 41
18 14 55
18 16 77
18 19 94
18 21 25
18 22 20
18 23 102
18 25 106
18 27 104
18 28 80
18 29 37
18 33 37
18 34 43
18 35 74
18 40 36
18 41 49
18 42 29
18 44 100
18 45 93
18 46 96
18 47 53
18 48 106
18 49 45
18 51 75
18 52 93
18 53 74
18 54 31
18 55 84
18 58 29
18 60 76
18 62 99
18 63 64
18 64 39
18 65 46
18 68 21
18 70 88
18 71 93
18 75 59
18 77 67
18 78 43
18 79 45
18 82 38
18 83 64
18 85 22
18 86 59
18 87 41
18 88 77
18 89 80
18 90 89
18 91 46
18 92 67
18 93 91
18 94 51
18 97 27
18 102 88
18 103 29
18 107 32
18 108 95
18 109 38
18 110 26
18 115 57
18 116 43
18 118 39
18 119 84
18 120 58
18 122 96
18 123 61
18 124 90
18 125 24
18 126 57
18 127 27
18 128 54
18 131 42
18 132 84
18 133 40
18 134 98
18 135 60
19 2 57
19 5 104
19 10 39
19 11 99
19 12 82
19 13 42
19 18 94
19 21 61
19 25 50
19 26 40
19 28 22
19 32 34
19 34 21
19 37 96
19 38 85
19 41 79
19 42 22
19 45 42
19 53 83
19 56 66
19 57 70
19 59 53
19 60 24
19 65 56
19 66 69
19 67 62
19 68 82
19 69 37
19 71 70
19 72 33
19 74 39
19 75 66
19 76 44
19 77 77
19 78 30
19 79 24
19 80 19
19 83 77
19 84 22
19 85 91
19 89 80
19 90 38
19 91 75
19 93 57
19 95 78
19 96 74
19 97 80
19 100 25
19 101 48
19 102 86
19 103 104
19 104 54
19 106 49
19 107 28
19 109 28
19 110 75
19 111 19
19 117 64
19 118 93
19 119 21
19 121 55
19 124 66
19 125 95
19 129 51
19 130 48
19 134 96
20 4 54
20 5 52
20 6 89
20 8 40
20 9 30
20 10 20
20 16 91
20 23 34
20 24 104
20 26 32
20 27 34
20 29 65
20 35 80
20 36 74
20 37 27
20 39 58
20 40 31
20 41 104
20 45 27
20 47 88
20 48 88
20 51 22
20 52 74
20 57 23
20 61 34
20 64 27
20 65 72
20 68 58
20 70 86
20 71 46
20 74 76
20 75 92
20 79 33
20 80 104
20 81 31
20 83 63
20 85 70
20 86 26
20 89 78
20 92 68
20 95 78
20 97 71
20 98 88
20 99 80
20 101 58
20 104 47
20 109 104
20 112 44
20 114 33
20 116 63
20 117 91
20 119 37
20 121 42
20 122 58
20 123 66
20 124 64
20 127 85
20 128 25
20 129 65
20 131 35
20 133 29
21 4 71
21 5 65
21 8 93
21 9 47
21 10 22
21 13 68
21 18 25
21 19 61
21 22 37
21 23 77
21 25 59
21 26 45
21 29 78
21 30 88
21 34 26
21 36 24
21 38 77
21 40 45
21 43 32
21 45 62
21 46 25
21 47 34
21 48 54
21 49 86
21 50 82
21 52 72
21 53 61
21 55 29
21 56 59
21 58 100
21 61 96
21 62 91
21 63 91
21 66 65
21 67 101
21 68 97
21 70 34
21 71 25
21 78 22
21 82 65
21 83 97
21 84 76
21 85 62
21 87 37
21 89 96
21 91 38
21 92 56
21 93 92
21 97 37
21 98 69
21 99 61
21 100 64
21 101 70
21 104 40
21 105 93
21 107 61
21 110 23
21 114 81
21 116 53
21 123 80
21 124 101
21 131 79
21 132 40
21 133 74
22 1 96
22 10 45
22 11 98
22 14 69
22 15 51
22 17 49
22 18 20
22 21 37
22 23 47
22 24 22
22 25 37
22 26 79
22 27 77
22 28 96
22 30 87
22 32 67
22 33 52
22 34 98
22 36 37
22 37 80
22 40 83
22 46 26
22 50 42
22 51 91
22 53 23
22 58 95
22 62 24
22 63 30
22 64 33
22 65 37
22 66 79
22 67 63
22 68 47
22 69 84
22 72 32
22 73 76
22 77 40
22 79 99
22 81 93
22 82 83
22 84 77
22 87 35
22 88 61
22 92 21
22 98 81
22 99 84
22 101 54
22 110 25
22 111 65
22 113 88
22 115 21
22 119 71
22 120 73
22 121 105
22 122 64
22 123 56
22 127 57
22 128 74
22 129 84
22 131 41
22 134 23
22 135 81
22 t 22
23 5 105
23 6 36
23 7 88
23 8 76
23 10 23
23 12 100
23 14 99
23 15 97
23 16 19
23 17 91
23 18 102
23 20 34
23 21 77
23 22 47
23 24 93
23 31 54
23 33 36
23 34 53
23 37 47
23 39 105
23 41 40
23 42 35
23 43 78
23 44 40
23 47 29
23 48 106
23 49 96
23 50 25
23 51 64
23 52 81
23 54 20
23 55 45
23 56 95
23 57 29
23 61 74
23 62 22
23 63 90
23 64 74
23 66 106
23 68 66
23 69 89
23 71 28
23 72 29
23 78 57
23 81 91
23 82 97
23 83 34
23 84 41
23 85 23
23 87 53
23 89 47
23 93 40
23 96 35
23 98 100
23 99 101
23 103 25
23 104 98
23 105 45
23 106 93
23 107 77
23 109 78
23 110 36
23 112 50
23 117 30
23 118 40
23 120 66
23 121 41
23 123 59
23 124 48
23 127 94
23 128 28
23 129 69
23 131 33
23 133 70
23 134 59
23 135 80
23 t 46
24 1 84
24 2 43
24 4 105
24 6 23
24 7 38
24 10 90
24 11 100
24 12 96
24 13 32
24 14 80
24 15 92
24 16 77
24 20 104
24 22 22
24 23 93
24 25 36
24 26 95
24 27 82
24 29 68
24 30 99
24 31 61
24 33 91
24 34 85
24 36 40
24 37 31
24 38 19
24 39 50
24 41 77
24 43 26
24 45 53
24 47 35
24 48 38
24 51 59
24 52 36
24 53 103
24 54 30
24 55 70
24 59 61
24 61 96
24 63 67
24 64 28
24 70 86
24 72 90
24 80 95
24 82 75
24 83 72
24 87 37
24 88 84
24 89 43
24 90 73
24 91 38
24 92 64
24 95 82
24 96 51
24 98 87
24 105 28
24 106 38
24 108 83
24 110 60
24 112 25
24 113 25
24 115 20
24 116 31
24 118 26
24 119 89
24 120 20
24 122 45
24 123 22
24 124 49
24 126 94
24 127 75
24 128 101
24 130 101
24 132 100
24 134 58
24 135 81
24 t 73
25 2 48
25 3 76
25 4 20
25 5 75
25 8 25
25 9 53
25 10 31
25 12 30
25 15 102
25 18 106
25 19 50
25 21 59
25 22 37
25 24 36
25 26 53
25 28 27
25 29 52
25 30 36
25 33 91
25 34 78
25 35 106
25 36 31
25 37 96
25 39 58
25 41 101
25 42 44
25 43 28
25 47 69
25 48 56
25 49 82
25 50 100
25 51 33
25 53 24
25 54 29
25 55 91
25 56 55
25 57 98
25 59 73
25 60 80
25 62 63
25 63 94
25 64 39
25 65 31
25 66 96
25 67 71
25 68 71
25 71 56
25 74 46
25 75 21
25 76 90
25 77 96
25 78 46
25 81 64
25 86 89
25 90 21
25 91 39
25 93 57
25 94 20
25 98 38
25 99 76
25 102 105
25 104 92
25 105 62
25 107 99
25 108 23
25 110 19
25 112 49
25 113 51
25 116 25
25 117 77
25 118 97
25 119 50
25 121 91
25 123 85
25 125 44
25 126 30
25 128 30
25 129 70
25 131 106
25 133 103
25 134 20
25 135 58
26 2 92
26 3 93
26 5 88
26 7 101
26 9 91
26 10 83
26 15 52
26 16 75
26 19 40
26 20 32
26 21 45
26 22 79
26 24 95
26 25 53
26 27 23
26 29 64
26 30 97
26 32 63
26 34 41
26 36 34
26 40 96
26 41 60
26 42 57
26 43 79
26 44 69
26 46 51
26 48 26
26 50 36
26 53 43
26 57 26
26 60 76
26 61 106
26 67 104
26 69 34
26 70 38
26 71 65
26 73 87
26 74 45
26 75 78
26 77 60
26 79 31
26 81 54
26 82 25
26 84 101
26 85 56
26 87 65
26 88 96
26 89 33
26 90 86
26 93 102
26 99 32
26 100 53
26 103 97
26 104 55
26 105 30
26 108 106
26 109 44
26 110 41
26 111 32
26 112 23
26 116 52
26 117 106
26 119 35
26 120 104
26 121 37
26 122 80
26 124 41
26 125 92
26 128 59
26 130 77
26 132 80
26 133 91
27 1 86
27 2 95
27 3 85
27 7 40
27 8 91
27 9 44
27 12 26
27 14 92
27 15 54
27 16 59
27 17 75
27 18 104
27 20 34
27 22 77
27 24 82
27 26 23
27 28 76
27 38 99
27 42 83
27 43 92
27 44 96
27 45 30
27 47 45
27 51 96
27 52 67
27 53 92
27 54 105
27 55 62
27 59 68
27 60 73
27 62 71
27 66 88
27 71 91
27 74 80
27 78 83
27 80 75
27 82 22
27 83 45
27 85 59
27 86 59
27 89 68
27 90 35
27 93 78
27 94 38
27 96 76
27 99 49
27 100 102
27 101 68
27 104 36
27 105 103
27 109 74
27 110 60
27 113 36
27 114 38
27 115 20
27 118 58
27 119 49
27 122 103
27 124 73
27 127 46
27 128 58
27 130 95
27 133 55
27 134 30
27 135 53
28 1 76
28 2 20
28 3 41
28 4 23
28 8 93
28 10 21
28 11 98
28 12 27
28 17 88
28 18 80
28 19 22
28 22 96
28 25 27
28 27 76
28 31 67
28 32 46
28 35 31
28 36 88
28 37 33
28 39 82
28 40 58
28 41 54
28 43 55
28 48 88
28 49 70
28 52 62
28 54 32
28 57 61
28 58 41
28 59 29
28 60 86
28 61 34
28 63 68
28 64 66
28 65 105
28 68 78
28 71 19
28 72 81
28 74 84
28 75 21
28 78 91
28 79 41
28 80 91
28 81 60
28 82 101
28 83 31
28 85 92
28 87 61
28 89 20
28 90 59
28 93 38
28 97 43
28 98 50
28 99 98
28 100 76
28 102 59
28 104 66
28 109 91
28 110 47
28 111 71
28 112 82
28 113 85
28 114 22
28 115 80
28 116 56
28 118 41
28 119 36
28 120 47
28 121 70
28 123 100
28 124 81
28 125 49
28 126 101
28 128 65
28 130 22
28 131 64
29 1 67
29 2 75
29 3 35
29 4 96
29 6 94
29 8 73
29 11 102
29 12 38
29 13 73
29 15 100
29 16 45
29 17 45
29 18 37
29 20 65
29 21 78
29 24 68
29 25 52
29 26 64
29 30 95
29 31 27
29 32 61
29 34 49
29 37 70
29 38 41
29 41 55
29 42 71
29 51 46
29 52 92
29 54 76
29 55 23
29 56 41
29 57 32
29 60 69
29 61 85
29 62 87
29 67 40
29 71 34
29 72 104
29 73 84
29 80 65
29 83 89
29 86 61
29 88 20
29 92 93
29 93 49
29 96 89
29 97 58
29 99 31
29 100 42
29 101 81
29 102 19
29 103 61
29 104 72
29 105 52
29 108 46
29 109 76
29 111 48
29 112 28
29 113 65
29 116 81
29 118 85
29 122 96
29 127 93
29 128 42
29 129 21
29 131 34
29 134 21
30 1 37
30 3 74
30 5 19
30 6 68
30 8 28
30 10 34
30 11 76
30 13 72
30 17 86
30 21 88
30 22 87
30 24 99
30 25 36
30 26 97
30 29 95
30 31 31
30 33 49
30 34 34
30 35 42
30 36 74
30 37 53
30 38 97
30 39 50
30 40 48
30 41 60
30 43 31
30 44 62
30 45 66
30 47 87
30 51 30
30 53 41
30 54 78
30 55 82
30 57 40
30 59 75
30 60 87
30 62 103
30 63 32
30 65 42
30 68 94
30 69 33
30 70 102
30 71 52
30 72 65
30 74 36
30 78 60
30 81 85
30 83 93
30 87 24
30 88 100
30 89 103
30 94 50
30 96 75
30 98 88
30 99 95
30 101 35
30 104 22
30 106 81
30 107 95
30 108 68
30 110 67
30 112 31
30 113 71
30 116 97
30 117 106
30 118 105
30 119 67
30 120 33
30 121 40
30 123 90
30 125 75
30 129 94
30 130 66
30 131 71
31 1 43
31 2 64
31 4 72
31 8 25
31 9 79
31 10 48
31 12 95
31 17 93
31 23 54
31 24 61
31 28 67
31 29 27
31 30 31
31 32 105
31 34 89
31 35 93
31 36 40
31 38 47
31 41 23
31 42 70
31 43 20
31 46 104
31 49 84
31 50 86
31 52 83
31 55 63
31 57 58
31 60 89
31 62 67
31 63 95
31 64 63
31 66 50
31 67 92
31 69 54
31 74 59
31 75 55
31 78 74
31 80 49
31 84 85
31 85 74
31 86 87
31 87 19
31 89 74
31 90 63
31 92 23
31 93 61
31 94 64
31 95 58
31 96 60
31 97 55
31 98 96
31 102 74
31 104 92
31 105 45
31 106 95
31 107 19
31 108 87
31 111 66
31 118 56
31 119 65
31 121 69
31 125 22
31 127 49
31 128 32
31 129 84
32 5 89
32 7 26
32 9 51
32 11 89
32 12 99
32 13 80
32 15 75
32 16 106
32 19 34
32 22 67
32 26 63
32 28 46
32 29 61
32 31 105
32 35 70
32 36 85
32 37 49
32 38 69
32 40 35
32 42 79
32 44 20
32 45 91
32 46 56
32 48 52
32 49 47
32 50 35
32 51 25
32 52 61
32 53 77
32 54 37
32 55 76
32 57 32
32 58 102
32 60 38
32 61 96
32 62 19
32 63 34
32 64 66
32 65 66
32 66 88
32 67 63
32 68 26
32 70 92
32 72 23
32 74 87
32 75 34
32 76 60
32 77 63
32 79 73
32 80 90
32 81 69
32 83 80
32 84 50
32 85 105
32 86 60
32 87 29
32 88 45
32 89 95
32 90 22
32 92 104
32 93 42
32 96 97
32 98 80
32 99 29
32 102 68
32 103 93
32 104 28
32 107 40
32 111 91
32 113 90
32 114 20
32 115 95
32 117 82
32 119 30
32 121 51
32 123 89
32 124 91
32 125 25
32 127 98
32 128 76
32 132 28
32 134 20
32 t 49
33 2 84
33 3 100
33 5 35
33 7 66
33 8 105
33 9 50
33 10 58
33 11 96
33 14 85
33 15 70
33 16 28
33 17 34
33 18 37
33 22 52
33 23 36
33 24 91
33 25 91
33 30 49
33 34 99
33 35 78
33 36 74
33 37 102
33 38 106
33 40 84
33 43 49
33 45 85
33 48 86
33 49 49
33 50 47
33 51 38
33 52 90
33 53 84
33 54 42
33 55 87
33 57 35
33 58 86
33 59 60
33 62 61
33 63 89
33 65 97
33 66 97
33 69 83
33 72 55
33 74 45
33 77 69
33 78 54
33 79 61
33 81 71
33 82 68
33 83 97
33 84 84
33 85 75
33 87 106
33 88 46
33 89 63
33 90 63
33 92 22
33 94 40
33 96 55
33 97 62
33 102 38
33 105 51
33 106 74
33 108 88
33 109 45
33 110 29
33 112 65
33 115 32
33 116 74
33 118 32
33 120 88
33 122 101
33 124 73
33 125 32
33 127 33
33 128 106
33 129 27
33 130 27
33 131 34
33 133 35
33 134 62
33 135 46
34 1 68
34 4 90
34 5 79
34 6 79
34 10 50
34 14 97
34 15 80
34 18 43
34 19 21
34 21 26
34 22 98
34 23 53
34 24 85
34 25 78
34 26 41
34 29 49
34 30 34
34 31 89
34 33 99
34 35 101
34 36 57
34 37 94
34 38 66
34 39 30
34 41 54
34 45 22
34 46 60
34 47 79
34 48 89
34 50 19
34 52 69
34 54 101
34 55 95
34 56 57
34 58 89
34 60 106
34 61 92
34 62 73
34 64 82
34 65 105
34 66 87
34 67 96
34 69 97
34 71 30
34 72 53
34 76 97
34 79 56
34 80 65
34 81 34
34 84 41
34 85 37
34 86 99
34 89 32
34 91 45
34 92 93
34 93 31
34 96 96
34 98 96
34 101 78
34 104 19
34 105 60
34 106 78
34 108 86
34 109 104
34 110 27
34 112 67
34 115 33
34 117 79
34 118 32
34 119 37
34 120 56
34 121 42
34 123 36
34 124 44
34 126 68
34 129 22
34 130 30
34 131 89
34 132 32
34 t 76
35 2 24
35 3 48
35 4 60
35 5 82
35 6 32
35 7 68
35 9 22
35 10 33
35 11 64
35 15 105
35 16 72
35 18 74
35 20 80
35 25 106
35 28 31
35 30 42
35 31 93
35 32 70
35 33 78
35 34 101
35 38 60
35 40 22
35 41 88
35 42 54
35 43 56
35 46 64
35 48 104
35 49 35
35 53 51
35 54 42
35 55 40
35 56 95
35 57 73
35 58 31
35 59 79
35 60 88
35 64 101
35 66 36
35 68 29
35 69 87
35 70 43
35 71 67
35 72 74
35 73 65
35 74 69
35 78 45
35 80 41
35 81 102
35 82 65
35 84 92
35 85 37
35 86 39
35 87 41
35 89 31
35 92 87
35 95 24
35 97 41
35 99 94
35 102 76
35 103 85
35 104 75
35 105 28
35 108 50
35 112 63
35 113 46
35 114 41
35 115 43
35 116 50
35 117 65
35 118 68
35 124 27
35 126 83
35 130 81
35 131 45
35 132 42
35 133 83
35 134 48
35 t 72
36 2 40
36 3 101
36 4 36
36 5 26
36 6 29
36 7 80
36 9 33
36 11 53
36 13 49
36 14 32
36 15 37
36 16 103
36 20 74
36 21 24
36 22 37
36 24 40
36 25 31
36 26 34
36 28 88
36 30 74
36 31 40
36 32 85
36 33 74
36 34 57
36 37 79
36 38 30
36 39 50
36 40 91
36 41 35
36 42 84
36 43 19
36 47 83
36 48 42
36 52 67
36 56 38
36 57 25
36 59 48
36 63 85
36 68 58
36 71 96
36 73 52
36 76 85
36 78 86
36 79 101
36 80 86
36 81 20
36 83 60
36 84 83
36 87 83
36 90 76
36 91 105
36 92 66
36 94 24
36 96 79
36 98 106
36 99 101
36 100 47
36 101 68
36 102 104
36 105 51
36 106 72
36 109 36
36 110 51
36 112 27
36 113 105
36 114 94
36 116 57
36 117 98
36 118 23
36 120 42
36 121 71
36 123 62
36 125 24
36 126 92
36 131 27
36 132 78
36 134 22
36 135 90
36 t 22
37 1 21
37 3 39
37 9 102
37 12 90
37 15 81
37 16 49
37 17 35
37 19 96
37 20 27
37 22 80
37 23 47
37 24 31
37 25 96
37 28 33
37 29 70
37 30 53
37 32 49
37 33 102
37 34 94
37 36 79
37 39 71
37 44 40
37 45 29
37 46 101
37 48 52
37 52 81
37 56 28
37 57 43
37 58 48
37 61 72
37 62 78
37 65 19
37 69 50
37 70 36
37 77 97
37 78 72
37 79 39
37 80 56
37 81 105
37 82 51
37 83 34
37 86 30
37 87 97
37 88 64
37 90 45
37 91 72
37 92 106
37 93 105
37 94 76
37 96 91
37 97 31
37 99 71
37 104 97
37 107 38
37 112 89
37 113 25
37 114 97
37 118 24
37 120 77
37 124 93
37 127 63
37 128 96
37 133 41
38 1 45
38 2 50
38 5 54
38 6 35
38 7 74
38 8 92
38 10 78
38 12 19
38 13 82
38 14 77
38 15 45
38 19 85
38 21 77
38 24 19
38 27 99
38 29 41
38 30 97
38 31 47
38 32 69
38 33 106
38 34 66
38 35 60
38 36 30
38 41 29
38 43 96
38 45 74
38 46 30
38 49 34
38 51 44
38 56 88
38 59 70
38 61 69
38 63 42
38 66 87
38 67 48
38 68 21
38 69 21
38 71 87
38 72 83
38 76 33
38 79 79
38 81 21
38 84 106
38 87 92
38 92 48
38 93 89
38 94 102
38 95 70
38 96 91
38 98 75
38 99 69
38 101 47
38 103 19
38 104 98
38 105 106
38 107 49
38 109 54
38 110 35
38 111 93
38 112 37
38 114 27
38 115 99
38 116 86
38 118 25
38 120 89
38 121 49
38 127 88
38 129 62
38 131 59
38 132 78
39 3 55
39 4 43
39 5 76
39 7 83
39 8 31
39 10 74
39 12 54
39 13 26
39 14 78
39 15 93
39 17 103
39 20 58
39 23 105
39 24 50
39 25 58
39 28 82
39 30 50
39 34 30
39 36 50
39 37 71
39 41 80
39 44 49
39 45 28
39 48 80
39 49 102
39 50 27
39 51 48
39 52 52
39 53 27
39 59 40
39 60 61
39 61 31
39 63 70
39 64 64
39 66 60
39 69 23
39 72 88
39 76 30
39 77 23
39 78 41
39 79 99
39 80 71
39 81 48
39 82 68
39 83 106
39 84 65
39 85 41
39 86 36
39 89 75
39 91 55
39 93 100
39 94 61
39 95 94
39 97 74
39 99 72
39 101 86
39 102 61
39 103 47
39 105 78
39 106 23
39 109 39
39 110 67
39 111 53
39 118 102
39 119 51
39 122 36
39 124 84
39 125 30
39 126 66
39 127 97
39 129 82
39 130 87
39 131 56
39 133 94
39 134 102
40 2 44
40 3 24
40 4 28
40 6 39
40 9 56
40 10 89
40 13 34
40 14 68
40 17 69
40 18 36
40 20 31
40 21 45
40 22 83
40 26 96
40 28 58
40 30 48
40 32 35
40 33 84
40 35 22
40 36 91
40 41 42
40 43 19
40 44 57
40 45 82
40 47 51
40 49 38
40 50 20
40 51 54
40 52 85
40 53 90
40 54 62
40 59 37
40 60 56
40 61 59
40 62 53
40 64 56
40 65 92
40 66 37
40 67 60
40 68 70
40 69 54
40 73 35
40 75 85
40 76 105
40 78 49
40 79 87
40 82 54
40 83 23
40 85 78
40 86 20
40 88 80
40 91 95
40 94 24
40 97 35
40 98 25
40 99 62
40 100 78
40 102 106
40 103 93
40 104 31
40 105 59
40 106 21
40 110 88
40 112 76
40 113 45
40 117 89
40 118 46
40 119 40
40 121 95
40 122 103
40 123 33
40 125 90
40 126 30
40 128 102
40 130 94
40 131 94
41 1 77
41 3 50
41 4 39
41 7 69
41 9 86
41 11 25
41 12 21
41 13 42
41 14 86
41 15 100
41 18 49
41 19 79
41 20 104
41 23 40
41 24 77
41 25 101
41 26 60
41 28 54
41 29 55
41 30 60
41 31 23
41 34 54
41 35 88
41 36 35
41 38 29
41 39 80
41 40 42
41 42 22
41 43 31
41 44 72
41 46 67
41 49 48
41 50 88
41 51 55
41 52 71
41 54 95
41 55 19
41 57 30
41 58 38
41 60 29
41 63 63
41 64 51
41 65 34
41 67 76
41 68 77
41 69 55
41 70 96
41 71 43
41 73 78
41 74 104
41 78 53
41 79 74
41 81 106
41 89 99
41 90 41
41 92 75
41 93 23
41 94 98
41 95 68
41 96 44
41 97 86
41 98 73
41 105 53
41 106 89
41 107 60
41 108 102
41 109 88
41 110 44
41 111 79
41 112 71
41 113 19
41 117 106
41 118 95
41 119 97
41 120 48
41 121 22
41 123 52
41 124 38
41 125 83
41 127 98
41 128 48
41 129 86
41 130 41
41 132 76
41 133 74
41 134 51
41 135 52
41 t 60
42 2 84
42 6 70
42 7 93
42 8 39
42 10 91
42 13 102
42 17 90
42 18 29
42 19 22
42 23 35
42 25 44
42 26 57
42 27 83
42 29 71
42 31 70
42 32 79
42 35 54
42 36 84
42 41 22
42 45 95
42 51 101
42 53 74
42 54 39
42 57 84
42 58 99
42 59 92
42 61 20
42 62 43
42 65 55
42 67 33
42 73 37
42 74 58
42 76 59
42 78 41
42 79 66
42 82 90
42 83 25
42 85 95
42 86 44
42 91 39
42 92 35
42 93 42
42 99 36
42 100 36
42 101 63
42 102 55
42 108 54
42 110 77
42 113 88
42 120 98
42 121 92
42 122 72
42 123 98
42 126 36
42 128 57
42 130 28
42 131 97
42 132 44
42 133 84
42 t 25
43 1 72
43 2 80
43 3 95
43 4 59
43 6 39
43 8 53
43 9 93
43 10 85
43 12 24
43 13 55
43 14 106
43 16 86
43 21 32
43 23 78
43 24 26
43 25 28
43 26 79
43 27 92
43 28 55
43 30 31
43 31 20
43 33 49
43 35 56
43 36 19
43 38 96
43 40 19
43 41 31
43 44 51
43 46 20
43 47 57
43 49 67
43 56 96
43 58 85
43 59 70
43 60 40
43 61 44
43 63 44
43 65 45
43 66 33
43 67 95
43 68 50
43 70 67
43 72 90
43 73 100
43 74 54
43 75 43
43 77 92
43 78 53
43 80 97
43 81 87
43 85 92
43 86 89
43 87 44
43 88 40
43 89 22
43 90 76
43 94 85
43 96 78
43 97 47
43 98 29
43 99 54
43 104 79
43 106 25
43 107 26
43 110 96
43 113 70
43 117 23
43 118 34
43 119 93
43 121 78
43 122 91
43 126 23
43 127 47
43 129 21
43 131 24
43 133 70
43 134 71
43 135 52
43 t 62
44 1 64
44 3 65
44 5 97
44 7 37
44 8 71
44 10 89
44 12 81
44 14 20
44 15 71
44 17 68
44 18 100
44 23 40
44 26 69
44 27 96
44 30 62
44 32 20
44 37 40
44 39 49
44 40 57
44 41 72
44 43 51
44 45 52
44 46 19
44 50 22
44 51 45
44 52 91
44 53 54
44 54 34
44 57 23
44 59 103
44 64 56
44 69 73
44 70 101
44 73 60
44 74 30
44 76 68
44 77 84
44 81 42
44 82 46
44 84 26
44 85 61
44 86 57
44 87 25
44 90 20
44 91 35
44 92 92
44 94 26
44 95 19
44 96 100
44 97 73
44 100 61
44 103 29
44 106 73
44 108 96
44 111 60
44 112 33
44 114 78
44 115 66
44 117 86
44 118 38
44 119 98
44 121 36
44 122 44
44 123 105
44 124 34
44 126 45
44 128 21
44 130 78
44 132 86
44 133 44
44 134 46
44 t 94
45 1 92
45 2 30
45 3 47
45 4 30
45 7 98
45 10 23
45 11 87
45 12 25
45 14 48
45 15 95
45 16 92
45 18 93
45 19 42
45 20 27
45 21 62
45 24 53
45 27 30
45 30 66
45 32 91
45 33 85
45 34 22
45 37 29
45 38 74
45 39 28
45 40 82
45 42 95
45 44 52
45 47 59
45 48 105
45 50 80
45 53 42
45 54 55
45 57 61
45 58 62
45 59 104
45 60 80
45 61 59
45 62 32
45 63 57
45 64 61
45 68 50
45 69 22
45 71 27
45 73 103
45 74 23
45 76 86
45 77 92
45 80 106
45 81 91
45 83 89
45 84 71
45 85 38
45 86 61
45 87 98
45 88 24
45 89 98
45 90 26
45 92 59
45 93 65
45 94 98
45 95 23
45 96 34
45 98 86
45 99 67
45 100 92
45 102 42
45 105 85
45 107 62
45 109 54
45 110 38
45 112 92
45 113 36
45 116 54
45 117 70
45 118 62
45 119 100
45 120 62
45 122 23
45 123 91
45 126 35
45 127 47
45 128 57
45 129 42
45 130 40
45 134 91
45 135 80
45 t 61
46 2 36
46 3 41
46 4 83
46 5 46
46 6 27
46 7 97
46 11 38
46 15 53
46 16 33
46 18 96
46 21 25
46 22 26
46 26 51
46 31 104
46 32 56
46 34 60
46 35 64
46 37 101
46 38 30
46 41 67
46 43 20
46 44 19
46 47 22
46 48 60
46 49 94
46 50 36
46 52 35
46 53 34
46 54 93
46 55 52
46 57 75
46 58 47
46 59 44
46 62 61
46 63 20
46 64 67
46 65 101
46 67 100
46 69 27
46 70 84
46 77 42
46 78 85
46 81 61
46 84 61
46 85 104
46 86 70
46 87 38
46 88 78
46 89 45
46 93 104
46 94 44
46 95 53
46 96 39
46 97 74
46 100 78
46 101 40
46 103 60
46 104 52
46 107 90
46 109 65
46 110 41
46 112 65
46 113 98
46 114 46
46 116 94
46 117 66
46 119 36
46 120 48
46 122 45
46 123 84
46 126 27
46 128 35
46 129 26
46 130 91
46 132 88
46 133 72
46 135 101
47 1 78
47 2 95
47 3 61
47 4 57
47 6 67
47 7 39
47 10 105
47 12 74
47 14 34
47 15 96
47 17 59
47 18 53
47 20 88
47 21 34
47 23 29
47 24 35
47 25 69
47 27 45
47 30 87
47 34 79
47 36 83
47 40 51
47 43 57
47 45 59
47 46 22
47 48 54
47 49 101
47 52 104
47 54 80
47 56 35
47 59 32
47 60 99
47 61 78
47 62 31
47 63 48
47 65 76
47 66 34
47 67 79
47 69 77
47 71 72
47 72 75
47 73 60
47 74 97
47 76 30
47 80 43
47 84 20
47 89 63
47 90 81
47 91 65
47 93 41
47 94 67
47 97 23
47 98 86
47 99 86
47 104 94
47 105 92
47 106 56
47 107 90
47 112 58
47 113 36
47 116 93
47 118 62
47 119 104
47 121 77
47 123 31
47 128 34
47 130 37
47 135 58
48 2 68
48 6 51
48 7 30
48 11 56
48 12 106
48 14 37
48 15 80
48 16 19
48 17 74
48 18 106
48 20 88
48 21 54
48 23 106
48 24 38
48 25 56
48 26 26
48 28 88
48 32 52
48 33 86
48 34 89
48 35 104
48 36 42
48 37 52
48 39 80
48 45 105
48 46 60
48 47 54
48 49 81
48 50 102
48 52 29
48 54 98
48 55 89
48 56 48
48 57 22
48 59 71
48 60 97
48 61 105
48 62 65
48 63 26
48 64 24
48 65 101
48 66 95
48 72 101
48 75 77
48 77 49
48 81 21
48 82 57
48 84 24
48 85 79
48 86 19
48 89 19
48 91 73
48 92 79
48 93 61
48 95 104
48 96 25
48 98 31
48 99 41
48 101 82
48 102 20
48 103 101
48 104 86
48 106 44
48 107 68
48 109 28
48 113 67
48 114 70
48 116 97
48 117 101
48 118 25
48 119 72
48 120 50
48 122 58
48 123 103
48 125 66
48 126 57
48 128 39
48 130 38
48 131 103
48 132 47
48 133 78
48 135 20
48 t 57
49 1 84
49 6 100
49 10 85
49 12 80
49 13 25
49 14 55
49 15 26
49 16 90
49 17 68
49 18 45
49 21 86
49 23 96
49 25 82
49 28 70
49 31 84
49 32 47
49 33 49
49 35 35
49 38 34
49 39 102
49 40 38
49 41 48
49 43 67
49 46 94
49 47 101
49 48 81
49 51 89
49 53 40
49 54 85
49 55 59
49 56 101
49 58 39
49 63 24
49 64 77
49 65 79
49 66 64
49 67 104
49 69 62
49 70 99
49 73 92
49 75 41
49 76 43
49 78 100
49 79 40
49 81 43
49 82 21
49 83 101
49 85 26
49 86 35
49 88 51
49 92 71
49 93 25
49 95 104
49 99 33
49 104 101
49 105 46
49 106 86
49 107 28
49 109 85
49 111 94
49 112 58
49 113 63
49 115 104
49 117 59
49 118 79
49 119 58
49 120 69
49 121 32
49 123 49
49 124 47
49 126 103
49 128 83
49 129 22
49 133 54
49 135 29
49 t 33
50 4 69
50 7 47
50 8 72
50 9 83
50 12 72
50 13 19
50 16 60
50 21 82
50 22 42
50 23 25
50 25 100
50 26 36
50 31 86
50 32 35
50 33 47
50 34 19
50 39 27
50 40 20
50 41 88
50 44 22
50 45 80
50 46 36
50 48 102
50 51 57
50 54 57
50 55 83
50 57 59
50 61 29
50 62 70
50 66 40
50 67 106
50 69 102
50 70 56
50 71 59
50 73 64
50 75 79
50 77 28
50 78 59
50 80 50
50 81 88
50 83 38
50 84 43
50 85 34
50 86 103
50 87 32
50 88 98
50 91 88
50 92 65
50 95 67
50 96 76
50 98 35
50 100 59
50 101 46
50 102 96
50 103 57
50 104 22
50 105 90
50 106 52
50 108 98
50 112 63
50 116 64
50 117 66
50 118 37
50 120 105
50 121 53
50 127 57
50 128 38
50 135 78
51 1 20
51 4 98
51 5 105
51 9 55
51 10 35
51 12 91
51 16 64
51 17 65
51 18 75
51 20 22
51 22 91
51 23 64
51 24 59
51 25 33
51 27 96
51 29 46
51 30 30
51 32 25
51 33 38
51 38 44
51 39 48
51 40 54
51 41 55
51 42 101
51 44 45
51 49 89
51 50 57
51 52 58
51 54 99
51 55 88
51 61 29
51 62 30
51 63 25
51 64 20
51 67 34
51 68 56
51 69 89
51 70 46
51 71 64
51 72 19
51 73 37
51 78 75
51 79 66
51 80 60
51 84 58
51 85 34
51 86 93
51 87 84
51 89 30
51 94 32
51 96 26
51 98 39
51 99 65
51 104 50
51 105 81
51 107 69
51 113 104
51 115 41
51 118 43
51 119 31
51 122 51
51 124 70
51 125 36
51 127 43
51 128 58
51 129 96
51 133 83
51 134 33
51 t 81
52 1 89
52 2 24
52 3 56
52 5 42
52 6 32
52 7 40
52 9 39
52 10 100
52 11 72
52 13 76
52 14 97
52 15 49
52 17 92
52 18 93
52 20 74
52 21 72
52 23 81
52 24 36
52 27 67
52 28 62
52 29 92
52 31 83
52 32 61
52 33 90
52 34 69
52 36 67
52 37 81
52 39 52
52 40 85
52 41 71
52 44 91
52 46 35
52 47 104
52 48 29
52 51 58
52 54 27
52 57 84
52 58 86
52 61 86
52 64 106
52 65 26
52 66 42
52 70 29
52 72 46
52 73 81
52 74 42
52 78 46
52 79 22
52 80 49
52 84 26
52 85 29
52 86 21
52 87 55
52 88 79
52 92 32
52 96 99
52 97 29
52 99 72
52 100 88
52 103 71
52 105 26
52 106 24
52 107 64
52 109 91
52 110 51
52 111 49
52 112 103
52 116 29
52 117 23
52 118 88
52 127 38
52 128 84
52 129 99
52 134 95
52 135 44
53 1 94
53 2 38
53 3 91
53 4 94
53 6 29
53 7 35
53 8 79
53 15 93
53 16 24
53 17 70
53 18 74
53 19 83
53 21 61
53 22 23
53 24 103
53 25 24
53 26 43
53 27 92
53 30 41
53 32 77
53 33 84
53 35 51
53 39 27
53 40 90
53 42 74
53 44 54
53 45 42
53 46 34
53 49 40
53 57 84
53 58 62
53 59 80
53 60 78
53 61 87
53 62 51
53 63 95
53 64 49
53 65 38
53 66 39
53 67 51
53 68 47
53 69 60
53 70 65
53 74 83
53 75 92
53 81 84
53 82 31
53 83 74
53 84 24
53 87 93
53 88 26
53 89 92
53 90 20
53 94 36
53 95 106
53 96 66
53 97 95
53 101 62
53 103 76
53 104 26
53 105 85
53 106 100
53 107 34
53 108 97
53 109 84
53 110 70
53 111 87
53 116 56
53 117 53
53 119 90
53 120 85
53 121 69
53 122 46
53 123 100
53 126 75
53 128 34
53 129 75
53 132 57
53 133 21
53 134 106
54 7 80
54 9 39
54 10 45
54 11 44
54 12 67
54 14 40
54 18 31
54 23 20
54 24 30
54 25 29
54 27 105
54 28 32
54 29 76
54 30 78
54 32 37
54 33 42
54 34 101
54 35 42
54 40 62
54 41 95
54 42 39
54 44 34
54 45 55
54 46 93
54 47 80
54 48 98
54 49 85
54 50 57
54 51 99
54 52 27
54 55 66
54 57 78
54 59 25
54 60 41
54 61 46
54 63 28
54 64 19
54 65 99
54 66 55
54 67 35
54 69 68
54 72 81
54 73 60
54 74 64
54 75 34
54 76 96
54 79 51
54 81 71
54 84 77
54 85 64
54 86 68
54 88 72
54 90 74
54 94 32
54 96 67
54 97 27
54 98 23
54 99 103
54 100 75
54 102 49
54 103 38
54 105 59
54 106 43
54 108 74
54 109 81
54 110 51
54 112 20
54 113 46
54 114 29
54 116 71
54 118 55
54 120 24
54 121 45
54 122 59
54 123 81
54 124 43
54 125 94
54 126 106
54 128 34
54 129 75
54 130 82
54 131 20
54 132 98
54 133 94
54 134 62
54 135 62
54 t 73
55 1 61
55 2 84
55 5 46
55 7 79
55 8 34
55 9 54
55 11 58
55 13 95
55 14 88
55 16 20
55 17 31
55 18 84
55 21 29
55 23 45
55 24 70
55 25 91
55 27 62
55 29 23
55 30 82
55 31 63
55 32 76
55 33 87
55 34 95
55 35 40
55 41 19
55 46 52
55 48 89
55 49 59
55 50 83
55 51 88
55 54 66
55 57 26
55 58 36
55 60 78
55 64 76
55 66 40
55 69 92
55 70 94
55 71 79
55 72 81
55 74 72
55 75 32
55 76 25
55 77 94
55 79 96
55 80 76
55 83 63
55 85 62
55 87 48
55 88 103
55 89 94
55 90 90
55 92 57
55 94 67
55 96 106
55 97 65
55 98 105
55 100 106
55 102 89
55 104 57
55 105 46
55 109 69
55 111 94
55 112 37
55 115 61
55 118 43
55 121 73
55 123 20
55 124 28
55 125 47
55 126 19
55 127 71
55 131 48
55 133 58
55 135 91
55 t 49
56 1 28
56 2 84
56 3 106
56 4 30
56 6 21
56 7 79
56 8 70
56 9 51
56 13 19
56 15 22
56 17 90
56 19 66
56 21 59
56 23 95
56 25 55
56 29 41
56 34 57
56 35 95
56 36 38
56 37 28
56 38 88
56 43 96
56 47 35
56 48 48
56 49 101
56 58 102
56 59 86
56 60 103
56 61 41
56 62 70
56 63 35
56 67 37
56 68 72
56 69 98
56 70 35
56 71 40
56 73 53
56 74 78
56 79 35
56 80 94
56 82 56
56 83 84
56 85 103
56 86 39
56 89 103
56 91 29
56 92 63
56 93 106
56 95 29
56 96 60
56 98 100
56 100 90
56 101 37
56 103 56
56 104 99
56 105 49
56 106 71
56 107 76
56 108 66
56 109 87
56 111 93
56 112 67
56 113 48
56 115 55
56 116 102
56 117 62
56 118 81
56 120 27
56 123 27
56 126 19
56 128 76
56 132 93
56 134 98
57 1 88
57 3 64
57 4 20
57 5 102
57 9 39
57 10 67
57 11 78
57 12 58
57 14 47
57 15 41
57 16 30
57 19 70
57 20 23
57 23 29
57 25 98
57 26 26
57 28 61
57 29 32
57 30 40
57 31 58
57 32 32
57 33 35
57 35 73
57 36 25
57 37 43
57 41 30
57 42 84
57 44 23
57 45 61
57 46 75
57 48 22
57 50 59
57 52 84
57 53 84
57 54 78
57 55 26
57 59 81
57 60 99
57 62 33
57 65 86
57 66 65
57 70 66
57 71 59
57 73 75
57 77 95
57 78 105
57 81 55
57 83 49
57 84 48
57 86 24
57 87 57
57 89 44
57 90 77
57 92 81
57 94 90
57 96 80
57 99 26
57 102 24
57 106 59
57 108 53
57 110 105
57 111 97
57 112 33
57 116 61
57 117 59
57 119 54
57 120 89
57 122 91
57 124 82
57 125 88
57 126 104
57 128 80
57 129 59
57 132 85
57 133 34
57 134 58
58 2 105
58 5 19
58 8 96
58 11 91
58 12 64
58 13 75
58 15 19
58 16 62
58 17 86
58 18 29
58 21 100
58 22 95
58 28 41
58 32 102
58 33 86
58 34 89
58 35 31
58 37 48
58 41 38
58 42 99
58 43 85
58 45 62
58 46 47
58 49 39
58 52 86
58 53 62
58 55 36
58 56 102
58 59 96
58 60 40
58 61 23
58 62 30
58 63 42
58 65 31
58 66 56
58 68 88
58 69 82
58 70 21
58 71 30
58 72 89
58 74 44
58 78 36
58 80 46
58 81 100
58 82 79
58 83 61
58 85 89
58 89 46
58 92 74
58 94 52
58 95 90
58 97 95
58 98 56
58 99 94
58 101 63
58 104 60
58 105 54
58 106 38
58 108 23
58 112 47
58 113 89
58 115 95
58 118 49
58 121 76
58 122 42
58 123 35
58 125 85
58 126 19
58 128 48
58 129 69
58 130 27
58 131 95
58 132 62
58 135 44
59 3 28
59 4 63
59 6 92
59 10 92
59 12 75
59 13 53
59 17 91
59 19 53
59 24 61
59 25 73
59 27 68
59 28 29
59 30 75
59 33 60
59 35 79
59 36 48
59 38 70
59 39 40
59 40 37
59 42 92
59 43 70
59 44 103
59 45 104
59 46 44
59 47 32
59 48 71
59 53 80
59 54 25
59 56 86
59 57 81
59 58 96
59 60 80
59 61 104
59 65 36
59 67 25
59 69 38
59 70 23
59 72 36
59 74 60
59 76 25
59 77 44
59 81 68
59 82 37
59 83 42
59 85 77
59 87 88
59 88 47
59 89 41
59 91 41
59 93 33
59 94 33
59 95 62
59 98 22
59 99 50
59 100 29
59 101 81
59 103 81
59 105 99
59 106 26
59 107 94
59 108 99
59 110 80
59 111 27
59 113 101
59 114 64
59 115 27
59 116 97
59 117 54
59 120 101
59 121 78
59 122 54
59 124 101
59 126 72
59 128 74
59 129 51
59 130 35
59 131 48
59 t 64
60 2 37
60 4 35
60 5 69
60 6 64
60 8 70
60 11 28
60 12 85
60 14 48
60 16 31
60 17 28
60 18 76
60 19 24
60 25 80
60 26 76
60 27 73
60 28 86
60 29 69
60 30 87
60 31 89
60 32 38
60 34 106
60 35 88
60 39 61
60 40 56
60 41 29
60 43 40
60 45 80
60 47 99
60 48 97
60 53 78
60 54 41
60 55 78
60 56 103
60 57 99
60 58 40
60 59 80
60 62 89
60 63 96
60 64 102
60 71 69
60 73 62
60 74 46
60 76 26
60 77 33
60 78 75
60 79 23
60 82 24
60 83 105
60 84 55
60 87 77
60 88 34
60 90 82
60 92 104
60 94 44
60 95 79
60 96 74
60 101 56
60 104 40
60 105 50
60 106 47
60 109 103
60 110 40
60 111 46
60 112 87
60 113 73
60 115 100
60 116 52
60 117 43
60 119 85
60 120 48
60 121 104
60 124 46
60 126 89
60 127 91
60 129 69
60 133 86
60 134 42
60 135 75
60 t 69
61 3 30
61 4 78
61 6 50
61 7 79
61 11 99
61 12 101
61 13 24
61 16 27
61 20 34
61 21 96
61 23 74
61 24 96
61 26 106
61 28 34
61 29 85
61 32 96
61 34 92
61 37 72
61 38 69
61 39 31
61 40 59
61 42 20
61 43 44
61 45 59
61 47 78
61 48 105
61 50 29
61 51 29
61 52 86
61 53 87
61 54 46
61 56 41
61 58 23
61 59 104
61 62 34
61 63 27
61 64 95
61 67 90
61 68 66
61 70 53
61 71 48
61 73 58
61 74 97
61 78 26
61 79 102
61 80 43
61 81 33
61 83 68
61 84 63
61 86 38
61 88 61
61 92 70
61 94 36
61 97 60
61 98 97
61 99 31
61 100 94
61 101 28
61 103 100
61 104 73
61 106 58
61 107 52
61 109 102
61 110 80
61 113 44
61 114 60
61 115 93
61 116 86
61 117 61
61 118 35
61 119 80
61 120 74
61 121 19
61 124 53
61 125 85
61 126 76
61 128 33
61 129 89
61 130 58
61 131 30
61 132 28
61 133 61
62 1 37
62 3 96
62 4 54
62 6 106
62 10 60
62 11 36
62 12 26
62 13 49
62 15 92
62 16 60
62 17 94
62 18 99
62 21 91
62 22 24
62 23 22
62 25 63
62 27 71
62 29 87
62 30 103
62 31 67
62 32 19
62 33 61
62 34 73
62 37 78
62 40 53
62 42 43
62 45 32
62 46 61
62 47 31
62 48 65
62 50 70
62 51 30
62 53 51
62 56 70
62 57 33
62 58 30
62 60 89
62 61 34
62 65 63
62 66 86
62 68 46
62 71 89
62 72 72
62 75 56
62 78 71
62 79 77
62 80 106
62 81 32
62 82 50
62 83 85
62 85 103
62 86 84
62 87 91
62 90 34
62 93 99
62 94 73
62 97 80
62 98 56
62 99 57
62 100 82
62 101 89
62 102 53
62 107 53
62 108 29
62 109 97
62 114 85
62 118 24
62 119 89
62 122 60
62 123 30
62 126 82
62 128 59
62 130 68
62 131 67
62 135 98
62 t 70
63 2 95
63 3 60
63 5 79
63 14 92
63 15 44
63 16 75
63 18 64
63 21 91
63 22 30
63 23 90
63 24 67
63 25 94
63 28 68
63 30 32
63 31 95
63 32 34
63 33 89
63 36 85
63 38 42
63 39 70
63 41 63
63 43 44
63 45 57
63 46 20
63 47 48
63 48 26
63 49 24
63 51 25
63 53 95
63 54 28
63 56 35
63 58 42
63 60 96
63 61 27
63 64 78
63 65 105
63 66 72
63 67 26
63 69 77
63 71 61
63 74 52
63 75 25
63 76 36
63 78 22
63 79 59
63 81 33
63 82 30
63 83 26
63 84 37
63 88 83
63 90 96
63 91 51
63 93 80
63 94 77
63 97 84
63 98 91
63 99 36
63 104 20
63 107 92
63 110 58
63 112 92
63 114 75
63 116 90
63 118 78
63 122 95
63 123 28
63 124 83
63 126 21
63 127 27
63 129 40
63 130 45
63 131 56
63 132 42
63 134 80
64 1 57
64 3 44
64 4 24
64 6 52
64 7 65
64 8 24
64 9 62
64 15 31
64 18 39
64 20 27
64 22 33
64 23 74
64 24 28
64 25 39
64 28 66
64 31 63
64 32 66
64 34 82
64 35 101
64 39 64
64 40 56
64 41 51
64 44 56
64 45 61
64 46 67
64 48 24
64 49 77
64 51 20
64 52 106
64 53 49
64 54 19
64 55 76
64 60 102
64 61 95
64 63 78
64 66 90
64 67 51
64 68 106
64 71 92
64 72 45
64 73 60
64 74 94
64 76 99
64 77 49
64 78 94
64 79 104
64 80 104
64 81 44
64 82 77
64 83 69
64 84 86
64 86 85
64 87 43
64 88 38
64 90 44
64 93 96
64 95 81
64 96 26
64 98 25
64 99 100
64 101 101
64 103 38
64 105 92
64 106 24
64 107 74
64 108 28
64 109 20
64 111 75
64 112 19
64 113 96
64 114 56
64 115 104
64 116 92
64 117 83
64 118 67
64 122 103
64 123 72
64 124 71
64 125 63
64 130 19
64 131 72
64 132 61
64 t 75
65 1 90
65 2 87
65 5 34
65 6 28
65 7 48
65 8 25
65 12 96
65 14 78
65 16 74
65 18 46
65 19 56
65 20 72
65 22 37
65 25 31
65 28 105
65 30 42
65 32 66
65 33 97
65 34 105
65 37 19
65 40 92
65 41 34
65 42 55
65 43 45
65 46 101
65 47 76
65 48 101
65 49 79
65 52 26
65 53 38
65 54 99
65 57 86
65 58 31
65 59 36
65 62 63
65 63 105
65 68 76
65 69 91
65 70 77
65 72 30
65 73 98
65 74 41
65 78 37
65 79 29
65 80 39
65 83 20
65 85 106
65 86 29
65 89 76
65 92 105
65 93 89
65 95 42
65 98 69
65 101 72
65 102 20
65 104 100
65 105 70
65 109 45
65 110 76
65 111 26
65 113 24
65 117 21
65 118 23
65 119 64
65 126 75
65 127 57
65 129 45
65 133 69
66 2 91
66 5 26
66 8 26
66 9 95
66 10 39
66 11 47
66 12 41
66 17 62
66 19 69
66 21 65
66 22 79
66 23 106
66 25 96
66 27 88
66 31 50
66 32 88
66 33 97
66 34 87
66 35 36
66 38 87
66 39 60
66 40 37
66 43 33
66 47 34
66 48 95
66 49 64
66 50 40
66 52 42
66 53 39
66 54 55
66 55 40
66 57 65
66 58 56
66 62 86
66 63 72
66 64 90
66 68 67
66 69 98
66 71 69
66 72 60
66 76 29
66 79 73
66 80 59
66 81 46
66 83 57
66 84 48
66 87 104
66 90 102
66 92 29
66 93 66
66 94 38
66 95 28
66 96 62
66 97 46
66 98 22
66 100 89
66 101 57
66 104 98
66 106 60
66 109 39
66 111 75
66 112 51
66 113 27
66 119 92
66 120 20
66 122 66
66 123 29
66 126 106
66 127 69
66 129 77
66 130 47
66 131 50
67 1 61
67 3 23
67 6 53
67 7 40
67 10 75
67 12 57
67 13 37
67 15 56
67 17 51
67 19 62
67 21 101
67 22 63
67 25 71
67 26 104
67 29 40
67 31 92
67 32 63
67 34 96
67 38 48
67 40 60
67 41 76
67 42 33
67 43 95
67 46 100
67 47 79
67 49 104
67 50 106
67 51 34
67 53 51
67 54 35
67 56 37
67 59 25
67 61 90
67 63 26
67 64 51
67 70 50
67 71 81
67 79 72
67 82 99
67 84 84
67 88 26
67 91 21
67 92 46
67 94 38
67 95 42
67 96 103
67 98 20
67 100 103
67 104 100
67 105 55
67 106 98
67 107 63
67 108 31
67 111 62
67 112 74
67 113 38
67 115 43
67 116 22
67 117 86
67 118 104
67 120 93
67 121 23
67 122 56
67 124 89
67 126 49
67 127 48
67 128 91
67 129 101
67 134 80
67 135 52
67 t 103
68 3 22
68 4 68
68 5 35
68 6 74
68 7 49
68 10 98
68 11 61
68 14 102
68 15 57
68 16 52
68 18 21
68 19 82
68 20 58
68 21 97
68 22 47
68 23 66
68 25 71
68 28 78
68 30 94
68 32 26
68 35 29
68 36 58
68 38 21
68 40 70
68 41 77
68 43 50
68 45 50
68 51 56
68 53 47
68 56 72
68 58 88
68 61 66
68 62 46
68 64 106
68 65 76
68 66 67
68 69 70
68 72 52
68 74 24
68 77 52
68 79 88
68 80 42
68 81 31
68 84 94
68 85 103
68 86 47
68 89 34
68 90 100
68 92 32
68 93 85
68 94 64
68 95 33
68 98 56
68 99 76
68 101 50
68 102 100
68 104 82
68 105 95
68 106 45
68 107 42
68 109 22
68 110 68
68 112 35
68 113 73
68 114 94
68 115 27
68 116 22
68 122 94
68 123 30
68 124 64
68 127 39
68 128 37
68 131 29
68 132 78
68 134 88
68 t 91
69 2 100
69 3 43
69 8 51
69 9 31
69 10 34
69 11 57
69 12 25
69 13 25
69 16 28
69 17 52
69 19 37
69 22 84
69 23 89
69 26 34
69 30 33
69 31 54
69 33 83
69 34 97
69 35 87
69 37 50
69 38 21
69 39 23
69 40 54
69 41 55
69 44 73
69 45 22
69 46 27
69 47 77
69 49 62
69 50 102
69 51 89
69 53 60
69 54 68
69 55 92
69 56 98
69 58 82
69 59 38
69 63 77
69 65 91
69 66 98
69 68 70
69 70 82
69 71 104
69 72 71
69 75 87
69 76 38
69 77 26
69 78 30
69 79 79
69 80 69
69 83 92
69 86 92
69 88 102
69 92 66
69 94 36
69 96 21
69 100 81
69 101 21
69 103 26
69 106 88
69 109 45
69 110 26
69 111 106
69 112 28
69 114 26
69 119 43
69 123 78
69 125 80
69 131 49
69 133 53
69 135 74
69 t 94
70 2 102
70 4 40
70 6 47
70 7 32
70 9 89
70 11 54
70 16 44
70 17 72
70 18 88
70 20 86
70 21 34
70 24 86
70 26 38
70 30 102
70 32 92
70 35 43
70 37 36
70 41 96
70 43 67
70 44 101
70 46 84
70 49 99
70 50 56
70 51 46
70 52 29
70 53 65
70 55 94
70 56 35
70 57 66
70 58 21
70 59 23
70 61 53
70 65 77
70 67 50
70 69 82
70 71 77
70 75 77
70 78 106
70 79 72
70 81 101
70 82 24
70 83 34
70 87 66
70 88 86
70 89 35
70 91 64
70 92 76
70 94 47
70 97 96
70 98 33
70 99 52
70 100 36
70 101 47
70 105 87
70 106 36
70 107 28
70 112 72
70 115 42
70 116 32
70 119 29
70 124 65
70 125 70
70 127 95
70 132 88
70 134 42
70 t 48
71 4 94
71 7 31
71 8 65
71 9 34
71 10 69
71 11 88
71 15 104
71 18 93
71 19 70
71 20 46
71 21 25
71 23 28
71 25 56
71 26 65
71 27 91
71 28 19
71 29 34
71 30 52
71 34 30
71 35 67
71 36 96
71 38 87
71 41 43
71 45 27
71 47 72
71 50 59
71 51 64
71 55 79
71 56 40
71 57 59
71 58 30
71 60 69
71 61 48
71 62 89
71 63 61
71 64 92
71 66 69
71 67 81
71 69 104
71 70 77
71 74 89
71 76 57
71 79 56
71 83 32
71 85 50
71 88 55
71 89 73
71 91 70
71 93 71
71 98 101
71 99 29
71 100 87
71 101 74
71 104 80
71 107 66
71 108 92
71 109 26
71 110 19
71 111 35
71 115 26
71 117 67
71 118 52
71 119 24
71 122 57
71 123 62
71 125 68
71 128 85
71 129 102
71 130 45
71 132 43
71 135 24
71 t 33
72 1 91
72 2 34
72 3 106
72 4 67
72 5 53
72 8 26
72 9 42
72 14 52
72 15 45
72 16 41
72 17 21
72 19 33
72 22 32
72 23 29
72 24 90
72 28 81
72 29 104
72 30 65
72 32 23
72 33 55
72 34 53
72 35 74
72 38 83
72 39 88
72 43 90
72 47 75
72 48 101
72 51 19
72 52 46
72 54 81
72 55 81
72 58 89
72 59 36
72 62 72
72 64 45
72 65 30
72 66 60
72 68 52
72 69 71
72 75 35
72 77 56
72 80 91
72 81 73
72 82 22
72 87 56
72 89 22
72 91 83
72 93 86
72 96 56
72 97 52
72 98 106
72 102 25
72 104 40
72 105 29
72 107 73
72 108 80
72 111 36
72 113 30
72 116 70
72 117 50
72 119 87
72 120 47
72 121 53
72 123 81
72 124 105
72 125 66
72 126 62
72 128 83
72 130 63
72 t 104
73 1 24
73 2 63
73 4 32
73 5 75
73 6 63
73 7 46
73 8 53
73 11 50
73 12 52
73 14 38
73 16 69
73 17 77
73 22 76
73 26 87
73 29 84
73 35 65
73 36 52
73 40 35
73 41 78
73 42 37
73 43 100
73 44 60
73 45 103
73 47 60
73 49 92
73 50 64
73 51 37
73 52 81
73 54 60
73 56 53
73 57 75
73 60 62
73 61 58
73 64 60
73 65 98
73 74 105
73 76 73
73 78 78
73 79 87
73 82 26
73 83 59
73 84 101
73 90 90
73 91 65
73 92 35
73 93 38
73 95 31
73 96 91
73 98 98
73 102 89
73 104 27
73 107 45
73 108 49
73 109 98
73 112 38
73 113 105
73 115 99
73 118 89
73 122 71
73 123 64
73 124 42
73 126 89
73 127 81
73 128 86
73 130 101
73 131 85
73 133 66
73 135 103
74 4 66
74 8 56
74 9 93
74 12 104
74 14 77
74 17 72
74 19 39
74 20 76
74 25 46
74 26 45
74 27 80
74 28 84
74 30 36
74 31 59
74 32 87
74 33 45
74 35 69
74 41 104
74 42 58
74 43 54
74 44 30
74 45 23
74 47 97
74 52 42
74 53 83
74 54 64
74 55 72
74 56 78
74 58 44
74 59 60
74 60 46
74 61 97
74 63 52
74 64 94
74 65 41
74 68 24
74 71 89
74 73 105
74 76 70
74 77 97
74 80 73
74 83 19
74 84 80
74 85 79
74 91 38
74 93 32
74 98 98
74 99 61
74 100 102
74 102 62
74 104 29
74 107 96
74 108 105
74 110 41
74 111 83
74 115 51
74 117 72
74 118 64
74 119 62
74 120 79
74 121 51
74 122 23
74 126 31
74 128 25
74 131 30
74 135 59
75 1 56
75 2 95
75 4 54
75 5 84
75 6 80
75 7 63
75 9 29
75 10 76
75 12 31
75 13 83
75 15 69
75 16 47
75 18 59
75 19 66
75 20 92
75 25 21
75 26 78
75 28 21
75 31 55
75 32 34
75 40 85
75 43 43
75 48 77
75 49 41
75 50 79
75 53 92
75 54 34
75 55 32
75 62 56
75 63 25
75 69 87
75 70 77
75 72 35
75 76 98
75 77 36
75 78 79
75 79 36
75 85 106
75 86 86
75 87 67
75 91 93
75 93 63
75 96 92
75 101 51
75 103 49
75 105 28
75 106 83
75 107 34
75 109 86
75 111 53
75 114 28
75 115 75
75 118 90
75 119 39
75 120 71
75 121 92
75 122 79
75 126 39
75 127 101
75 129 86
75 130 81
75 131 69
75 133 53
76 2 56
76 4 74
76 5 55
76 7 29
76 8 43
76 10 103
76 12 77
76 13 35
76 15 50
76 17 83
76 19 44
76 25 90
76 32 60
76 34 97
76 36 85
76 38 33
76 39 30
76 40 105
76 42 59
76 44 68
76 45 86
76 47 30
76 49 43
76 54 96
76 55 25
76 59 25
76 60 26
76 63 36
76 64 99
76 66 29
76 69 38
76 71 57
76 73 73
76 74 70
76 75 98
76 78 64
76 79 81
76 81 45
76 83 91
76 85 22
76 87 80
76 88 84
76 90 47
76 93 41
76 94 20
76 95 79
76 96 24
76 97 94
76 101 95
76 102 54
76 104 80
76 105 57
76 107 32
76 108 79
76 109 88
76 112 25
76 113 22
76 114 64
76 115 103
76 116 50
76 118 100
76 119 75
76 120 42
76 121 42
76 122 27
76 123 21
76 125 63
76 126 33
76 127 88
76 128 49
76 129 92
76 131 49
76 132 102
76 133 19
76 134 65
77 1 43
77 3 102
77 5 77
77 6 23
77 7 85
77 8 72
77 9 86
77 12 67
77 13 49
77 14 46
77 15 66
77 18 67
77 19 77
77 22 40
77 25 96
77 26 60
77 32 63
77 33 69
77 37 97
77 39 23
77 43 92
77 44 84
77 45 92
77 46 42
77 48 49
77 50 28
77 55 94
77 57 95
77 59 44
77 60 33
77 64 49
77 68 52
77 69 26
77 72 56
77 74 97
77 75 36
77 78 21
77 82 86
77 83 39
77 84 33
77 86 45
77 90 37
77 92 64
77 93 27
77 95 56
77 96 48
77 100 53
77 102 73
77 105 23
77 106 96
77 108 56
77 109 86
77 111 39
77 112 78
77 113 102
77 114 56
77 115 92
77 116 46
77 117 49
77 120 19
77 123 84
77 125 74
77 127 34
77 128 60
77 131 41
77 t 71
78 1 40
78 3 32
78 4 60
78 5 100
78 7 30
78 9 31
78 10 72
78 11 31
78 12 73
78 13 63
78 14 105
78 18 43
78 19 30
78 21 22
78 23 57
78 25 46
78 27 83
78 28 91
78 30 60
78 31 74
78 33 54
78 35 45
78 36 86
78 37 72
78 39 41
78 40 49
78 41 53
78 42 41
78 43 53
78 46 85
78 49 100
78 50 59
78 51 75
78 52 46
78 57 105
78 58 36
78 60 75
78 61 26
78 62 71
78 63 22
78 64 94
78 65 37
78 69 30
78 70 106
78 73 78
78 75 79
78 76 64
78 77 21
78 79 81
78 80 99
78 81 59
78 82 73
78 83 28
78 85 42
78 86 38
78 87 106
78 88 43
78 90 87
78 92 24
78 93 103
78 95 99
78 97 104
78 99 58
78 100 86
78 101 21
78 102 98
78 104 79
78 105 61
78 107 60
78 109 64
78 110 41
78 111 50
78 112 92
78 114 79
78 116 39
78 118 106
78 120 64
78 121 79
78 123 52
78 124 70
78 125 52
78 126 33
78 127 54
78 132 102
78 t 29
79 1 57
79 2 99
79 4 103
79 5 52
79 7 96
79 9 61
79 10 78
79 12 58
79 14 89
79 17 67
79 18 45
79 19 24
79 20 33
79 22 99
79 26 31
79 28 41
79 32 73
79 33 61
79 34 56
79 36 101
79 37 39
79 38 79
79 39 99
79 40 87
79 41 74
79 42 66
79 49 40
79 51 66
79 52 22
79 54 51
79 55 96
79 56 35
79 60 23
79 61 102
79 62 77
79 63 59
79 64 104
79 65 29
79 66 73
79 67 72
79 68 88
79 69 79
79 70 72
79 71 56
79 73 87
79 75 36
79 76 81
79 78 81
79 81 30
79 83 40
79 84 24
79 85 33
79 86 64
79 87 100
79 90 38
79 94 60
79 96 54
79 97 49
79 98 75
79 99 56
79 100 88
79 102 72
79 103 26
79 106 33
79 111 48
79 112 54
79 113 103
79 116 55
79 117 54
79 118 78
79 119 42
79 122 53
79 123 45
79 124 86
79 127 42
79 128 28
79 129 49
79 134 95
79 135 71
80 2 104
80 4 59
80 5 50
80 6 52
80 7 63
80 11 62
80 15 86
80 17 64
80 19 19
80 20 104
80 24 95
80 27 75
80 28 91
80 29 65
80 31 49
80 32 90
80 34 65
80 35 41
80 36 86
80 37 56
80 39 71
80 43 97
80 45 106
80 47 43
80 50 50
80 51 60
80 52 49
80 55 76
80 56 94
80 58 46
80 61 43
80 62 106
80 64 104
80 65 39
80 66 59
80 68 42
80 69 69
80 72 91
80 74 73
80 78 99
80 82 60
80 83 60
80 84 51
80 85 79
80 86 103
80 87 93
80 88 35
80 89 39
80 91 92
80 95 22
80 102 42
80 106 51
80 107 103
80 112 96
80 113 55
80 115 58
80 118 27
80 120 80
80 122 70
80 125 90
80 126 65
80 130 32
80 133 63
80 t 66
81 1 99
81 3 31
81 5 99
81 7 33
81 11 54
81 12 75
81 14 19
81 16 84
81 20 31
81 22 93
81 23 91
81 25 64
81 26 54
81 28 60
81 30 85
81 32 69
81 33 71
81 34 34
81 35 102
81 36 20
81 37 105
81 38 21
81 39 48
81 41 106
81 43 87
81 44 42
81 45 91
81 46 61
81 48 21
81 49 43
81 50 88
81 53 84
81 54 71
81 57 55
81 58 100
81 59 68
81 61 33
81 62 32
81 63 33
81 64 44
81 66 46
81 68 31
81 70 101
81 72 73
81 76 45
81 78 59
81 79 30
81 83 41
81 84 59
81 85 48
81 86 104
81 87 69
81 88 34
81 90 44
81 91 102
81 94 26
81 97 102
81 100 30
81 101 59
81 105 19
81 107 103
81 108 62
81 110 97
81 112 84
81 113 79
81 115 68
81 118 54
81 122 95
81 123 31
81 125 30
81 126 27
81 127 58
81 128 27
81 129 74
81 130 75
81 131 94
81 133 40
81 135 89
82 2 73
82 3 48
82 5 87
82 6 57
82 10 95
82 11 32
82 14 75
82 15 19
82 16 73
82 17 56
82 18 38
82 21 65
82 22 83
82 23 97
82 24 75
82 26 25
82 27 22
82 28 101
82 33 68
82 35 65
82 37 51
82 39 68
82 40 54
82 42 90
82 44 46
82 48 57
82 49 21
82 53 31
82 56 56
82 58 79
82 59 37
82 60 24
82 62 50
82 63 30
82 64 77
82 67 99
82 70 24
82 72 22
82 73 26
82 77 86
82 78 73
82 80 60
82 83 29
82 88 29
82 89 63
82 93 64
82 95 73
82 96 100
82 97 106
82 102 87
82 103 85
82 112 64
82 116 65
82 117 34
82 118 54
82 119 32
82 122 32
82 123 24
82 125 82
82 126 105
82 128 36
82 130 81
82 132 63
82 135 54
83 1 74
83 4 38
83 5 38
83 6 26
83 7 84
83 8 55
83 14 41
83 15 35
83 17 76
83 18 64
83 19 77
83 20 63
83 21 97
83 23 34
83 24 72
83 27 45
83 28 31
83 29 89
83 30 93
83 32 80
83 33 97
83 36 60
83 37 34
83 39 106
83 40 23
83 42 25
83 45 89
83 49 101
83 50 38
83 53 74
83 55 63
83 56 84
83 57 49
83 58 61
83 59 42
83 60 105
83 61 68
83 62 85
83 63 26
83 64 69
83 65 20
83 66 57
83 69 92
83 70 34
83 71 32
83 73 59
83 74 19
83 76 91
83 77 39
83 78 28
83 79 40
83 80 60
83 81 41
83 82 29
83 87 75
83 88 75
83 91 99
83 94 57
83 95 92
83 96 56
83 97 72
83 101 46
83 102 78
83 104 19
83 105 32
83 108 43
83 109 76
83 111 62
83 115 60
83 117 80
83 118 81
83 120 57
83 121 25
83 125 58
83 126 21
83 128 72
83 129 74
83 130 84
83 134 99
83 135 35
83 t 62
84 2 40
84 4 87
84 6 50
84 10 91
84 11 29
84 12 34
84 16 40
84 17 60
84 19 22
84 21 76
84 22 77
84 23 41
84 26 101
84 31 85
84 32 50
84 33 84
84 34 41
84 35 92
84 36 83
84 38 106
84 39 65
84 44 26
84 45 71
84 46 61
84 47 20
84 48 24
84 50 43
84 51 58
84 52 26
84 53 24
84 54 77
84 57 48
84 60 55
84 61 63
84 63 37
84 64 86
84 66 48
84 67 84
84 68 94
84 73 101
84 74 80
84 77 33
84 79 24
84 80 51
84 81 59
84 85 71
84 90 47
84 92 52
84 93 64
84 94 19
84 96 72
84 97 69
84 100 30
84 101 92
84 102 61
84 104 74
84 106 82
84 107 60
84 109 93
84 112 38
84 118 95
84 120 49
84 122 33
84 123 57
84 124 57
84 125 53
84 126 65
84 127 99
84 129 57
84 130 101
84 133 55
84 t 35
85 1 52
85 9 21
85 12 30
85 13 75
85 15 44
85 17 80
85 18 22
85 19 91
85 20 70
85 21 62
85 23 23
85 26 56
85 27 59
85 28 92
85 31 74
85 32 105
85 33 75
85 34 37
85 35 37
85 39 41
85 40 78
85 42 95
85 43 92
85 44 61
85 45 38
85 46 104
85 48 79
85 49 26
85 50 34
85 51 34
85 52 29
85 54 64
85 55 62
85 56 103
85 58 89
85 59 77
85 62 103
85 65 106
85 68 103
85 71 50
85 74 79
85 75 106
85 76 22
85 78 42
85 79 33
85 80 79
85 81 48
85 84 71
85 86 75
85 88 86
85 89 37
85 94 59
85 95 39
85 97 73
85 98 88
85 99 42
85 101 74
85 102 32
85 104 103
85 105 94
85 108 21
85 111 73
85 114 25
85 116 20
85 117 79
85 119 38
85 122 84
85 126 87
85 127 34
85 128 59
85 130 38
85 131 102
85 132 71
85 133 62
85 134 59
85 135 82
85 t 71
86 1 104
86 4 72
86 6 83
86 8 83
86 9 88
86 10 28
86 11 78
86 15 66
86 18 59
86 20 26
86 25 89
86 27 59
86 29 61
86 31 87
86 32 60
86 34 99
86 35 39
86 37 30
86 39 36
86 40 20
86 42 44
86 43 89
86 44 57
86 45 61
86 46 70
86 48 19
86 49 35
86 50 103
86 51 93
86 52 21
86 54 68
86 56 39
86 57 24
86 61 38
86 62 84
86 64 85
86 65 29
86 68 47
86 69 92
86 75 86
86 77 45
86 78 38
86 79 64
86 80 103
86 81 104
86 85 75
86 87 51
86 93 86
86 96 101
86 97 43
86 98 71
86 100 46
86 102 36
86 103 66
86 106 55
86 107 83
86 108 35
86 109 92
86 110 55
86 113 30
86 114 92
86 115 81
86 117 97
86 121 73
86 122 95
86 124 58
86 126 34
86 128 65
86 130 32
86 132 69
86 t 44
87 3 106
87 4 67
87 5 102
87 7 61
87 9 29
87 10 56
87 11 93
87 12 96
87 13 62
87 16 69
87 17 66
87 18 41
87 21 37
87 22 35
87 23 53
87 24 37
87 26 65
87 28 61
87 30 24
87 31 19
87 32 29
87 33 106
87 35 41
87 36 83
87 37 97
87 38 92
87 43 44
87 44 25
87 45 98
87 46 38
87 50 32
87 51 84
87 52 55
87 53 93
87 55 48
87 57 57
87 59 88
87 60 77
87 62 91
87 64 43
87 66 104
87 70 66
87 72 56
87 75 67
87 76 80
87 78 106
87 79 100
87 80 93
87 81 69
87 83 75
87 86 51
87 88 45
87 89 66
87 93 42
87 95 86
87 96 80
87 98 56
87 99 106
87 101 59
87 103 25
87 104 36
87 106 45
87 107 74
87 108 73
87 109 58
87 112 81
87 113 104
87 114 43
87 115 32
87 118 88
87 121 58
87 122 43
87 123 105
87 125 45
87 128 91
87 133 81
87 134 61
87 t 96
88 1 19
88 4 103
88 5 73
88 6 79
88 7 32
88 13 45
88 14 77
88 15 76
88 16 55
88 17 23
88 18 77
88 22 61
88 24 84
88 26 96
88 29 20
88 30 100
88 32 45
88 33 46
88 37 64
88 40 80
88 43 40
88 45 24
88 46 78
88 49 51
88 50 98
88 52 79
88 53 26
88 54 72
88 55 103
88 59 47
88 60 34
88 61 61
88 63 83
88 64 38
88 67 26
88 69 102
88 70 86
88 71 55
88 76 84
88 78 43
88 80 35
88 81 34
88 82 29
88 83 75
88 85 86
88 87 45
88 89 74
88 91 64
88 92 101
88 93 48
88 94 33
88 95 56
88 96 76
88 97 87
88 98 21
88 101 83
88 102 106
88 103 87
88 104 82
88 105 84
88 107 26
88 108 60
88 109 96
88 110 47
88 111 47
88 112 82
88 113 88
88 115 88
88 119 47
88 122 65
88 124 32
88 125 33
88 127 29
88 129 40
88 130 101
88 131 22
88 133 93
88 135 100
89 3 26
89 4 79
89 5 56
89 6 75
89 7 73
89 9 100
89 12 57
89 14 91
89 15 42
89 17 100
89 18 80
89 19 80
89 20 78
89 21 96
89 23 47
89 24 43
89 26 33
89 27 68
89 28 20
89 30 103
89 31 74
89 32 95
89 33 63
89 34 32
89 35 31
89 39 75
89 41 99
89 43 22
89 45 98
89 46 45
89 47 63
89 48 19
89 51 30
89 53 92
89 55 94
89 56 103
89 57 44
89 58 46
89 59 41
89 65 76
89 68 34
89 70 35
89 71 73
89 72 22
89 80 39
89 82 63
89 85 37
89 87 66
89 88 74
89 90 101
89 91 39
89 92 31
89 94 90
89 95 21
89 96 24
89 100 99
89 102 33
89 103 41
89 104 103
89 105 23
89 106 94
89 108 55
89 109 65
89 110 36
89 118 104
89 122 94
89 123 30
89 128 30
89 129 76
89 132 23
89 133 100
89 134 103
89 t 63
90 2 84
90 5 93
90 6 63
90 8 21
90 9 87
90 10 32
90 12 78
90 15 83
90 17 43
90 18 89
90 19 38
90 24 73
90 25 21
90 26 86
90 27 35
90 28 59
90 31 63
90 32 22
90 33 63
90 36 76
90 37 45
90 41 41
90 43 76
90 44 20
90 45 26
90 47 81
90 53 20
90 54 74
90 55 90
90 57 77
90 60 82
90 62 34
90 63 96
90 64 44
90 66 102
90 68 100
90 73 90
90 76 47
90 77 37
90 78 87
90 79 38
90 81 44
90 84 47
90 89 101
90 92 51
90 94 58
90 95 86
90 96 40
90 97 28
90 99 19
90 101 34
90 102 65
90 103 27
90 104 89
90 106 77
90 107 46
90 108 62
90 110 23
90 113 71
90 114 21
90 117 34
90 119 62
90 120 52
90 122 85
90 124 20
90 129 80
90 132 39
90 133 50
90 134 82
91 5 34
91 6 104
91 7 28
91 9 53
91 10 71
91 11 59
91 13 58
91 14 106
91 15 37
91 16 91
91 18 46
91 19 75
91 21 38
91 24 38
91 25 39
91 34 45
91 36 105
91 37 72
91 39 55
91 40 95
91 42 39
91 44 35
91 47 65
91 48 73
91 50 88
91 56 29
91 59 41
91 63 51
91 67 21
91 70 64
91 71 70
91 72 83
91 73 65
91 74 38
91 75 93
91 80 92
91 81 102
91 83 99
91 88 64
91 89 39
91 94 50
91 95 43
91 97 84
91 101 73
91 102 83
91 103 95
91 104 95
91 105 71
91 106 38
91 109 60
91 111 40
91 112 20
91 114 39
91 116 52
91 117 40
91 118 64
91 119 69
91 121 28
91 122 92
91 123 22
91 124 81
91 125 61
91 126 68
91 127 59
91 128 30
91 129 65
91 134 79
91 t 83
92 2 37
92 6 67
92 8 62
92 9 86
92 10 33
92 12 92
92 13 31
92 15 80
92 16 55
92 17 90
92 18 67
92 20 68
92 21 56
92 22 21
92 24 64
92 29 93
92 31 23
92 32 104
92 33 22
92 34 93
92 35 87
92 36 66
92 37 106
92 38 48
92 41 75
92 42 35
92 44 92
92 45 59
92 48 79
92 49 71
92 50 65
92 52 32
92 55 57
92 56 63
92 57 81
92 58 74
92 60 104
92 61 70
92 65 105
92 66 29
92 67 46
92 68 32
92 69 66
92 70 76
92 73 35
92 77 64
92 78 24
92 84 52
92 88 101
92 89 31
92 90 51
92 93 36
92 94 77
92 96 59
92 98 68
92 99 75
92 101 32
92 102 54
92 103 21
92 104 23
92 112 50
92 113 81
92 114 73
92 115 52
92 117 79
92 119 95
92 120 24
92 122 99
92 123 36
92 124 79
92 125 72
92 126 54
92 128 82
92 134 61
92 135 81
93 3 86
93 4 35
93 5 36
93 7 75
93 8 58
93 9 104
93 14 53
93 18 91
93 19 57
93 21 92
93 23 40
93 25 57
93 26 102
93 27 78
93 28 38
93 29 49
93 31 61
93 32 42
93 34 31
93 37 105
93 38 89
93 39 100
93 41 23
93 42 42
93 45 65
93 46 104
93 47 41
93 48 61
93 49 25
93 56 106
93 59 33
93 62 99
93 63 80
93 64 96
93 65 89
93 66 66
93 68 85
93 71 71
93 72 86
93 73 38
93 74 32
93 75 63
93 76 41
93 77 27
93 78 103
93 82 64
93 84 64
93 86 86
93 87 42
93 88 48
93 92 36
93 95 52
93 98 47
93 99 24
93 100 92
93 101 80
93 102 99
93 103 74
93 104 93
93 109 103
93 113 59
93 114 30
93 117 85
93 119 57
93 120 24
93 123 32
93 124 80
93 125 44
93 126 93
93 128 82
93 130 37
93 132 71
93 134 75
93 t 85
94 1 92
94 4 103
94 6 77
94 7 32
94 9 43
94 10 30
94 11 54
94 15 85
94 17 43
94 18 51
94 25 20
94 27 38
94 30 50
94 31 64
94 33 40
94 36 24
94 37 76
94 38 102
94 39 61
94 40 24
94 41 98
94 43 85
94 44 26
94 45 98
94 46 44
94 47 67
94 51 32
94 53 36
94 54 32
94 55 67
94 57 90
94 58 52
94 59 33
94 60 44
94 61 36
94 62 73
94 63 77
94 66 38
94 67 38
94 68 64
94 69 36
94 70 47
94 76 20
94 79 60
94 81 26
94 83 57
94 84 19
94 85 59
94 88 33
94 89 90
94 90 58
94 91 50
94 92 77
94 95 31
94 97 44
94 98 88
94 99 64
94 101 54
94 102 106
94 103 34
94 106 34
94 109 20
94 113 98
94 114 82
94 117 54
94 123 47
94 124 95
94 128 41
94 130 22
94 131 45
94 132 57
94 133 95
94 134 38
94 135 91
95 2 96
95 4 81
95 5 97
95 6 55
95 8 95
95 9 67
95 11 44
95 13 32
95 15 25
95 16 32
95 17 28
95 19 78
95 20 78
95 24 82
95 31 58
95 35 24
95 38 70
95 39 94
95 41 68
95 44 19
95 45 23
95 46 53
95 48 104
95 49 104
95 50 67
95 53 106
95 56 29
95 58 90
95 59 62
95 60 79
95 64 81
95 65 42
95 66 28
95 67 42
95 68 33
95 73 31
95 76 79
95 77 56
95 78 99
95 80 22
95 82 73
95 83 92
95 85 39
95 87 86
95 88 56
95 89 21
95 90 86
95 91 43
95 93 52
95 94 31
95 96 46
95 97 51
95 98 96
95 99 106
95 100 26
95 101 76
95 103 68
95 104 86
95 105 39
95 107 39
95 108 22
95 109 38
95 111 26
95 115 103
95 118 40
95 119 47
95 121 74
95 124 65
95 125 38
95 129 20
95 132 93
95 133 39
95 134 88
96 4 67
96 6 40
96 8 27
96 9 77
96 10 105
96 13 96
96 14 66
96 16 71
96 17 45
96 19 74
96 23 35
96 24 51
96 27 76
96 29 89
96 30 75
96 31 60
96 32 97
96 33 55
96 34 96
96 36 79
96 37 91
96 38 91
96 41 44
96 43 78
96 44 100
96 45 34
96 46 39
96 48 25
96 50 76
96 51 26
96 52 99
96 53 66
96 54 67
96 55 106
96 56 60
96 57 80
96 60 74
96 64 26
96 66 62
96 67 103
96 69 21
96 72 56
96 73 91
96 75 92
96 76 24
96 77 48
96 79 54
96 82 100
96 83 56
96 84 72
96 86 101
96 87 80
96 88 76
96 89 24
96 90 40
96 92 59
96 95 46
96 97 76
96 99 98
96 100 54
96 103 76
96 108 77
96 110 95
96 111 40
96 112 78
96 114 24
96 115 34
96 117 97
96 119 71
96 122 29
96 123 44
96 125 38
96 127 106
96 128 80
96 131 61
96 133 103
96 134 70
96 135 53
97 1 55
97 3 97
97 4 75
97 5 31
97 6 90
97 7 74
97 8 31
97 10 73
97 11 96
97 12 55
97 13 102
97 15 102
97 18 27
97 19 80
97 20 71
97 21 37
97 28 43
97 29 58
97 31 55
97 33 62
97 35 41
97 37 31
97 39 74
97 40 35
97 41 86
97 43 47
97 44 73
97 46 74
97 47 23
97 52 29
97 53 95
97 54 27
97 55 65
97 58 95
97 61 60
97 62 80
97 63 84
97 66 46
97 70 96
97 72 52
97 76 94
97 78 104
97 79 49
97 81 102
97 82 106
97 83 72
97 84 69
97 85 73
97 86 43
97 88 87
97 90 28
97 91 84
97 94 44
97 95 51
97 96 76
97 100 104
97 104 80
97 106 70
97 107 77
97 110 65
97 111 73
97 112 72
97 113 32
97 114 65
97 115 62
97 116 80
97 117 76
97 118 75
97 122 64
97 123 51
97 125 87
97 126 32
97 127 27
97 129 30
97 130 105
97 131 79
97 132 34
97 134 85
97 135 96
97 t 48
98 3 80
98 4 89
98 5 32
98 8 100
98 9 38
98 10 80
98 14 25
98 15 48
98 16 80
98 20 88
98 21 69
98 22 81
98 23 100
98 24 87
98 25 38
98 28 50
98 30 88
98 31 96
98 32 80
98 34 96
98 36 106
98 38 75
98 40 25
98 41 73
98 43 29
98 45 86
98 47 86
98 48 31
98 50 35
98 51 39
98 54 23
98 55 105
98 56 100
98 58 56
98 59 22
98 61 97
98 62 56
98 63 91
98 64 25
98 65 69
98 66 22
98 67 20
98 68 56
98 70 33
98 71 101
98 72 106
98 73 98
98 74 98
98 79 75
98 85 88
98 86 71
98 87 56
98 88 21
98 92 68
98 93 47
98 94 88
98 95 96
98 99 54
98 100 87
98 102 33
98 106 89
98 108 25
98 109 69
98 110 92
98 113 59
98 115 55
98 117 34
98 120 84
98 121 53
98 122 59
98 124 35
98 125 39
98 126 23
98 128 43
98 130 20
98 131 47
98 132 46
98 133 68
98 134 25
98 t 40
99 1 40
99 2 30
99 5 25
99 8 30
99 10 60
99 11 65
99 12 39
99 13 82
99 15 31
99 16 80
99 20 80
99 21 61
99 22 84
99 23 101
99 25 76
99 26 32
99 27 49
99 28 98
99 29 31
99 30 95
99 32 29
99 35 94
99 36 101
99 37 71
99 38 69
99 39 72
99 40 62
99 42 36
99 43 54
99 45 67
99 47 86
99 48 41
99 49 33
99 51 65
99 52 72
99 54 103
99 57 26
99 58 94
99 59 50
99 61 31
99 62 57
99 63 36
99 64 100
99 68 76
99 70 52
99 71 29
99 74 61
99 78 58
99 79 56
99 85 42
99 87 106
99 90 19
99 92 75
99 93 24
99 94 64
99 95 106
99 96 98
99 98 54
99 102 41
99 105 72
99 109 42
99 114 67
99 115 58
99 118 101
99 120 98
99 121 93
99 122 79
99 124 23
99 125 51
99 127 61
99 128 81
99 135 106
100 2 67
100 4 19
100 9 38
100 11 48
100 13 38
100 14 50
100 15 28
100 16 66
100 19 25
100 21 64
100 26 53
100 27 102
100 28 76
100 29 42
100 36 47
100 40 78
100 42 36
100 44 61
100 45 92
100 46 78
100 50 59
100 52 88
100 54 75
100 55 106
100 56 90
100 59 29
100 61 94
100 62 82
100 66 89
100 67 103
100 69 81
100 70 36
100 71 87
100 74 102
100 77 53
100 78 86
100 79 88
100 81 30
100 84 30
100 86 46
100 89 99
100 93 92
100 95 26
100 96 54
100 97 104
100 98 87
100 102 44
100 104 69
100 107 32
100 110 99
100 115 44
100 117 93
100 119 91
100 120 31
100 122 86
100 123 54
100 124 26
100 126 54
100 129 72
100 131 42
100 132 85
100 134 23
100 135 97
101 3 70
101 4 59
101 5 37
101 6 55
101 7 89
101 8 35
101 10 21
101 11 56
101 12 24
101 14 65
101 15 52
101 17 78
101 19 48
101 20 58
101 21 70
101 22 54
101 27 68
101 29 81
101 30 35
101 34 78
101 36 68
101 38 47
101 39 86
101 42 63
101 46 40
101 48 82
101 50 46
101 53 62
101 56 37
101 58 63
101 59 81
101 60 56
101 61 28
101 62 89
101 64 101
101 65 72
101 66 57
101 68 50
101 69 21
101 70 47
101 71 74
101 75 51
101 76 95
101 78 21
101 81 59
101 83 46
101 84 92
101 85 74
101 87 59
101 88 83
101 90 34
101 91 73
101 92 32
101 93 80
101 94 54
101 95 76
101 102 89
101 103 78
101 105 29
101 106 42
101 107 83
101 112 61
101 117 104
101 119 84
101 120 43
101 121 56
101 124 45
101 125 28
101 128 48
101 129 61
101 130 83
101 131 71
101 132 44
101 134 78
101 135 89
102 2 19
102 3 78
102 5 43
102 6 77
102 7 19
102 9 84
102 11 104
102 12 69
102 18 88
102 19 86
102 25 105
102 28 59
102 29 19
102 31 74
102 32 68
102 33 38
102 35 76
102 36 104
102 39 61
102 40 106
102 42 55
102 45 42
102 48 20
102 50 96
102 54 49
102 55 89
102 57 24
102 62 53
102 65 20
102 68 100
102 72 25
102 73 89
102 74 62
102 76 54
102 77 73
102 78 98
102 79 72
102 80 42
102 82 87
102 83 78
102 84 61
102 85 32
102 86 36
102 88 106
102 89 33
102 90 65
102 91 83
102 92 54
102 93 99
102 94 106
102 98 33
102 99 41
102 100 44
102 101 89
102 103 45
102 104 52
102 105 44
102 106 78
102 107 76
102 108 22
102 111 86
102 113 42
102 114 93
102 115 77
102 119 31
102 125 77
102 130 63
102 131 73
102 132 39
102 133 89
102 134 79
103 2 49
103 3 50
103 4 21
103 5 32
103 6 66
103 7 68
103 9 76
103 10 82
103 11 86
103 15 46
103 16 25
103 17 23
103 18 29
103 19 104
103 23 25
103 26 97
103 29 61
103 32 93
103 35 85
103 38 19
103 39 47
103 40 93
103 44 29
103 46 60
103 48 101
103 50 57
103 52 71
103 53 76
103 54 38
103 56 56
103 59 81
103 61 100
103 64 38
103 69 26
103 75 49
103 79 26
103 82 85
103 86 66
103 87 25
103 88 87
103 89 41
103 90 27
103 91 95
103 92 21
103 93 74
103 94 34
103 95 68
103 96 76
103 101 78
103 102 45
103 104 53
103 106 106
103 107 36
103 112 45
103 116 19
103 117 20
103 118 98
103 119 57
103 121 97
103 122 38
103 126 56
103 127 76
103 128 76
103 130 102
103 131 49
103 132 34
103 133 68
103 134 35
103 135 79
103 t 58
104 4 42
104 6 94
104 7 60
104 8 26
104 10 26
104 12 46
104 14 59
104 16 27
104 17 103
104 19 54
104 20 47
104 21 40
104 23 98
104 25 92
104 26 55
104 27 36
104 28 66
104 29 72
104 30 22
104 31 92
104 32 28
104 34 19
104 35 75
104 37 97
104 38 98
104 40 31
104 43 79
104 46 52
104 47 94
104 48 86
104 49 101
104 50 22
104 51 50
104 53 26
104 55 57
104 56 99
104 58 60
104 60 40
104 61 73
104 63 20
104 65 100
104 66 98
104 67 100
104 68 82
104 71 80
104 72 40
104 73 27
104 74 29
104 76 80
104 78 79
104 83 19
104 84 74
104 85 103
104 87 36
104 88 82
104 89 103
104 90 89
104 91 95
104 92 23
104 93 93
104 95 86
104 97 80
104 100 69
104 102 52
104 103 53
104 107 86
104 110 72
104 111 73
104 112 73
104 113 41
104 114 48
104 115 93
104 116 41
104 117 84
104 118 78
104 119 31
104 120 63
104 123 69
104 125 69
104 127 46
104 130 81
104 131 51
104 132 39
105 2 54
105 4 73
105 8 99
105 10 45
105 12 58
105 14 46
105 15 40
105 16 74
105 17 70
105 21 93
105 23 45
105 24 28
105 25 62
105 26 30
105 27 103
105 29 52
105 31 45
105 33 51
105 34 60
105 35 28
105 36 51
105 38 106
105 39 78
105 40 59
105 41 53
105 45 85
105 47 92
105 49 46
105 50 90
105 51 81
105 52 26
105 53 85
105 54 59
105 55 46
105 56 49
105 58 54
105 59 99
105 60 50
105 64 92
105 65 70
105 67 55
105 68 95
105 70 87
105 72 29
105 75 28
105 76 57
105 77 23
105 78 61
105 81 19
105 83 32
105 85 94
105 88 84
105 89 23
105 91 71
105 95 39
105 99 72
105 101 29
105 102 44
105 106 65
105 107 47
105 109 57
105 110 22
105 111 25
105 112 67
105 113 80
105 122 73
105 123 87
105 124 92
105 125 30
105 127 72
105 130 97
105 131 85
105 133 94
105 135 88
105 t 96
106 2 33
106 3 33
106 5 20
106 7 99
106 8 99
106 9 82
106 10 78
106 12 72
106 15 59
106 16 21
106 19 49
106 23 93
106 24 38
106 30 81
106 31 95
106 33 74
106 34 78
106 36 72
106 39 23
106 40 21
106 41 89
106 43 25
106 44 73
106 47 56
106 48 44
106 49 86
106 50 52
106 52 24
106 53 100
106 54 43
106 56 71
106 57 59
106 58 38
106 59 26
106 60 47
106 61 58
106 64 24
106 66 60
106 67 98
106 68 45
106 69 88
106 70 36
106 75 83
106 77 96
106 79 33
106 80 51
106 84 82
106 86 55
106 87 45
106 89 94
106 90 77
106 91 38
106 94 34
106 97 70
106 98 89
106 101 42
106 102 78
106 103 106
106 105 65
106 107 45
106 110 90
106 111 57
106 113 44
106 116 79
106 117 67
106 119 21
106 120 50
106 121 65
106 123 100
106 128 102
106 130 27
106 131 62
106 133 21
106 135 63
107 4 30
107 5 56
107 6 65
107 9 60
107 13 73
107 16 95
107 18 32
107 19 28
107 21 61
107 23 77
107 25 99
107 30 95
107 31 19
107 32 40
107 37 38
107 38 49
107 41 60
107 43 26
107 45 62
107 46 90
107 47 90
107 48 68
107 49 28
107 51 69
107 52 64
107 53 34
107 56 76
107 59 94
107 61 52
107 62 53
107 63 92
107 64 74
107 67 63
107 68 42
107 70 28
107 71 66
107 72 73
107 73 45
107 74 96
107 75 34
107 76 32
107 78 60
107 80 103
107 81 103
107 84 60
107 86 83
107 87 74
107 88 26
107 90 46
107 95 39
107 97 77
107 100 32
107 101 83
107 102 76
107 103 36
107 104 86
107 105 47
107 106 45
107 108 19
107 110 28
107 121 50
107 124 84
107 125 29
107 126 61
107 130 44
107 133 82
107 134 95
107 135 65
108 1 44
108 2 59
108 4 64
108 6 87
108 8 37
108 10 46
108 11 49
108 12 23
108 15 72
108 16 28
108 17 51
108 18 95
108 24 83
108 25 23
108 26 106
108 29 46
108 30 68
108 31 87
108 33 88
108 34 86
108 35 50
108 41 102
108 42 54
108 44 96
108 50 98
108 53 97
108 54 74
108 56 66
108 57 53
108 58 23
108 59 99
108 62 29
108 64 28
108 67 31
108 71 92
108 72 80
108 73 49
108 74 105
108 76 79
108 77 56
108 81 62
108 83 43
108 85 21
108 86 35
108 87 73
108 88 60
108 89 55
108 90 62
108 95 22
108 96 77
108 98 25
108 102 22
108 107 19
108 109 26
108 111 57
108 117 48
108 118 93
108 119 99
108 120 27
108 121 86
108 122 23
108 123 20
108 124 29
108 127 27
108 129 91
108 131 105
108 133 53
108 135 41
108 t 85
109 1 54
109 2 97
109 6 97
109 7 72
109 8 51
109 9 77
109 11 50
109 12 75
109 13 45
109 14 63
109 15 67
109 16 39
109 18 38
109 19 28
109 20 104
109 23 78
109 26 44
109 27 74
109 28 91
109 29 76
109 33 45
109 34 104
109 36 36
109 38 54
109 39 39
109 41 88
109 45 54
109 46 65
109 48 28
109 49 85
109 52 91
109 53 84
109 54 81
109 55 69
109 56 87
109 60 103
109 61 102
109 62 97
109 64 20
109 65 45
109 66 39
109 68 22
109 69 45
109 71 26
109 73 98
109 75 86
109 76 88
109 77 86
109 78 64
109 83 76
109 84 93
109 86 92
109 87 58
109 88 96
109 89 65
109 91 60
109 93 103
109 94 20
109 95 38
109 98 69
109 99 42
109 105 57
109 108 26
109 110 50
109 111 67
109 116 52
109 117 64
109 118 83
109 120 71
109 121 32
109 123 19
109 124 69
109 125 97
109 126 103
109 128 85
109 129 41
109 130 82
109 135 25
109 t 98
110 2 45
110 4 78
110 6 61
110 7 80
110 8 74
110 9 34
110 13 51
110 15 49
110 18 26
110 19 75
110 21 23
110 22 25
110 23 36
110 24 60
110 25 19
110 26 41
110 27 60
110 28 47
110 30 67
110 33 29
110 34 27
110 36 51
110 38 35
110 39 67
110 40 88
110 41 44
110 42 77
110 43 96
110 45 38
110 46 41
110 52 51
110 53 70
110 54 51
110 57 105
110 59 80
110 60 40
110 61 80
110 63 58
110 65 76
110 68 68
110 69 26
110 71 19
110 74 41
110 78 41
110 81 97
110 86 55
110 88 47
110 89 36
110 90 23
110 96 95
110 97 65
110 98 92
110 100 99
110 104 72
110 105 22
110 106 90
110 107 28
110 109 50
110 111 90
110 112 78
110 115 62
110 117 91
110 118 29
110 121 39
110 124 85
110 125 66
110 126 98
110 127 71
110 128 71
110 129 96
110 132 31
110 133 50
111 1 87
111 4 74
111 5 24
111 6 20
111 7 97
111 8 93
111 12 31
111 19 19
111 22 65
111 26 32
111 28 71
111 29 48
111 31 66
111 32 91
111 38 93
111 39 53
111 41 79
111 44 60
111 49 94
111 52 49
111 53 87
111 55 94
111 56 93
111 57 97
111 59 27
111 60 46
111 64 75
111 65 26
111 66 75
111 67 62
111 69 106
111 71 35
111 72 36
111 74 83
111 75 53
111 77 39
111 78 50
111 79 48
111 83 62
111 85 73
111 88 47
111 91 40
111 95 26
111 96 40
111 97 73
111 102 86
111 104 73
111 105 25
111 106 57
111 108 57
111 109 67
111 110 90
111 112 38
111 114 57
111 115 100
111 116 58
111 118 80
111 119 35
111 122 28
111 123 29
111 125 94
111 127 82
111 128 73
111 130 64
111 131 47
111 134 94
112 1 91
112 6 25
112 13 84
112 14 61
112 15 35
112 17 93
112 20 44
112 23 50
112 24 25
112 25 49
112 26 23
112 28 82
112 29 28
112 30 31
112 33 65
112 34 67
112 35 63
112 36 27
112 37 89
112 38 37
112 40 76
112 41 71
112 44 33
112 45 92
112 46 65
112 47 58
112 49 58
112 50 63
112 52 103
112 54 20
112 55 37
112 56 67
112 57 33
112 58 47
112 60 87
112 63 92
112 64 19
112 66 51
112 67 74
112 68 35
112 69 28
112 70 72
112 73 38
112 76 25
112 77 78
112 78 92
112 79 54
112 80 96
112 81 84
112 82 64
112 84 38
112 87 81
112 88 82
112 91 20
112 92 50
112 96 78
112 97 72
112 101 61
112 103 45
112 104 73
112 105 67
112 110 78
112 111 38
112 114 55
112 115 25
112 116 25
112 117 72
112 118 91
112 121 40
112 125 22
112 126 39
112 132 56
112 135 30
113 1 67
113 2 25
113 3 73
113 4 72
113 5 84
113 6 32
113 7 84
113 8 73
113 10 50
113 11 93
113 13 28
113 15 56
113 16 41
113 17 76
113 22 88
113 24 25
113 25 51
113 27 36
113 28 85
113 29 65
113 30 71
113 32 90
113 35 46
113 36 105
113 37 25
113 40 45
113 41 19
113 42 88
113 43 70
113 45 36
113 46 98
113 47 36
113 48 67
113 49 63
113 51 104
113 54 46
113 56 48
113 58 89
113 59 101
113 60 73
113 61 44
113 64 96
113 65 24
113 66 27
113 67 38
113 68 73
113 72 30
113 73 105
113 76 22
113 77 102
113 79 103
113 80 55
113 81 79
113 86 30
113 87 104
113 88 88
113 90 71
113 92 81
113 93 59
113 94 98
113 97 32
113 98 59
113 102 42
113 104 41
113 105 80
113 106 44
113 115 42
113 116 86
113 117 102
113 118 101
113 120 31
113 122 51
113 123 72
113 124 86
113 126 59
113 134 32
113 135 105
114 2 81
114 8 52
114 9 71
114 11 20
114 14 26
114 15 37
114 16 35
114 17 30
114 20 33
114 21 81
114 27 38
114 28 22
114 32 20
114 35 41
114 36 94
114 37 97
114 38 27
114 44 78
114 46 46
114 48 70
114 54 29
114 59 64
114 61 60
114 62 85
114 63 75
114 64 56
114 68 94
114 69 26
114 75 28
114 76 64
114 77 56
114 78 79
114 85 25
114 86 92
114 87 43
114 90 21
114 91 39
114 92 73
114 93 30
114 94 82
114 96 24
114 97 65
114 99 67
114 102 93
114 104 48
114 111 57
114 112 55
114 115 28
114 116 65
114 117 19
114 118 89
114 119 64
114 120 90
114 121 88
114 122 52
114 124 36
114 125 24
114 127 106
114 128 93
114 129 97
114 131 65
114 132 22
114 134 39
114 135 26
114 t 45
115 1 81
115 3 42
115 5 59
115 7 28
115 8 20
115 12 92
115 16 37
115 18 57
115 22 21
115 24 20
115 27 20
115 28 80
115 32 95
115 33 32
115 34 33
115 35 43
115 38 99
115 44 66
115 49 104
115 51 41
115 55 61
115 56 55
115 58 95
115 59 27
115 60 100
115 61 93
115 64 104
115 67 43
115 68 27
115 70 42
115 71 26
115 73 99
115 74 51
115 75 75
115 76 103
115 77 92
115 80 58
115 81 68
115 83 60
115 86 81
115 87 32
115 88 88
115 92 52
115 95 103
115 96 34
115 97 62
115 98 55
115 99 58
115 100 44
115 102 77
115 104 93
115 110 62
115 111 100
115 112 25
115 113 42
115 114 28
115 118 81
115 119 30
115 120 80
115 121 80
115 122 42
115 123 36
115 124 99
115 125 53
115 127 60
115 128 92
115 130 50
115 132 64
115 133 100
116 1 99
116 2 104
116 3 58
116 6 31
116 8 72
116 10 79
116 11 75
116 14 51
116 15 97
116 16 91
116 17 76
116 18 43
116 20 63
116 21 53
116 24 31
116 25 25
116 26 52
116 28 56
116 29 81
116 30 97
116 33 74
116 35 50
116 36 57
116 38 86
116 45 54
116 46 94
116 47 93
116 48 97
116 50 64
116 52 29
116 53 56
116 54 71
116 56 102
116 57 61
116 59 97
116 60 52
116 61 86
116 63 90
116 64 92
116 67 22
116 68 22
116 70 32
116 72 70
116 76 50
116 77 46
116 78 39
116 79 55
116 82 65
116 85 20
116 91 52
116 97 80
116 103 19
116 104 41
116 106 79
116 109 52
116 111 58
116 112 25
116 113 86
116 114 65
116 117 53
116 118 59
116 120 38
116 121 43
116 123 82
116 124 47
116 126 89
116 128 77
116 129 81
116 131 42
116 134 28
116 t 33
117 2 66
117 3 52
117 4 105
117 9 71
117 10 40
117 11 30
117 12 102
117 13 59
117 19 64
117 20 91
117 23 30
117 25 77
117 26 106
117 30 106
117 32 82
117 34 79
117 35 65
117 36 98
117 40 89
117 41 106
117 43 23
117 44 86
117 45 70
117 46 66
117 48 101
117 49 59
117 50 66
117 52 23
117 53 53
117 56 62
117 57 59
117 59 54
117 60 43
117 61 61
117 64 83
117 65 21
117 67 86
117 71 67
117 72 50
117 74 72
117 77 49
117 79 54
117 82 34
117 83 80
117 85 79
117 86 97
117 90 34
117 91 40
117 92 79
117 93 85
117 94 54
117 96 97
117 97 76
117 98 34
117 100 93
117 101 104
117 103 20
117 104 84
117 106 67
117 108 48
117 109 64
117 110 91
117 112 72
117 113 102
117 114 19
117 116 53
117 118 61
117 119 106
117 120 103
117 122 103
117 123 37
117 125 44
117 127 45
117 129 46
117 131 48
118 6 27
118 8 88
118 9 92
118 12 59
118 13 99
118 14 39
118 18 39
118 19 93
118 23 40
118 24 26
118 25 97
118 27 58
118 28 41
118 29 85
118 30 105
118 31 56
118 33 32
118 34 32
118 35 68
118 36 23
118 37 24
118 38 25
118 39 102
118 40 46
118 41 95
118 43 34
118 44 38
118 45 62
118 47 62
118 48 25
118 49 79
118 50 37
118 51 43
118 52 88
118 54 55
118 55 43
118 56 81
118 58 49
118 61 35
118 62 24
118 63 78
118 64 67
118 65 23
118 67 104
118 71 52
118 73 89
118 74 64
118 75 90
118 76 100
118 78 106
118 79 78
118 80 27
118 81 54
118 82 54
118 83 81
118 84 95
118 87 88
118 89 104
118 91 64
118 95 40
118 97 75
118 99 101
118 103 98
118 104 78
118 108 93
118 109 83
118 110 29
118 111 80
118 112 91
118 113 101
118 114 89
118 115 81
118 116 59
118 117 61
118 119 61
118 120 100
118 121 70
118 123 67
118 125 62
118 127 79
118 130 100
118 132 37
118 133 74
118 t 71
119 1 34
119 5 82
119 12 95
119 14 35
119 15 102
119 18 84
119 19 21
119 20 37
119 22 71
119 24 89
119 25 50
119 26 35
119 27 49
119 28 36
119 30 67
119 31 65
119 32 30
119 34 37
119 39 51
119 40 40
119 41 97
119 43 93
119 44 98
119 45 100
119 46 36
119 47 104
119 48 72
119 49 58
119 51 31
119 53 90
119 57 54
119 60 85
119 61 80
119 62 89
119 65 64
119 66 92
119 69 43
119 70 29
119 71 24
119 72 87
119 74 62
119 75 39
119 76 75
119 79 42
119 82 32
119 85 38
119 88 47
119 90 62
119 91 69
119 92 95
119 93 57
119 95 47
119 96 71
119 100 91
119 101 84
119 102 31
119 103 57
119 104 31
119 106 21
119 108 99
119 111 35
119 114 64
119 115 30
119 117 106
119 118 61
119 123 29
119 124 22
119 125 82
119 126 103
119 127 62
119 128 25
119 129 86
119 130 31
119 131 44
119 133 52
119 134 26
119 t 41
120 1 34
120 2 102
120 4 38
120 7 73
120 9 51
120 10 74
120 11 40
120 12 52
120 13 42
120 15 44
120 16 90
120 17 103
120 18 58
120 22 73
120 23 66
120 24 20
120 26 104
120 28 47
120 30 33
120 33 88
120 34 56
120 36 42
120 37 77
120 38 89
120 41 48
120 42 98
120 45 62
120 46 48
120 48 50
120 49 69
120 50 105
120 53 85
120 54 24
120 56 27
120 57 89
120 59 101
120 60 48
120 61 74
120 66 20
120 67 93
120 72 47
120 74 79
120 75 71
120 76 42
120 77 19
120 78 64
120 80 80
120 83 57
120 84 49
120 90 52
120 92 24
120 93 24
120 98 84
120 99 98
120 100 31
120 101 43
120 104 63
120 106 50
120 108 27
120 109 71
120 113 31
120 114 90
120 115 80
120 116 38
120 117 103
120 118 100
120 121 31
120 123 47
120 124 100
120 127 85
120 128 49
120 130 65
120 131 74
120 135 59
120 t 31
121 1 96
121 2 68
121 3 50
121 4 46
121 8 91
121 10 25
121 11 68
121 13 34
121 14 44
121 17 96
121 19 55
121 20 42
121 22 105
121 23 41
121 25 91
121 26 37
121 28 70
121 30 40
121 31 69
121 32 51
121 34 42
121 36 71
121 38 49
121 40 95
121 41 22
121 42 92
121 43 78
121 44 36
121 47 77
121 49 32
121 50 53
121 53 69
121 54 45
121 55 73
121 58 76
121 59 78
121 60 104
121 61 19
121 67 23
121 72 53
121 74 51
121 75 92
121 76 42
121 78 79
121 83 25
121 86 73
121 87 58
121 91 28
121 95 74
121 98 53
121 99 93
121 101 56
121 103 97
121 106 65
121 107 50
121 108 86
121 109 32
121 110 39
121 112 40
121 114 88
121 115 80
121 116 43
121 118 70
121 120 31
121 123 97
121 124 32
121 126 102
121 128 101
121 129 97
121 130 71
121 131 81
121 132 68
121 133 100
121 135 48
122 1 76
122 6 37
122 9 82
122 11 76
122 12 105
122 13 97
122 14 105
122 15 97
122 18 96
122 20 58
122 22 64
122 24 45
122 26 80
122 27 103
122 29 96
122 33 101
122 39 36
122 40 103
122 42 72
122 43 91
122 44 44
122 45 23
122 46 45
122 48 58
122 51 51
122 53 46
122 54 59
122 57 91
122 58 42
122 59 54
122 62 60
122 63 95
122 64 103
122 66 66
122 67 56
122 68 94
122 71 57
122 73 71
122 74 23
122 75 79
122 76 27
122 79 53
122 80 70
122 81 95
122 82 32
122 84 33
122 85 84
122 86 95
122 87 43
122 88 65
122 89 94
122 90 85
122 91 92
122 92 99
122 96 29
122 97 64
122 98 59
122 99 79
122 100 86
122 103 38
122 105 73
122 108 23
122 111 28
122 113 51
122 114 52
122 115 42
122 117 103
122 123 45
122 124 47
122 128 31
122 130 69
122 132 67
122 134 105
122 t 56
123 1 38
123 2 89
123 3 30
123 4 82
123 5 74
123 6 19
123 8 96
123 10 45
123 11 86
123 12 32
123 13 88
123 14 92
123 15 40
123 16 66
123 17 74
123 18 61
123 20 66
123 21 80
123 22 56
123 23 59
123 24 22
123 25 85
123 28 100
123 30 90
123 32 89
123 34 36
123 36 62
123 40 33
123 41 52
123 42 98
123 44 105
123 45 91
123 46 84
123 47 31
123 48 103
123 49 49
123 53 100
123 54 81
123 55 20
123 56 27
123 58 35
123 62 30
123 63 28
123 64 72
123 66 29
123 68 30
123 69 78
123 71 62
123 72 81
123 73 64
123 76 21
123 77 84
123 78 52
123 79 45
123 81 31
123 82 24
123 84 57
123 87 105
123 89 30
123 91 22
123 92 36
123 93 32
123 94 47
123 96 44
123 97 51
123 100 54
123 104 69
123 105 87
123 106 100
123 108 20
123 109 19
123 111 29
123 113 72
123 115 36
123 116 82
123 117 37
123 118 67
123 119 29
123 120 47
123 121 97
123 122 45
123 124 41
123 127 21
123 128 95
123 129 84
123 131 41
123 132 27
123 133 30
123 135 48
123 t 22
124 1 51
124 3 25
124 4 42
124 5 68
124 6 70
124 7 76
124 9 51
124 10 78
124 12 94
124 13 79
124 14 36
124 18 90
124 19 66
124 20 64
124 21 101
124 23 48
124 24 49
124 26 41
124 27 73
124 28 81
124 32 91
124 33 73
124 34 44
124 35 27
124 37 93
124 39 84
124 41 38
124 44 34
124 49 47
124 51 70
124 54 43
124 55 28
124 57 82
124 59 101
124 60 46
124 61 53
124 63 83
124 64 71
124 67 89
124 68 64
124 70 65
124 72 105
124 73 42
124 78 70
124 79 86
124 84 57
124 86 58
124 88 32
124 90 20
124 91 81
124 92 79
124 93 80
124 94 95
124 95 65
124 98 35
124 99 23
124 100 26
124 101 45
124 105 92
124 107 84
124 108 29
124 109 69
124 110 85
124 113 86
124 114 36
124 115 99
124 116 47
124 119 22
124 120 100
124 121 32
124 122 47
124 123 41
124 125 100
124 126 64
124 128 67
124 129 39
124 130 60
124 131 39
124 132 26
124 135 31
124 t 33
125 1 20
125 2 27
125 8 34
125 9 48
125 11 46
125 14 85
125 16 62
125 17 32
125 18 24
125 19 95
125 25 44
125 26 92
125 28 49
125 30 75
125 31 22
125 32 25
125 33 32
125 36 24
125 39 30
125 40 90
125 41 83
125 48 66
125 51 36
125 54 94
125 55 47
125 57 88
125 58 85
125 61 85
125 64 63
125 69 80
125 70 70
125 71 68
125 72 66
125 76 63
125 77 74
125 78 52
125 80 90
125 81 30
125 82 82
125 83 58
125 84 53
125 87 45
125 88 33
125 91 61
125 92 72
125 93 44
125 95 38
125 96 38
125 97 87
125 98 39
125 99 51
125 101 28
125 102 77
125 104 69
125 105 30
125 107 29
125 109 97
125 110 66
125 111 94
125 112 22
125 114 24
125 115 53
125 117 44
125 118 62
125 119 82
125 124 100
125 126 42
125 128 26
125 129 90
125 130 79
125 131 22
125 132 34
125 t 69
126 1 83
126 3 65
126 4 30
126 6 98
126 8 56
126 9 104
126 10 32
126 14 25
126 18 57
126 24 94
126 25 30
126 28 101
126 34 68
126 35 83
126 36 92
126 39 66
126 40 30
126 42 36
126 43 23
126 44 45
126 45 35
126 46 27
126 48 57
126 49 103
126 53 75
126 54 106
126 55 19
126 56 19
126 57 104
126 58 19
126 59 72
126 60 89
126 61 76
126 62 82
126 63 21
126 65 75
126 66 106
126 67 49
126 72 62
126 73 89
126 74 31
126 75 39
126 76 33
126 78 33
126 80 65
126 81 27
126 82 105
126 83 21
126 84 65
126 85 87
126 86 34
126 91 68
126 92 54
126 93 93
126 97 32
126 98 23
126 100 54
126 103 56
126 107 61
126 109 103
126 110 98
126 112 39
126 113 59
126 116 89
126 119 103
126 121 102
126 124 64
126 125 42
126 127 100
126 128 38
126 131 75
126 133 71
126 134 104
126 t 75
127 1 69
127 2 102
127 3 77
127 5 28
127 8 103
127 11 84
127 14 64
127 18 27
127 20 85
127 22 57
127 23 94
127 24 75
127 27 46
127 29 93
127 31 49
127 32 98
127 33 33
127 37 63
127 38 88
127 39 97
127 41 98
127 43 47
127 45 47
127 50 57
127 51 43
127 52 38
127 55 71
127 60 91
127 63 27
127 65 57
127 66 69
127 67 48
127 68 39
127 70 95
127 73 81
127 75 101
127 76 88
127 77 34
127 78 54
127 79 42
127 81 58
127 84 99
127 85 34
127 88 29
127 91 59
127 96 106
127 97 27
127 99 61
127 103 76
127 104 46
127 105 72
127 108 27
127 110 71
127 111 82
127 114 106
127 115 60
127 117 45
127 118 79
127 119 62
127 120 85
127 123 21
127 126 100
127 128 43
127 129 60
127 133 40
127 134 43
127 t 72
128 2 33
128 4 41
128 6 37
128 8 37
128 9 61
128 13 90
128 14 35
128 15 87
128 18 54
128 20 25
128 22 74
128 23 28
128 24 101
128 25 30
128 26 59
128 27 58
128 28 65
128 29 42
128 31 32
128 32 76
128 33 106
128 37 96
128 40 102
128 41 48
128 42 57
128 44 21
128 45 57
128 46 35
128 47 34
128 48 39
128 49 83
128 50 38
128 51 58
128 52 84
128 53 34
128 54 34
128 56 76
128 57 80
128 58 48
128 59 74
128 61 33
128 62 59
128 67 91
128 68 37
128 71 85
128 72 83
128 73 86
128 74 25
128 76 49
128 77 60
128 79 28
128 81 27
128 82 36
128 83 72
128 85 59
128 86 65
128 87 91
128 89 30
128 91 30
128 92 82
128 93 82
128 94 41
128 96 80
128 98 43
128 99 81
128 101 48
128 103 76
128 106 102
128 109 85
128 110 71
128 111 73
128 114 93
128 115 92
128 116 77
128 119 25
128 120 49
128 121 101
128 122 31
128 123 95
128 124 67
128 125 26
128 126 38
128 127 43
128 129 63
128 131 100
128 135 38
128 t 29
129 3 28
129 4 103
129 5 72
129 6 58
129 8 28
129 12 72
129 13 56
129 15 90
129 19 51
129 20 65
129 22 84
129 23 69
129 25 70
129 29 21
129 30 94
129 31 84
129 33 27
129 34 22
129 38 62
129 39 82
129 41 86
129 43 21
129 45 42
129 46 26
129 49 22
129 51 96
129 52 99
129 53 75
129 54 75
129 57 59
129 58 69
129 59 51
129 60 69
129 61 89
129 63 40
129 65 45
129 66 77
129 67 101
129 71 102
129 75 86
129 76 92
129 79 49
129 81 74
129 83 74
129 84 57
129 88 40
129 89 76
129 90 80
129 91 65
129 95 20
129 97 30
129 100 72
129 101 61
129 108 91
129 109 41
129 110 96
129 114 97
129 116 81
129 117 46
129 119 86
129 121 97
129 123 84
129 124 39
129 125 90
129 127 60
129 128 63
129 132 42
129 133 72
129 134 65
129 135 67
129 t 98
130 1 78
130 2 56
130 4 85
130 7 52
130 9 20
130 11 98
130 13 64
130 14 89
130 16 70
130 17 101
130 19 48
130 24 101
130 26 77
130 27 95
130 28 22
130 30 66
130 33 27
130 34 30
130 35 81
130 39 87
130 40 94
130 41 41
130 42 28
130 44 78
130 45 40
130 46 91
130 47 37
130 48 38
130 54 82
130 58 27
130 59 35
130 61 58
130 62 68
130 63 45
130 64 19
130 66 47
130 71 45
130 72 63
130 73 101
130 75 81
130 80 32
130 81 75
130 82 81
130 83 84
130 84 101
130 85 38
130 86 32
130 88 101
130 93 37
130 94 22
130 97 105
130 98 20
130 101 83
130 102 63
130 103 102
130 104 81
130 105 97
130 106 27
130 107 44
130 109 82
130 111 64
130 115 50
130 118 100
130 119 31
130 120 65
130 121 71
130 122 69
130 124 60
130 125 79
131 2 59
131 3 69
131 5 27
131 6 78
131 7 72
131 9 66
131 10 30
131 13 82
131 16 47
131 18 42
131 20 35
131 21 79
131 22 41
131 23 33
131 25 106
131 28 64
131 29 34
131 30 71
131 33 34
131 34 89
131 35 45
131 36 27
131 38 59
131 39 56
131 40 94
131 42 97
131 43 24
131 48 103
131 54 20
131 55 48
131 58 95
131 59 48
131 61 30
131 62 67
131 63 56
131 64 72
131 66 50
131 68 29
131 69 49
131 73 85
131 74 30
131 75 69
131 76 49
131 77 41
131 81 94
131 85 102
131 88 22
131 94 45
131 96 61
131 97 79
131 98 47
131 100 42
131 101 71
131 102 73
131 103 49
131 104 51
131 105 85
131 106 62
131 108 105
131 111 47
131 114 65
131 116 42
131 117 48
131 119 44
131 120 74
131 121 81
131 123 41
131 124 39
131 125 22
131 126 75
131 128 100
131 133 30
131 135 32
132 1 86
132 3 49
132 5 20
132 6 55
132 7 97
132 11 78
132 13 84
132 14 77
132 15 62
132 18 84
132 21 40
132 24 100
132 26 80
132 32 28
132 34 32
132 35 42
132 36 78
132 38 78
132 41 76
132 42 44
132 44 86
132 46 88
132 48 47
132 53 57
132 54 98
132 56 93
132 57 85
132 58 62
132 61 28
132 63 42
132 64 61
132 68 78
132 70 88
132 71 43
132 76 102
132 78 102
132 82 63
132 85 71
132 86 69
132 89 23
132 90 39
132 93 71
132 94 57
132 95 93
132 97 34
132 98 46
132 100 85
132 101 44
132 102 39
132 103 34
132 104 39
132 110 31
132 112 56
132 114 22
132 115 64
132 118 37
132 121 68
132 122 67
132 123 27
132 124 26
132 125 34
132 129 42
132 133 38
132 t 87
133 1 78
133 4 27
133 5 26
133 7 82
133 8 26
133 9 76
133 10 81
133 11 95
133 14 55
133 17 88
133 18 40
133 20 29
133 21 74
133 23 70
133 25 103
133 26 91
133 27 55
133 33 35
133 35 83
133 37 41
133 39 94
133 41 74
133 42 84
133 43 70
133 44 44
133 46 72
133 48 78
133 49 54
133 51 83
133 53 21
133 54 94
133 55 58
133 57 34
133 60 86
133 61 61
133 65 69
133 69 53
133 73 66
133 75 53
133 76 19
133 80 63
133 81 40
133 84 55
133 85 62
133 87 81
133 88 93
133 89 100
133 90 50
133 94 95
133 95 39
133 96 103
133 98 68
133 102 89
133 103 68
133 105 94
133 106 21
133 107 82
133 108 53
133 110 50
133 115 100
133 118 74
133 119 52
133 121 100
133 123 30
133 126 71
133 127 40
133 129 72
133 131 30
133 132 38
133 134 35
134 2 28
134 3 57
134 4 70
134 7 92
134 8 54
134 9 96
134 10 66
134 11 63
134 12 95
134 13 79
134 14 69
134 18 98
134 19 96
134 22 23
134 23 59
134 24 58
134 25 20
134 27 30
134 29 21
134 32 20
134 33 62
134 35 48
134 36 22
134 39 102
134 41 51
134 43 71
134 44 46
134 45 91
134 51 33
134 52 95
134 53 106
134 54 62
134 56 98
134 57 58
134 60 42
134 63 80
134 67 80
134 68 88
134 70 42
134 76 65
134 79 95
134 83 99
134 85 59
134 87 61
134 89 103
134 90 82
134 91 79
134 92 61
134 93 75
134 94 38
134 95 88
134 96 70
134 97 85
134 98 25
134 100 23
134 101 78
134 102 79
134 103 35
134 107 95
134 111 94
134 113 32
134 114 39
134 116 28
134 119 26
134 122 105
134 126 104
134 127 43
134 129 65
134 133 35
135 1 31
135 2 20
135 5 76
135 9 62
135 12 47
135 15 93
135 18 60
135 22 81
135 23 80
135 24 81
135 25 58
135 27 53
135 33 46
135 36 90
135 41 52
135 43 52
135 45 80
135 46 101
135 47 58
135 48 20
135 49 29
135 50 78
135 52 44
135 54 62
135 55 91
135 58 44
135 60 75
135 62 98
135 67 52
135 69 74
135 71 24
135 73 103
135 74 59
135 79 71
135 81 89
135 82 54
135 83 35
135 85 82
135 88 100
135 92 81
135 94 91
135 96 53
135 97 96
135 99 106
135 100 97
135 101 89
135 103 79
135 105 88
135 106 63
135 107 65
135 108 41
135 109 25
135 112 30
135 113 105
135 114 26
135 120 59
135 121 48
135 123 48
135 124 31
135 128 38
135 129 67
135 131 32
