s 1 95
s 2 36
s 4 69
s 5 71
s 6 46
s 8 45
s 9 63
s 10 83
s 11 52
s 12 77
s 14 76
s 16 86
s 17 72
s 18 40
s 19 18
s 20 77
s 22 62
s 23 29
s 24 37
s 25 38
s 27 37
s 28 80
s 29 48
s 30 25
s 32 70
s 33 62
s 34 21
s 35 60
s 38 52
s 39 78
s 41 19
s 42 40
s 43 74
s 44 74
s 45 46
s 47 50
s 49 38
s 52 77
s 53 53
s 54 54
s 55 22
s 56 36
s 57 59
s 59 66
s 60 94
s 61 90
s 62 89
s 63 42
s 64 76
s 65 35
s 66 50
s 69 81
s 70 74
s 72 20
s 73 81
s 74 19
s 75 89
s 76 90
s 77 53
s 78 30
s 79 67
s 80 52
s 81 43
s 82 44
s t 67
1 2 73
1 3 77
1 5 82
1 6 55
1 7 67
1 9 23
1 11 87
1 13 33
1 14 78
1 16 81
1 17 48
1 18 48
1 20 47
1 21 57
1 22 92
1 23 27
1 25 75
1 27 54
1 28 80
1 30 19
1 31 72
1 32 57
1 33 66
1 34 45
1 35 59
1 36 90
1 39 67
1 41 17
1 42 74
1 43 44
1 44 78
1 47 65
1 48 67
1 51 81
1 52 22
1 55 69
1 57 36
1 58 89
1 59 82
1 60 59
1 61 55
1 63 17
1 64 23
1 65 53
1 66 63
1 69 71
1 70 39
1 72 67
1 73 63
1 74 87
1 76 81
1 77 94
1 78 55
1 80 95
1 t 41
2 1 73
2 3 66
2 4 36
2 5 33
2 6 86
2 7 91
2 8 38
2 9 50
2 11 74
2 12 34
2 14 49
2 15 21
2 16 79
2 17 73
2 18 94
2 19 49
2 20 24
2 21 35
2 22 60
2 23 71
2 24 84
2 25 43
2 26 74
2 27 85
2 29 41
2 30 30
2 31 33
2 33 43
2 34 29
2 36 49
2 38 87
2 41 84
2 42 20
2 43 80
2 44 84
2 45 73
2 47 78
2 48 88
2 50 50
2 51 85
2 53 67
2 54 78
2 55 90
2 56 86
2 58 76
2 59 57
2 60 75
2 62 54
2 63 31
2 64 62
2 66 28
2 69 56
2 70 29
2 72 48
2 73 67
2 76 89
2 77 27
2 78 25
2 79 64
2 80 27
2 81 60
2 82 34
2 t 84
3 1 77
3 2 66
3 4 34
3 5 42
3 6 44
3 8 57
3 9 94
3 10 81
3 11 37
3 12 96
3 13 36
3 15 46
3 17 54
3 20 53
3 21 69
3 22 68
3 25 41
3 26 34
3 27 63
3 31 32
3 32 50
3 33 43
3 35 83
3 37 65
3 39 30
3 40 88
3 41 26
3 42 95
3 43 53
3 44 74
3 45 79
3 48 85
3 50 88
3 51 88
3 53 74
3 54 94
3 55 47
3 56 44
3 57 50
3 59 26
3 60 90
3 61 57
3 62 78
3 64 46
3 65 67
3 66 78
3 68 84
3 69 29
3 70 82
3 71 72
3 73 17
3 74 26
3 75 50
3 76 68
3 77 37
3 78 39
4 2 36
4 3 34
4 5 31
4 7 76
4 8 36
4 10 65
4 11 45
4 12 95
4 14 41
4 15 70
4 16 18
4 17 64
4 18 44
4 19 61
4 20 47
4 22 55
4 23 55
4 25 51
4 26 37
4 28 78
4 29 85
4 30 23
4 31 41
4 32 63
4 33 49
4 34 19
4 36 93
4 37 23
4 38 30
4 39 74
4 40 24
4 41 36
4 42 72
4 43 17
4 44 82
4 45 70
4 46 70
4 47 59
4 49 36
4 50 91
4 53 49
4 54 74
4 55 31
4 56 46
4 57 25
4 58 85
4 59 23
4 61 22
4 62 22
4 63 70
4 64 25
4 67 18
4 68 21
4 69 86
4 70 62
4 72 62
4 74 30
4 75 89
4 76 69
4 78 76
4 79 84
4 80 80
4 82 40
4 t 64
5 1 82
5 2 33
5 3 42
5 4 31
5 6 93
5 7 76
5 8 43
5 13 82
5 14 43
5 16 61
5 17 92
5 18 59
5 20 92
5 21 25
5 22 96
5 23 32
5 25 62
5 26 96
5 27 36
5 28 86
5 29 24
5 30 83
5 31 66
5 33 63
5 36 28
5 37 64
5 38 36
5 39 26
5 40 68
5 42 56
5 43 64
5 48 80
5 49 24
5 50 84
5 51 49
5 52 71
5 53 92
5 54 25
5 57 37
5 58 78
5 59 70
5 60 66
5 61 76
5 63 71
5 64 53
5 65 91
5 66 46
5 67 71
5 68 89
5 69 72
5 70 31
5 71 68
5 72 31
5 75 53
5 76 60
5 77 58
5 78 91
5 80 54
5 81 79
5 82 49
6 1 55
6 2 86
6 3 44
6 5 93
6 7 48
6 8 39
6 9 93
6 10 74
6 12 58
6 13 92
6 16 47
6 18 30
6 19 37
6 20 46
6 21 17
6 22 48
6 23 96
6 24 80
6 26 48
6 27 81
6 28 69
6 29 31
6 31 85
6 32 67
6 33 17
6 35 55
6 36 88
6 37 36
6 39 76
6 40 84
6 42 86
6 43 59
6 47 73
6 48 76
6 49 75
6 50 59
6 51 40
6 53 43
6 54 88
6 55 26
6 56 17
6 57 96
6 60 89
6 61 81
6 62 45
6 63 75
6 64 90
6 65 18
6 66 46
6 67 47
6 68 17
6 69 90
6 70 48
6 71 77
6 72 41
6 74 76
6 75 59
6 76 70
6 77 23
6 78 23
6 79 78
6 80 26
6 81 77
6 82 66
6 t 62
7 1 67
7 2 91
7 4 76
7 5 76
7 6 48
7 8 53
7 10 42
7 11 89
7 12 70
7 13 72
7 14 58
7 15 74
7 17 83
7 18 47
7 19 34
7 20 60
7 21 82
7 22 83
7 23 43
7 24 88
7 26 77
7 27 78
7 29 92
7 31 49
7 33 95
7 37 59
7 38 40
7 39 29
7 40 63
7 42 27
7 43 51
7 44 77
7 45 17
7 46 85
7 47 82
7 48 96
7 50 66
7 52 40
7 53 71
7 54 76
7 55 79
7 56 82
7 57 34
7 58 61
7 59 96
7 61 51
7 62 68
7 64 24
7 65 41
7 66 59
7 68 37
7 69 94
7 71 72
7 72 46
7 73 25
7 74 81
7 76 81
7 77 25
7 78 58
7 79 95
7 80 28
7 81 18
7 82 80
7 t 51
8 2 38
8 3 57
8 4 36
8 5 43
8 6 39
8 7 53
8 9 96
8 10 47
8 11 73
8 12 78
8 13 26
8 15 61
8 17 55
8 18 20
8 19 35
8 20 17
8 21 70
8 22 44
8 23 63
8 25 85
8 26 56
8 27 17
8 28 84
8 29 55
8 30 96
8 32 37
8 35 82
8 36 82
8 37 48
8 39 26
8 40 78
8 42 35
8 43 27
8 44 96
8 45 47
8 46 82
8 48 96
8 50 85
8 51 38
8 52 94
8 53 87
8 54 85
8 55 88
8 56 44
8 57 73
8 60 90
8 61 91
8 62 50
8 63 96
8 64 73
8 65 78
8 66 39
8 67 92
8 68 49
8 69 96
8 71 55
8 74 92
8 76 51
8 78 77
8 79 78
8 82 32
8 t 85
9 1 23
9 2 50
9 3 94
9 6 93
9 8 96
9 10 29
9 12 49
9 15 37
9 17 62
9 18 82
9 19 61
9 20 94
9 22 80
9 23 85
9 24 17
9 25 39
9 27 73
9 28 30
9 29 21
9 31 20
9 32 38
9 33 51
9 35 22
9 36 33
9 37 71
9 39 57
9 40 19
9 41 71
9 42 67
9 43 31
9 44 79
9 45 89
9 46 25
9 47 34
9 50 59
9 51 93
9 52 95
9 55 44
9 56 80
9 57 48
9 59 51
9 61 83
9 64 68
9 65 63
9 66 62
9 67 43
9 68 40
9 69 73
9 70 33
9 71 34
9 72 94
9 74 91
9 78 18
9 79 84
9 81 25
9 82 29
9 t 35
10 3 81
10 4 65
10 6 74
10 7 42
10 8 47
10 9 29
10 11 59
10 13 57
10 14 70
10 15 18
10 16 68
10 17 89
10 18 35
10 20 37
10 21 69
10 25 82
10 26 43
10 27 92
10 30 74
10 31 69
10 32 92
10 33 74
10 35 54
10 36 55
10 37 21
10 38 19
10 41 64
10 42 77
10 43 88
10 45 69
10 46 34
10 48 76
10 49 61
10 50 85
10 51 39
10 52 19
10 53 77
10 54 51
10 55 32
10 58 93
10 59 57
10 60 65
10 61 27
10 62 54
10 63 73
10 64 43
10 69 91
10 70 31
10 71 75
10 72 61
10 73 17
10 74 73
10 75 75
10 76 83
10 77 42
10 78 47
10 79 87
10 80 79
10 81 55
10 82 17
11 1 87
11 2 74
11 3 37
11 4 45
11 7 89
11 8 73
11 10 59
11 14 51
11 15 73
11 16 41
11 18 29
11 19 94
11 21 72
11 22 88
11 23 50
11 24 41
11 25 86
11 27 85
11 28 49
11 30 32
11 31 96
11 32 71
11 34 19
11 35 91
11 36 67
11 38 47
11 40 55
11 41 89
11 42 49
11 44 56
11 47 45
11 48 63
11 49 34
11 50 60
11 52 82
11 53 21
11 55 23
11 56 42
11 57 88
11 61 94
11 62 77
11 63 95
11 64 53
11 66 38
11 67 36
11 69 93
11 72 81
11 76 36
11 80 90
11 82 24
11 t 38
12 2 34
12 3 96
12 4 95
12 6 58
12 7 70
12 8 78
12 9 49
12 13 28
12 14 29
12 15 72
12 17 52
12 18 49
12 19 70
12 20 76
12 21 71
12 22 60
12 23 25
12 24 52
12 26 45
12 29 90
12 30 66
12 31 94
12 33 76
12 34 18
12 36 18
12 37 57
12 39 80
12 40 87
12 41 50
12 42 28
12 43 56
12 44 20
12 45 93
12 46 81
12 47 68
12 48 39
12 50 84
12 51 59
12 52 46
12 55 27
12 56 96
12 57 61
12 58 48
12 60 41
12 62 73
12 63 93
12 64 41
12 65 23
12 66 41
12 67 41
12 69 88
12 70 19
12 71 53
12 73 37
12 74 19
12 75 85
12 77 43
12 78 65
12 79 82
12 80 47
12 81 47
12 82 25
12 t 69
13 1 33
13 3 36
13 5 82
13 6 92
13 7 72
13 8 26
13 10 57
13 12 28
13 14 62
13 17 54
13 18 17
13 21 50
13 22 33
13 23 69
13 24 47
13 25 37
13 26 80
13 28 40
13 29 86
13 30 88
13 31 45
13 32 34
13 33 82
13 34 18
13 36 87
13 38 63
13 41 63
13 42 51
13 43 77
13 44 23
13 45 85
13 47 93
13 48 35
13 49 36
13 51 21
13 53 95
13 54 41
13 56 68
13 58 92
13 60 70
13 61 42
13 63 63
13 64 80
13 65 68
13 66 38
13 68 31
13 69 35
13 71 60
13 73 18
13 75 44
13 76 69
13 77 48
13 80 96
13 81 57
13 82 41
13 t 19
14 1 78
14 2 49
14 4 41
14 5 43
14 7 58
14 10 70
14 11 51
14 12 29
14 13 62
14 15 33
14 16 22
14 18 32
14 21 82
14 22 54
14 23 49
14 25 72
14 26 71
14 27 51
14 30 32
14 31 65
14 32 37
14 33 56
14 34 46
14 35 19
14 36 49
14 37 18
14 39 37
14 41 93
14 42 37
14 43 60
14 44 50
14 45 79
14 46 78
14 48 81
14 52 74
14 53 57
14 54 60
14 55 50
14 56 87
14 57 81
14 58 19
14 61 47
14 62 33
14 63 73
14 66 58
14 67 85
14 68 48
14 69 43
14 70 93
14 71 39
14 73 21
14 74 44
14 75 60
14 76 61
14 77 56
14 79 40
14 80 52
14 81 73
14 82 88
14 t 93
15 2 21
15 3 46
15 4 70
15 7 74
15 8 61
15 9 37
15 10 18
15 11 73
15 12 72
15 14 33
15 17 75
15 18 67
15 19 75
15 20 67
15 21 36
15 24 42
15 25 30
15 26 54
15 27 36
15 28 40
15 29 42
15 32 28
15 34 46
15 36 49
15 37 82
15 38 71
15 39 54
15 40 87
15 41 73
15 42 41
15 43 47
15 44 34
15 45 73
15 46 50
15 47 79
15 48 72
15 49 80
15 50 44
15 51 56
15 52 93
15 53 40
15 56 74
15 57 48
15 58 39
15 59 61
15 60 17
15 61 80
15 62 79
15 63 68
15 64 23
15 65 33
15 66 42
15 67 48
15 69 74
15 70 30
15 71 41
15 72 72
15 74 89
15 76 17
15 80 31
15 82 59
15 t 67
16 1 81
16 2 79
16 4 18
16 5 61
16 6 47
16 10 68
16 11 41
16 14 22
16 17 23
16 18 60
16 19 71
16 20 58
16 21 53
16 22 87
16 24 58
16 26 96
16 27 91
16 28 78
16 29 64
16 30 86
16 31 35
16 32 65
16 33 87
16 34 93
16 35 96
16 38 92
16 39 45
16 40 62
16 41 35
16 42 36
16 45 79
16 46 35
16 47 82
16 49 79
16 50 84
16 51 51
16 53 19
16 54 39
16 56 64
16 58 96
16 59 36
16 60 21
16 62 46
16 63 40
16 64 22
16 65 79
16 66 83
16 68 43
16 70 59
16 71 57
16 72 48
16 73 49
16 74 63
16 75 87
16 76 44
16 77 17
16 78 26
16 79 58
16 80 29
16 82 76
17 1 48
17 2 73
17 3 54
17 4 64
17 5 92
17 7 83
17 8 55
17 9 62
17 10 89
17 12 52
17 13 54
17 15 75
17 16 23
17 18 74
17 19 70
17 20 69
17 21 45
17 22 63
17 23 85
17 26 30
17 27 43
17 28 53
17 29 66
17 30 71
17 31 66
17 32 22
17 33 91
17 34 34
17 35 92
17 36 76
17 37 93
17 39 95
17 40 90
17 42 63
17 46 64
17 47 77
17 51 78
17 52 32
17 53 90
17 54 72
17 55 24
17 56 19
17 57 57
17 58 58
17 59 57
17 61 86
17 63 93
17 65 45
17 66 76
17 67 38
17 69 83
17 70 20
17 71 33
17 74 27
17 75 53
17 77 55
17 78 96
17 79 56
17 80 65
17 t 48
18 1 48
18 2 94
18 4 44
18 5 59
18 6 30
18 7 47
18 8 20
18 9 82
18 10 35
18 11 29
18 12 49
18 13 17
18 14 32
18 15 67
18 16 60
18 17 74
18 19 72
18 20 24
18 21 71
18 22 84
18 23 74
18 24 88
18 25 91
18 27 55
18 29 53
18 30 28
18 32 89
18 33 91
18 34 44
18 35 22
18 36 19
18 37 23
18 38 45
18 39 74
18 40 61
18 41 38
18 42 90
18 44 61
18 46 95
18 47 56
18 48 38
18 52 45
18 53 39
18 54 52
18 55 81
18 56 86
18 57 46
18 59 48
18 60 29
18 61 46
18 62 32
18 63 73
18 64 88
18 65 57
18 66 47
18 67 27
18 68 65
18 70 72
18 71 24
18 72 24
18 73 68
18 74 50
18 75 24
18 76 18
18 77 26
18 78 26
18 79 37
18 81 93
18 82 59
18 t 95
19 2 49
19 4 61
19 6 37
19 7 34
19 8 35
19 9 61
19 11 94
19 12 70
19 15 75
19 16 71
19 17 70
19 18 72
19 21 18
19 22 46
19 23 28
19 24 27
19 25 82
19 26 33
19 27 39
19 28 58
19 29 20
19 30 29
19 31 32
19 32 51
19 33 65
19 35 62
19 36 66
19 38 70
19 39 49
19 40 52
19 41 37
19 43 24
19 44 41
19 45 63
19 46 39
19 47 76
19 48 51
19 49 62
19 51 25
19 52 85
19 53 80
19 54 75
19 56 49
19 57 71
19 59 47
19 60 89
19 61 73
19 63 42
19 65 23
19 66 73
19 68 75
19 69 67
19 72 58
19 74 56
19 76 30
19 77 31
19 78 37
19 79 18
19 80 76
19 82 86
19 t 72
20 1 47
20 2 24
20 3 53
20 4 47
20 5 92
20 6 46
20 7 60
20 8 17
20 9 94
20 10 37
20 12 76
20 15 67
20 16 58
20 17 69
20 18 24
20 21 80
20 22 33
20 25 25
20 26 62
20 28 88
20 29 22
20 30 80
20 31 41
20 32 62
20 34 25
20 35 62
20 36 43
20 37 50
20 39 69
20 40 45
20 41 45
20 42 91
20 43 57
20 45 75
20 47 74
20 48 74
20 49 50
20 50 67
20 51 64
20 53 47
20 54 46
20 55 52
20 56 46
20 57 60
20 58 89
20 59 80
20 60 56
20 61 51
20 63 41
20 65 68
20 66 42
20 67 31
20 68 38
20 69 46
20 70 39
20 71 70
20 72 93
20 73 49
20 74 35
20 75 79
20 77 34
20 79 45
20 80 57
20 81 48
20 82 82
20 t 66
21 1 57
21 2 35
21 3 69
21 5 25
21 6 17
21 7 82
21 8 70
21 10 69
21 11 72
21 12 71
21 13 50
21 14 82
21 15 36
21 16 53
21 17 45
21 18 71
21 19 18
21 20 80
21 22 81
21 24 96
21 25 90
21 26 55
21 27 35
21 29 83
21 31 84
21 32 82
21 33 46
21 34 55
21 35 46
21 37 20
21 38 73
21 41 86
21 42 67
21 43 64
21 44 89
21 45 93
21 46 45
21 47 56
21 48 82
21 49 45
21 50 81
21 51 76
21 52 48
21 54 58
21 55 46
21 56 67
21 57 52
21 58 40
21 60 91
21 61 95
21 62 38
21 63 62
21 64 60
21 65 25
21 66 38
21 67 37
21 68 55
21 69 80
21 70 70
21 71 19
21 72 66
21 73 27
21 74 46
21 76 88
21 77 23
21 78 22
21 79 17
21 82 57
21 t 78
22 1 92
22 2 60
22 3 68
22 4 55
22 5 96
22 6 48
22 7 83
22 8 44
22 9 80
22 11 88
22 12 60
22 13 33
22 14 54
22 16 87
22 17 63
22 18 84
22 19 46
22 20 33
22 21 81
22 26 72
22 27 75
22 29 54
22 30 38
22 31 93
22 32 76
22 36 56
22 38 47
22 39 85
22 40 71
22 41 87
22 42 29
22 45 90
22 47 38
22 48 48
22 49 69
22 51 74
22 52 47
22 53 58
22 55 25
22 56 78
22 57 93
22 58 88
22 61 76
22 62 55
22 64 42
22 66 92
22 67 77
22 69 17
22 70 53
22 71 68
22 73 76
22 74 27
22 75 28
22 76 28
22 77 93
22 78 28
22 79 75
22 80 40
22 81 55
22 t 61
23 1 27
23 2 71
23 4 55
23 5 32
23 6 96
23 7 43
23 8 63
23 9 85
23 11 50
23 12 25
23 13 69
23 14 49
23 17 85
23 18 74
23 19 28
23 24 76
23 25 66
23 26 90
23 27 69
23 29 79
23 30 47
23 31 38
23 32 80
23 33 51
23 34 89
23 35 50
23 36 74
23 37 78
23 38 37
23 39 23
23 40 91
23 41 79
23 42 51
23 43 32
23 44 43
23 45 92
23 48 92
23 50 80
23 51 37
23 52 29
23 53 38
23 54 29
23 56 37
23 57 78
23 58 76
23 59 29
23 60 56
23 61 67
23 63 25
23 64 71
23 65 40
23 68 68
23 69 92
23 70 61
23 71 48
23 72 20
23 74 92
23 75 20
23 76 58
23 77 91
23 78 27
23 79 53
23 80 59
23 82 18
24 2 84
24 6 80
24 7 88
24 9 17
24 11 41
24 12 52
24 13 47
24 15 42
24 16 58
24 18 88
24 19 27
24 21 96
24 23 76
24 25 74
24 27 51
24 28 27
24 29 62
24 31 27
24 32 68
24 33 45
24 35 88
24 36 37
24 37 40
24 39 89
24 42 70
24 43 25
24 48 26
24 49 39
24 50 39
24 51 62
24 53 17
24 54 18
24 55 95
24 57 19
24 58 94
24 59 32
24 60 28
24 61 60
24 63 58
24 64 85
24 65 57
24 66 19
24 67 84
24 68 45
24 69 42
24 70 27
24 71 17
24 72 52
24 73 17
24 74 41
24 76 71
24 77 59
24 78 55
24 80 27
24 82 21
25 1 75
25 2 43
25 3 41
25 4 51
25 5 62
25 8 85
25 9 39
25 10 82
25 11 86
25 13 37
25 14 72
25 15 30
25 18 91
25 19 82
25 20 25
25 21 90
25 23 66
25 24 74
25 27 94
25 28 34
25 29 59
25 30 27
25 31 40
25 32 18
25 33 77
25 34 82
25 37 94
25 39 59
25 40 96
25 41 77
25 42 57
25 43 96
25 44 51
25 45 35
25 47 33
25 49 45
25 50 56
25 51 53
25 53 96
25 54 38
25 55 31
25 56 89
25 57 65
25 58 66
25 62 44
25 63 17
25 66 33
25 67 77
25 68 30
25 69 64
25 70 37
25 71 29
25 72 24
25 74 95
25 75 88
25 78 32
25 81 39
25 82 96
25 t 21
26 2 74
26 3 34
26 4 37
26 5 96
26 6 48
26 7 77
26 8 56
26 10 43
26 12 45
26 13 80
26 14 71
26 15 54
26 16 96
26 17 30
26 19 33
26 20 62
26 21 55
26 22 72
26 23 90
26 27 91
26 28 17
26 29 92
26 30 42
26 32 92
26 33 25
26 35 26
26 36 62
26 38 35
26 40 38
26 43 54
26 44 53
26 45 48
26 46 48
26 47 52
26 48 73
26 50 42
26 53 80
26 54 61
26 56 81
26 57 73
26 58 94
26 59 46
26 61 62
26 62 61
26 64 73
26 66 53
26 67 85
26 72 68
26 75 76
26 77 35
26 80 44
26 81 25
26 82 51
26 t 49
27 1 54
27 2 85
27 3 63
27 5 36
27 6 81
27 7 78
27 8 17
27 9 73
27 10 92
27 11 85
27 14 51
27 15 36
27 16 91
27 17 43
27 18 55
27 19 39
27 21 35
27 22 75
27 23 69
27 24 51
27 25 94
27 26 91
27 29 35
27 30 50
27 32 19
27 33 52
27 34 51
27 35 52
27 36 72
27 37 27
27 38 39
27 39 61
27 40 56
27 41 45
27 43 35
27 47 67
27 48 39
27 49 34
27 50 96
27 52 80
27 53 69
27 54 89
27 55 91
27 57 80
27 58 36
27 60 50
27 61 95
27 63 82
27 64 38
27 65 48
27 66 76
27 68 95
27 69 81
27 71 92
27 72 72
27 73 53
27 75 92
27 76 71
27 78 40
27 79 64
27 80 56
27 81 54
27 82 33
27 t 60
28 1 80
28 4 78
28 5 86
28 6 69
28 8 84
28 9 30
28 11 49
28 13 40
28 15 40
28 16 78
28 17 53
28 19 58
28 20 88
28 24 27
28 25 34
28 26 17
28 29 59
28 30 30
28 31 76
28 32 33
28 33 39
28 34 25
28 35 21
28 37 41
28 38 24
28 39 82
28 40 36
28 41 53
28 43 73
28 44 89
28 46 85
28 48 96
28 49 29
28 50 68
28 52 96
28 53 61
28 54 57
28 55 40
28 56 71
28 57 69
28 58 86
28 59 65
28 60 80
28 61 64
28 62 95
28 63 50
28 64 60
28 65 85
28 66 81
28 67 20
28 70 83
28 71 71
28 72 40
28 75 94
28 76 32
28 77 74
28 78 61
28 79 42
28 80 75
29 2 41
29 4 85
29 5 24
29 6 31
29 7 92
29 8 55
29 9 21
29 12 90
29 13 86
29 15 42
29 16 64
29 17 66
29 18 53
29 19 20
29 20 22
29 21 83
29 22 54
29 23 79
29 24 62
29 25 59
29 26 92
29 27 35
29 28 59
29 32 47
29 33 92
29 35 26
29 36 20
29 37 70
29 39 48
29 40 59
29 44 76
29 45 59
29 46 96
29 47 29
29 49 30
29 50 85
29 53 86
29 55 39
29 56 70
29 57 79
29 60 81
29 61 92
29 62 77
29 63 44
29 64 29
29 65 92
29 67 85
29 69 86
29 70 26
29 71 90
29 72 87
29 73 91
29 74 37
29 76 25
29 77 30
29 78 85
29 79 43
29 80 92
29 81 30
29 82 75
30 1 19
30 2 30
30 4 23
30 5 83
30 8 96
30 10 74
30 11 32
30 12 66
30 13 88
30 14 32
30 16 86
30 17 71
30 18 28
30 19 29
30 20 80
30 22 38
30 23 47
30 25 27
30 26 42
30 27 50
30 28 30
30 31 70
30 32 19
30 34 67
30 35 78
30 36 83
30 38 31
30 40 77
30 41 45
30 43 32
30 44 51
30 45 91
30 46 43
30 47 59
30 48 17
30 49 81
30 51 95
30 52 70
30 53 52
30 54 76
30 55 66
30 56 32
30 57 23
30 58 92
30 63 69
30 64 70
30 66 43
30 67 45
30 68 92
30 70 87
30 71 86
30 73 25
30 74 39
30 76 63
30 77 88
30 78 61
30 80 39
30 81 27
30 82 74
30 t 35
31 1 72
31 2 33
31 3 32
31 4 41
31 5 66
31 6 85
31 7 49
31 9 20
31 10 69
31 11 96
31 12 94
31 13 45
31 14 65
31 16 35
31 17 66
31 19 32
31 20 41
31 21 84
31 22 93
31 23 38
31 24 27
31 25 40
31 28 76
31 30 70
31 33 95
31 34 58
31 35 94
31 36 40
31 37 53
31 38 30
31 39 49
31 40 83
31 43 71
31 45 51
31 46 66
31 47 71
31 49 62
31 51 92
31 52 68
31 53 77
31 54 24
31 55 23
31 56 42
31 58 60
31 59 95
31 60 29
31 62 54
31 63 50
31 64 75
31 65 63
31 66 67
31 68 58
31 70 51
31 71 55
31 72 55
31 74 89
31 75 76
31 76 39
31 77 69
31 78 59
31 79 45
31 80 77
31 81 70
31 82 95
31 t 95
32 1 57
32 3 50
32 4 63
32 6 67
32 8 37
32 9 38
32 10 92
32 11 71
32 13 34
32 14 37
32 15 28
32 16 65
32 17 22
32 18 89
32 19 51
32 20 62
32 21 82
32 22 76
32 23 80
32 24 68
32 25 18
32 26 92
32 27 19
32 28 33
32 29 47
32 30 19
32 33 28
32 35 51
32 37 41
32 39 69
32 40 25
32 42 60
32 43 41
32 44 50
32 45 79
32 47 64
32 48 57
32 49 26
32 50 34
32 51 88
32 52 89
32 53 27
32 54 45
32 55 55
32 56 20
32 57 60
32 59 56
32 61 77
32 62 61
32 64 82
32 65 44
32 66 92
32 67 31
32 68 29
32 69 48
32 70 82
32 71 38
32 72 41
32 73 20
32 74 93
32 77 25
32 78 26
32 79 79
32 80 22
32 82 47
32 t 17
33 1 66
33 2 43
33 3 43
33 4 49
33 5 63
33 6 17
33 7 95
33 9 51
33 10 74
33 12 76
33 13 82
33 14 56
33 16 87
33 17 91
33 18 91
33 19 65
33 21 46
33 23 51
33 24 45
33 25 77
33 26 25
33 27 52
33 28 39
33 29 92
33 31 95
33 32 28
33 34 90
33 37 21
33 38 58
33 39 96
33 40 90
33 41 47
33 42 70
33 43 76
33 44 94
33 45 33
33 46 38
33 48 41
33 51 73
33 52 78
33 53 36
33 54 87
33 55 40
33 56 69
33 57 42
33 58 34
33 59 27
33 60 29
33 61 86
33 62 65
33 63 49
33 64 36
33 65 76
33 67 66
33 68 94
33 69 69
33 70 79
33 72 68
33 73 50
33 74 96
33 75 67
33 76 27
33 77 53
33 78 41
33 79 17
33 81 69
33 82 87
34 1 45
34 2 29
34 4 19
34 11 19
34 12 18
34 13 18
34 14 46
34 15 46
34 16 93
34 17 34
34 18 44
34 20 25
34 21 55
34 23 89
34 25 82
34 27 51
34 28 25
34 30 67
34 31 58
34 33 90
34 35 45
34 37 96
34 38 46
34 39 32
34 41 69
34 42 50
34 43 29
34 44 45
34 45 21
34 46 94
34 47 53
34 49 69
34 50 19
34 51 88
34 52 49
34 54 25
34 56 75
34 59 80
34 60 41
34 62 64
34 64 32
34 65 45
34 66 37
34 67 82
34 68 73
34 69 89
34 70 51
34 71 19
34 72 61
34 76 24
34 77 91
34 78 48
34 79 94
34 80 94
34 81 79
35 1 59
35 3 83
35 6 55
35 8 82
35 9 22
35 10 54
35 11 91
35 14 19
35 16 96
35 17 92
35 18 22
35 19 62
35 20 62
35 21 46
35 23 50
35 24 88
35 26 26
35 27 52
35 28 21
35 29 26
35 30 78
35 31 94
35 32 51
35 34 45
35 37 79
35 39 76
35 40 24
35 41 57
35 42 39
35 43 34
35 44 54
35 49 39
35 51 88
35 53 71
35 55 17
35 56 73
35 57 95
35 58 68
35 60 84
35 63 31
35 66 65
35 67 41
35 68 35
35 69 69
35 70 77
35 71 31
35 72 80
35 73 45
35 74 43
35 75 57
35 77 59
35 79 46
35 80 67
35 81 52
35 82 23
35 t 44
36 1 90
36 2 49
36 4 93
36 5 28
36 6 88
36 8 82
36 9 33
36 10 55
36 11 67
36 12 18
36 13 87
36 14 49
36 15 49
36 17 76
36 18 19
36 19 66
36 20 43
36 22 56
36 23 74
36 24 37
36 26 62
36 27 72
36 29 20
36 30 83
36 31 40
36 37 24
36 38 94
36 40 77
36 41 96
36 43 49
36 45 36
36 46 88
36 47 69
36 48 61
36 51 49
36 54 76
36 55 93
36 56 91
36 57 62
36 60 57
36 61 84
36 62 28
36 64 89
36 65 39
36 66 42
36 67 52
36 68 68
36 70 58
36 71 45
36 72 91
36 73 81
36 74 26
36 75 79
36 76 55
36 77 25
36 78 21
36 79 20
36 81 76
36 82 20
36 t 89
37 3 65
37 4 23
37 5 64
37 6 36
37 7 59
37 8 48
37 9 71
37 10 21
37 12 57
37 14 18
37 15 82
37 17 93
37 18 23
37 20 50
37 21 20
37 23 78
37 24 40
37 25 94
37 27 27
37 28 41
37 29 70
37 31 53
37 32 41
37 33 21
37 34 96
37 35 79
37 36 24
37 41 95
37 42 52
37 43 24
37 44 51
37 45 17
37 46 89
37 49 70
37 50 30
37 51 82
37 52 65
37 53 45
37 57 36
37 60 88
37 62 84
37 63 53
37 64 20
37 65 52
37 67 86
37 68 79
37 69 58
37 70 23
37 71 95
37 72 24
37 74 23
37 76 94
37 79 40
37 80 26
37 81 67
37 82 69
37 t 93
38 2 87
38 4 30
38 5 36
38 7 40
38 10 19
38 11 47
38 13 63
38 15 71
38 16 92
38 18 45
38 19 70
38 21 73
38 22 47
38 23 37
38 26 35
38 27 39
38 28 24
38 30 31
38 31 30
38 33 58
38 34 46
38 36 94
38 39 36
38 41 72
38 42 66
38 43 55
38 45 34
38 46 63
38 47 78
38 48 88
38 49 64
38 50 87
38 51 68
38 52 90
38 53 64
38 54 20
38 55 87
38 56 37
38 57 37
38 58 43
38 61 54
38 62 68
38 63 35
38 64 33
38 65 94
38 69 68
38 70 49
38 72 87
38 73 28
38 74 48
38 75 44
38 76 51
38 77 43
38 78 56
38 79 76
38 80 30
38 81 71
38 82 36
38 t 58
39 1 67
39 3 30
39 4 74
39 5 26
39 6 76
39 7 29
39 8 26
39 9 57
39 12 80
39 14 37
39 15 54
39 16 45
39 17 95
39 18 74
39 19 49
39 20 69
39 22 85
39 23 23
39 24 89
39 25 59
39 27 61
39 28 82
39 29 48
39 31 49
39 32 69
39 33 96
39 34 32
39 35 76
39 38 36
39 41 96
39 44 77
39 45 93
39 46 56
39 47 29
39 48 71
39 49 33
39 50 50
39 51 42
39 52 37
39 53 52
39 55 50
39 57 78
39 58 37
39 61 39
39 62 89
39 64 47
39 66 47
39 67 79
39 68 43
39 69 26
39 70 39
39 71 68
39 72 39
39 73 90
39 74 20
39 75 86
39 78 60
39 79 50
39 80 52
39 81 93
39 82 21
39 t 90
40 3 88
40 4 24
40 5 68
40 6 84
40 7 63
40 8 78
40 9 19
40 11 55
40 12 87
40 15 87
40 16 62
40 17 90
40 18 61
40 19 52
40 20 45
40 22 71
40 23 91
40 25 96
40 26 38
40 27 56
40 28 36
40 29 59
40 30 77
40 31 83
40 32 25
40 33 90
40 35 24
40 36 77
40 42 30
40 43 66
40 44 55
40 45 75
40 46 40
40 47 79
40 49 28
40 50 86
40 51 80
40 52 77
40 53 88
40 55 67
40 58 74
40 59 74
40 61 57
40 63 37
40 64 17
40 65 30
40 66 17
40 67 55
40 68 73
40 69 53
40 72 18
40 73 57
40 74 31
40 75 20
40 77 86
40 78 83
40 79 21
40 82 87
40 t 33
41 1 17
41 2 84
41 3 26
41 4 36
41 9 71
41 10 64
41 11 89
41 12 50
41 13 63
41 14 93
41 15 73
41 16 35
41 18 38
41 19 37
41 20 45
41 21 86
41 22 87
41 23 79
41 25 77
41 27 45
41 28 53
41 30 45
41 33 47
41 34 69
41 35 57
41 36 96
41 37 95
41 38 72
41 39 96
41 42 76
41 43 39
41 44 63
41 46 73
41 47 81
41 48 54
41 49 53
41 50 69
41 51 81
41 52 38
41 53 90
41 54 24
41 55 95
41 57 70
41 58 86
41 59 31
41 60 34
41 61 38
41 62 29
41 63 60
41 65 86
41 66 41
41 67 80
41 69 57
41 70 68
41 71 62
41 72 88
41 74 52
41 75 18
41 76 54
41 77 26
41 78 54
41 79 88
41 81 65
41 82 88
41 t 95
42 1 74
42 2 20
42 3 95
42 4 72
42 5 56
42 6 86
42 7 27
42 8 35
42 9 67
42 10 77
42 11 49
42 12 28
42 13 51
42 14 37
42 15 41
42 16 36
42 17 63
42 18 90
42 20 91
42 21 67
42 22 29
42 23 51
42 24 70
42 25 57
42 32 60
42 33 70
42 34 50
42 35 39
42 37 52
42 38 66
42 40 30
42 41 76
42 43 56
42 44 75
42 45 67
42 46 38
42 48 35
42 49 46
42 50 53
42 51 23
42 52 82
42 53 87
42 55 33
42 56 25
42 57 61
42 58 96
42 59 55
42 60 84
42 61 81
42 62 56
42 63 95
42 66 48
42 67 55
42 69 60
42 70 90
42 71 43
42 72 46
42 73 83
42 74 54
42 75 24
42 77 56
42 78 33
42 79 52
42 81 85
42 82 46
43 1 44
43 2 80
43 3 53
43 4 17
43 5 64
43 6 59
43 7 51
43 8 27
43 9 31
43 10 88
43 12 56
43 13 77
43 14 60
43 15 47
43 19 24
43 20 57
43 21 64
43 23 32
43 24 25
43 25 96
43 26 54
43 27 35
43 28 73
43 30 32
43 31 71
43 32 41
43 33 76
43 34 29
43 35 34
43 36 49
43 37 24
43 38 55
43 40 66
43 41 39
43 42 56
43 44 55
43 45 95
43 47 56
43 50 70
43 51 66
43 53 51
43 54 70
43 55 93
43 57 35
43 59 35
43 60 26
43 61 81
43 63 28
43 64 78
43 65 19
43 66 88
43 69 25
43 70 67
43 71 84
43 73 84
43 74 57
43 77 61
43 78 18
43 79 69
43 80 68
43 81 88
43 82 53
43 t 95
44 1 78
44 2 84
44 3 74
44 4 82
44 7 77
44 8 96
44 9 79
44 11 56
44 12 20
44 13 23
44 14 50
44 15 34
44 18 61
44 19 41
44 21 89
44 23 43
44 25 51
44 26 53
44 28 89
44 29 76
44 30 51
44 32 50
44 33 94
44 34 45
44 35 54
44 37 51
44 39 77
44 40 55
44 41 63
44 42 75
44 43 55
44 46 32
44 48 85
44 49 56
44 50 71
44 51 56
44 52 25
44 53 55
44 54 59
44 56 80
44 57 41
44 58 72
44 59 58
44 60 88
44 62 60
44 63 33
44 65 28
44 66 27
44 67 21
44 68 41
44 69 64
44 70 95
44 71 68
44 72 26
44 75 54
44 77 35
44 78 52
44 79 38
44 80 19
44 81 86
44 82 44
44 t 61
45 2 73
45 3 79
45 4 70
45 7 17
45 8 47
45 9 89
45 10 69
45 12 93
45 13 85
45 14 79
45 15 73
45 16 79
45 19 63
45 20 75
45 21 93
45 22 90
45 23 92
45 25 35
45 26 48
45 29 59
45 30 91
45 31 51
45 32 79
45 33 33
45 34 21
45 36 36
45 37 17
45 38 34
45 39 93
45 40 75
45 42 67
45 43 95
45 46 52
45 47 78
45 48 54
45 50 76
45 51 17
45 52 64
45 53 47
45 54 82
45 55 32
45 57 81
45 58 46
45 59 80
45 60 61
45 62 78
45 63 47
45 64 49
45 66 45
45 68 30
45 69 86
45 71 62
45 73 92
45 74 33
45 76 79
45 78 57
45 82 55
45 t 37
46 4 70
46 7 85
46 8 82
46 9 25
46 10 34
46 12 81
46 14 78
46 15 50
46 16 35
46 17 64
46 18 95
46 19 39
46 21 45
46 26 48
46 28 85
46 29 96
46 30 43
46 31 66
46 33 38
46 34 94
46 36 88
46 37 89
46 38 63
46 39 56
46 40 40
46 41 73
46 42 38
46 44 32
46 45 52
46 47 54
46 48 67
46 50 67
46 51 39
46 52 51
46 54 89
46 55 34
46 56 27
46 57 85
46 58 80
46 59 82
46 60 42
46 62 49
46 63 44
46 64 91
46 65 57
46 68 75
46 69 74
46 73 64
46 74 45
46 75 37
46 76 40
46 78 40
46 79 37
46 81 88
46 82 35
47 1 65
47 2 78
47 4 59
47 6 73
47 7 82
47 9 34
47 11 45
47 12 68
47 13 93
47 15 79
47 16 82
47 17 77
47 18 56
47 19 76
47 20 74
47 21 56
47 22 38
47 25 33
47 26 52
47 27 67
47 29 29
47 30 59
47 31 71
47 32 64
47 34 53
47 36 69
47 38 78
47 39 29
47 40 79
47 41 81
47 43 56
47 45 78
47 46 54
47 50 39
47 52 42
47 53 35
47 54 44
47 56 61
47 57 63
47 58 78
47 59 79
47 60 53
47 61 33
47 62 41
47 63 71
47 64 68
47 65 31
47 66 78
47 67 25
47 68 30
47 69 45
47 70 22
47 71 81
47 72 43
47 73 34
47 75 76
47 76 80
47 77 77
47 78 31
47 79 42
47 80 56
47 81 19
48 1 67
48 2 88
48 3 85
48 5 80
48 6 76
48 7 96
48 8 96
48 10 76
48 11 63
48 12 39
48 13 35
48 14 81
48 15 72
48 18 38
48 19 51
48 20 74
48 21 82
48 22 48
48 23 92
48 24 26
48 26 73
48 27 39
48 28 96
48 30 17
48 32 57
48 33 41
48 36 61
48 38 88
48 39 71
48 41 54
48 42 35
48 44 85
48 45 54
48 46 67
48 49 89
48 51 68
48 52 70
48 53 66
48 55 30
48 56 63
48 57 84
48 58 51
48 59 86
48 60 42
48 61 55
48 62 85
48 63 61
48 64 36
48 65 53
48 66 62
48 68 70
48 69 49
48 70 22
48 71 50
48 72 83
48 73 44
48 74 49
48 75 82
48 76 29
48 77 91
48 78 51
48 79 69
48 80 83
48 81 77
48 82 90
48 t 75
49 4 36
49 5 24
49 6 75
49 10 61
49 11 34
49 13 36
49 15 80
49 16 79
49 19 62
49 20 50
49 21 45
49 22 69
49 24 39
49 25 45
49 27 34
49 28 29
49 29 30
49 30 81
49 31 62
49 32 26
49 34 69
49 35 39
49 37 70
49 38 64
49 39 33
49 40 28
49 41 53
49 42 46
49 44 56
49 48 89
49 50 82
49 52 68
49 55 36
49 56 92
49 57 35
49 59 39
49 61 28
49 62 64
49 63 24
49 66 75
49 68 36
49 69 49
49 70 83
49 71 39
49 74 47
49 75 46
49 76 27
49 77 96
49 78 91
49 79 92
49 80 85
49 81 83
49 82 53
50 2 50
50 3 88
50 4 91
50 5 84
50 6 59
50 7 66
50 8 85
50 9 59
50 10 85
50 11 60
50 12 84
50 15 44
50 16 84
50 20 67
50 21 81
50 23 80
50 24 39
50 25 56
50 26 42
50 27 96
50 28 68
50 29 85
50 32 34
50 34 19
50 37 30
50 38 87
50 39 50
50 40 86
50 41 69
50 42 53
50 43 70
50 44 71
50 45 76
50 46 67
50 47 39
50 49 82
50 53 71
50 54 50
50 55 23
50 56 52
50 58 79
50 59 82
50 61 73
50 62 37
50 64 62
50 65 34
50 66 47
50 67 70
50 68 76
50 70 81
50 72 71
50 73 82
50 74 95
50 75 81
50 76 28
50 77 66
50 78 34
50 79 40
50 81 75
50 82 42
51 1 81
51 2 85
51 3 88
51 5 49
51 6 40
51 8 38
51 9 93
51 10 39
51 12 59
51 13 21
51 15 56
51 16 51
51 17 78
51 19 25
51 20 64
51 21 76
51 22 74
51 23 37
51 24 62
51 25 53
51 30 95
51 31 92
51 32 88
51 33 73
51 34 88
51 35 88
51 36 49
51 37 82
51 38 68
51 39 42
51 40 80
51 41 81
51 42 23
51 43 66
51 44 56
51 45 17
51 46 39
51 48 68
51 52 86
51 55 68
51 57 57
51 58 17
51 59 57
51 60 80
51 64 65
51 65 48
51 66 75
51 67 79
51 68 69
51 70 35
51 72 51
51 73 59
51 74 45
51 76 72
51 78 63
51 79 75
51 80 74
51 81 94
51 82 32
51 t 19
52 1 22
52 5 71
52 7 40
52 8 94
52 9 95
52 10 19
52 11 82
52 12 46
52 14 74
52 15 93
52 17 32
52 18 45
52 19 85
52 21 48
52 22 47
52 23 29
52 27 80
52 28 96
52 30 70
52 31 68
52 32 89
52 33 78
52 34 49
52 37 65
52 38 90
52 39 37
52 40 77
52 41 38
52 42 82
52 44 25
52 45 64
52 46 51
52 47 42
52 48 70
52 49 68
52 51 86
52 53 96
52 54 80
52 56 41
52 58 89
52 59 55
52 61 67
52 62 35
52 63 73
52 64 66
52 65 89
52 66 80
52 67 42
52 68 92
52 70 32
52 72 25
52 73 80
52 74 89
52 75 62
52 76 32
52 77 88
52 78 48
52 79 37
52 80 27
52 81 84
53 2 67
53 3 74
53 4 49
53 5 92
53 6 43
53 7 71
53 8 87
53 10 77
53 11 21
53 13 95
53 14 57
53 15 40
53 16 19
53 17 90
53 18 39
53 19 80
53 20 47
53 22 58
53 23 38
53 24 17
53 25 96
53 26 80
53 27 69
53 28 61
53 29 86
53 30 52
53 31 77
53 32 27
53 33 36
53 35 71
53 37 45
53 38 64
53 39 52
53 40 88
53 41 90
53 42 87
53 43 51
53 44 55
53 45 47
53 47 35
53 48 66
53 50 71
53 52 96
53 54 54
53 55 52
53 57 54
53 58 56
53 59 43
53 60 38
53 61 52
53 62 29
53 63 53
53 64 83
53 65 48
53 66 52
53 68 37
53 69 40
53 70 80
53 71 21
53 72 64
53 75 50
53 76 21
53 77 44
53 78 30
53 79 64
53 80 76
53 81 41
53 82 23
53 t 92
54 2 78
54 3 94
54 4 74
54 5 25
54 6 88
54 7 76
54 8 85
54 10 51
54 13 41
54 14 60
54 16 39
54 17 72
54 18 52
54 19 75
54 20 46
54 21 58
54 23 29
54 24 18
54 25 38
54 26 61
54 27 89
54 28 57
54 30 76
54 31 24
54 32 45
54 33 87
54 34 25
54 36 76
54 38 20
54 41 24
54 43 70
54 44 59
54 45 82
54 46 89
54 47 44
54 50 50
54 52 80
54 53 54
54 57 88
54 58 72
54 60 75
54 61 26
54 63 37
54 65 76
54 66 36
54 67 34
54 68 64
54 69 53
54 70 63
54 71 46
54 72 43
54 73 77
54 75 57
54 77 64
54 78 89
54 79 27
54 80 38
54 81 55
55 1 69
55 2 90
55 3 47
55 4 31
55 6 26
55 7 79
55 8 88
55 9 44
55 10 32
55 11 23
55 12 27
55 14 50
55 17 24
55 18 81
55 20 52
55 21 46
55 22 25
55 24 95
55 25 31
55 27 91
55 28 40
55 29 39
55 30 66
55 31 23
55 32 55
55 33 40
55 35 17
55 36 93
55 38 87
55 39 50
55 40 67
55 41 95
55 42 33
55 43 93
55 45 32
55 46 34
55 48 30
55 49 36
55 50 23
55 51 68
55 53 52
55 56 25
55 58 56
55 59 73
55 60 50
55 61 78
55 62 94
55 64 80
55 67 93
55 68 22
55 69 59
55 75 91
55 76 95
55 77 22
55 78 83
55 79 76
55 80 26
55 81 21
55 t 92
56 2 86
56 3 44
56 4 46
56 6 17
56 7 82
56 8 44
56 9 80
56 11 42
56 12 96
56 13 68
56 14 87
56 15 74
56 16 64
56 17 19
56 18 86
56 19 49
56 20 46
56 21 67
56 22 78
56 23 37
56 25 89
56 26 81
56 28 71
56 29 70
56 30 32
56 31 42
56 32 20
56 33 69
56 34 75
56 35 73
56 36 91
56 38 37
56 42 25
56 44 80
56 46 27
56 47 61
56 48 63
56 49 92
56 50 52
56 52 41
56 55 25
56 57 94
56 58 36
56 59 42
56 60 94
56 61 43
56 63 47
56 64 33
56 65 62
56 66 74
56 67 73
56 68 63
56 69 77
56 70 95
56 72 76
56 73 91
56 74 63
56 77 47
56 78 49
56 79 68
56 80 51
56 81 88
56 82 44
56 t 48
57 1 36
57 3 50
57 4 25
57 5 37
57 6 96
57 7 34
57 8 73
57 9 48
57 11 88
57 12 61
57 14 81
57 15 48
57 17 57
57 18 46
57 19 71
57 20 60
57 21 52
57 22 93
57 23 78
57 24 19
57 25 65
57 26 73
57 27 80
57 28 69
57 29 79
57 30 23
57 32 60
57 33 42
57 35 95
57 36 62
57 37 36
57 38 37
57 39 78
57 41 70
57 42 61
57 43 35
57 44 41
57 45 81
57 46 85
57 47 63
57 48 84
57 49 35
57 51 57
57 53 54
57 54 88
57 56 94
57 59 73
57 60 47
57 64 49
57 65 36
57 66 82
57 67 52
57 69 35
57 70 29
57 71 20
57 73 38
57 78 74
57 79 89
57 80 76
57 82 34
58 1 89
58 2 76
58 4 85
58 5 78
58 7 61
58 10 93
58 12 48
58 13 92
58 14 19
58 15 39
58 16 96
58 17 58
58 20 89
58 21 40
58 22 88
58 23 76
58 24 94
58 25 66
58 26 94
58 27 36
58 28 86
58 30 92
58 31 60
58 33 34
58 35 68
58 38 43
58 39 37
58 40 74
58 41 86
58 42 96
58 44 72
58 45 46
58 46 80
58 47 78
58 48 51
58 50 79
58 51 17
58 52 89
58 53 56
58 54 72
58 55 56
58 56 36
58 61 90
58 63 27
58 66 25
58 69 23
58 71 34
58 72 43
58 73 62
58 74 43
58 75 95
58 77 70
58 79 41
58 80 62
58 81 43
58 t 41
59 1 82
59 2 57
59 3 26
59 4 23
59 5 70
59 7 96
59 9 51
59 10 57
59 15 61
59 16 36
59 17 57
59 18 48
59 19 47
59 20 80
59 23 29
59 24 32
59 26 46
59 28 65
59 31 95
59 32 56
59 33 27
59 34 80
59 40 74
59 41 31
59 42 55
59 43 35
59 44 58
59 45 80
59 46 82
59 47 79
59 48 86
59 49 39
59 50 82
59 51 57
59 52 55
59 53 43
59 55 73
59 56 42
59 57 73
59 60 45
59 61 88
59 62 39
59 65 60
59 66 35
59 67 39
59 68 49
59 69 96
59 71 24
59 73 93
59 75 64
59 76 87
59 77 71
59 78 40
59 79 89
59 80 18
59 82 48
59 t 39
60 1 59
60 2 75
60 3 90
60 5 66
60 6 89
60 8 90
60 10 65
60 12 41
60 13 70
60 15 17
60 16 21
60 18 29
60 19 89
60 20 56
60 21 91
60 23 56
60 24 28
60 27 50
60 28 80
60 29 81
60 31 29
60 33 29
60 34 41
60 35 84
60 36 57
60 37 88
60 41 34
60 42 84
60 43 26
60 44 88
60 45 61
60 46 42
60 47 53
60 48 42
60 51 80
60 53 38
60 54 75
60 55 50
60 56 94
60 57 47
60 59 45
60 61 19
60 62 73
60 63 52
60 64 46
60 65 82
60 66 80
60 67 74
60 68 56
60 69 24
60 70 57
60 71 93
60 72 53
60 74 43
60 76 35
60 77 60
60 78 51
60 80 47
60 82 34
60 t 81
61 1 55
61 3 57
61 4 22
61 5 76
61 6 81
61 7 51
61 8 91
61 9 83
61 10 27
61 11 94
61 13 42
61 14 47
61 15 80
61 17 86
61 18 46
61 19 73
61 20 51
61 21 95
61 22 76
61 23 67
61 24 60
61 26 62
61 27 95
61 28 64
61 29 92
61 32 77
61 33 86
61 36 84
61 38 54
61 39 39
61 40 57
61 41 38
61 42 81
61 43 81
61 47 33
61 48 55
61 49 28
61 50 73
61 52 67
61 53 52
61 54 26
61 55 78
61 56 43
61 58 90
61 59 88
61 60 19
61 62 79
61 63 33
61 65 48
61 66 39
61 67 25
61 68 75
61 69 46
61 70 30
61 71 90
61 72 46
61 73 94
61 76 88
61 77 57
61 78 88
61 79 50
61 80 71
61 81 92
61 82 84
61 t 41
62 2 54
62 3 78
62 4 22
62 6 45
62 7 68
62 8 50
62 10 54
62 11 77
62 12 73
62 14 33
62 15 79
62 16 46
62 18 32
62 21 38
62 22 55
62 25 44
62 26 61
62 28 95
62 29 77
62 31 54
62 32 61
62 33 65
62 34 64
62 36 28
62 37 84
62 38 68
62 39 89
62 41 29
62 42 56
62 44 60
62 45 78
62 46 49
62 47 41
62 48 85
62 49 64
62 50 37
62 52 35
62 53 29
62 55 94
62 59 39
62 60 73
62 61 79
62 64 23
62 66 26
62 67 62
62 68 93
62 71 41
62 72 45
62 73 54
62 74 34
62 75 53
62 76 62
62 77 79
62 78 37
62 79 91
62 80 52
62 81 89
62 82 79
62 t 57
63 1 17
63 2 31
63 4 70
63 5 71
63 6 75
63 8 96
63 10 73
63 11 95
63 12 93
63 13 63
63 14 73
63 15 68
63 16 40
63 17 93
63 18 73
63 19 42
63 20 41
63 21 62
63 23 25
63 24 58
63 25 17
63 27 82
63 28 50
63 29 44
63 30 69
63 31 50
63 33 49
63 35 31
63 37 53
63 38 35
63 40 37
63 41 60
63 42 95
63 43 28
63 44 33
63 45 47
63 46 44
63 47 71
63 48 61
63 49 24
63 52 73
63 53 53
63 54 37
63 56 47
63 58 27
63 60 52
63 61 33
63 65 83
63 67 57
63 68 25
63 69 70
63 70 70
63 72 72
63 73 93
63 74 58
63 75 64
63 78 45
63 79 81
63 80 25
63 81 44
63 82 88
63 t 18
64 1 23
64 2 62
64 3 46
64 4 25
64 5 53
64 6 90
64 7 24
64 8 73
64 9 68
64 10 43
64 11 53
64 12 41
64 13 80
64 15 23
64 16 22
64 18 88
64 21 60
64 22 42
64 23 71
64 24 85
64 26 73
64 27 38
64 28 60
64 29 29
64 30 70
64 31 75
64 32 82
64 33 36
64 34 32
64 36 89
64 37 20
64 38 33
64 39 47
64 40 17
64 43 78
64 45 49
64 46 91
64 47 68
64 48 36
64 50 62
64 51 65
64 52 66
64 53 83
64 55 80
64 56 33
64 57 49
64 60 46
64 62 23
64 65 50
64 66 32
64 67 65
64 68 42
64 69 89
64 70 57
64 71 49
64 74 55
64 75 25
64 76 79
64 77 55
64 78 61
64 79 76
64 80 20
64 81 20
64 82 53
64 t 26
65 1 53
65 3 67
65 5 91
65 6 18
65 7 41
65 8 78
65 9 63
65 12 23
65 13 68
65 15 33
65 16 79
65 17 45
65 18 57
65 19 23
65 20 68
65 21 25
65 23 40
65 24 57
65 27 48
65 28 85
65 29 92
65 31 63
65 32 44
65 33 76
65 34 45
65 36 39
65 37 52
65 38 94
65 40 30
65 41 86
65 43 19
65 44 28
65 46 57
65 47 31
65 48 53
65 50 34
65 51 48
65 52 89
65 53 48
65 54 76
65 56 62
65 57 36
65 59 60
65 60 82
65 61 48
65 63 83
65 64 50
65 66 52
65 68 96
65 69 29
65 71 28
65 72 89
65 73 83
65 74 38
65 75 24
65 76 45
65 77 37
65 78 83
65 79 60
65 80 85
65 81 57
65 82 91
65 t 89
66 1 63
66 2 28
66 3 78
66 5 46
66 6 46
66 7 59
66 8 39
66 9 62
66 11 38
66 12 41
66 13 38
66 14 58
66 15 42
66 16 83
66 17 76
66 18 47
66 19 73
66 20 42
66 21 38
66 22 92
66 24 19
66 25 33
66 26 53
66 27 76
66 28 81
66 30 43
66 31 67
66 32 92
66 34 37
66 35 65
66 36 42
66 39 47
66 40 17
66 41 41
66 42 48
66 43 88
66 44 27
66 45 45
66 47 78
66 48 62
66 49 75
66 50 47
66 51 75
66 52 80
66 53 52
66 54 36
66 56 74
66 57 82
66 58 25
66 59 35
66 60 80
66 61 39
66 62 26
66 64 32
66 65 52
66 67 58
66 68 18
66 69 65
66 70 32
66 71 20
66 72 51
66 73 49
66 74 59
66 75 82
66 76 75
66 78 67
66 80 19
66 82 22
66 t 90
67 4 18
67 5 71
67 6 47
67 8 92
67 9 43
67 11 36
67 12 41
67 14 85
67 15 48
67 17 38
67 18 27
67 20 31
67 21 37
67 22 77
67 24 84
67 25 77
67 26 85
67 28 20
67 29 85
67 30 45
67 32 31
67 33 66
67 34 82
67 35 41
67 36 52
67 37 86
67 39 79
67 40 55
67 41 80
67 42 55
67 44 21
67 47 25
67 50 70
67 51 79
67 52 42
67 54 34
67 55 93
67 56 73
67 57 52
67 59 39
67 60 74
67 61 25
67 62 62
67 63 57
67 64 65
67 66 58
67 68 38
67 69 35
67 71 40
67 72 90
67 73 21
67 74 59
67 75 82
67 76 24
67 77 71
67 78 40
67 80 90
67 82 67
67 t 92
68 3 84
68 4 21
68 5 89
68 6 17
68 7 37
68 8 49
68 9 40
68 13 31
68 14 48
68 16 43
68 18 65
68 19 75
68 20 38
68 21 55
68 23 68
68 24 45
68 25 30
68 27 95
68 30 92
68 31 58
68 32 29
68 33 94
68 34 73
68 35 35
68 36 68
68 37 79
68 39 43
68 40 73
68 44 41
68 45 30
68 46 75
68 47 30
68 48 70
68 49 36
68 50 76
68 51 69
68 52 92
68 53 37
68 54 64
68 55 22
68 56 63
68 59 49
68 60 56
68 61 75
68 62 93
68 63 25
68 64 42
68 65 96
68 66 18
68 67 38
68 69 77
68 70 33
68 71 84
68 72 26
68 73 17
68 74 56
68 75 63
68 76 94
68 77 29
68 78 83
68 79 40
68 80 36
68 81 40
68 82 66
68 t 62
69 1 71
69 2 56
69 3 29
69 4 86
69 5 72
69 6 90
69 7 94
69 8 96
69 9 73
69 10 91
69 11 93
69 12 88
69 13 35
69 14 43
69 15 74
69 17 83
69 19 67
69 20 46
69 21 80
69 22 17
69 23 92
69 24 42
69 25 64
69 27 81
69 29 86
69 32 48
69 33 69
69 34 89
69 35 69
69 37 58
69 38 68
69 39 26
69 40 53
69 41 57
69 42 60
69 43 25
69 44 64
69 45 86
69 46 74
69 47 45
69 48 49
69 49 49
69 53 40
69 54 53
69 55 59
69 56 77
69 57 35
69 58 23
69 59 96
69 60 24
69 61 46
69 63 70
69 64 89
69 65 29
69 66 65
69 67 35
69 68 77
69 70 75
69 71 31
69 72 78
69 73 61
69 74 84
69 76 74
69 77 45
69 81 67
69 82 81
69 t 83
70 1 39
70 2 29
70 3 82
70 4 62
70 5 31
70 6 48
70 9 33
70 10 31
70 12 19
70 14 93
70 15 30
70 16 59
70 17 20
70 18 72
70 20 39
70 21 70
70 22 53
70 23 61
70 24 27
70 25 37
70 28 83
70 29 26
70 30 87
70 31 51
70 32 82
70 33 79
70 34 51
70 35 77
70 36 58
70 37 23
70 38 49
70 39 39
70 41 68
70 42 90
70 43 67
70 44 95
70 47 22
70 48 22
70 49 83
70 50 81
70 51 35
70 52 32
70 53 80
70 54 63
70 56 95
70 57 29
70 60 57
70 61 30
70 63 70
70 64 57
70 66 32
70 68 33
70 69 75
70 71 17
70 72 31
70 73 90
70 74 64
70 75 94
70 76 67
70 77 48
70 78 56
70 80 96
70 81 72
70 82 33
70 t 73
71 3 72
71 5 68
71 6 77
71 7 72
71 8 55
71 9 34
71 10 75
71 12 53
71 13 60
71 14 39
71 15 41
71 16 57
71 17 33
71 18 24
71 20 70
71 21 19
71 22 68
71 23 48
71 24 17
71 25 29
71 27 92
71 28 71
71 29 90
71 30 86
71 31 55
71 32 38
71 34 19
71 35 31
71 36 45
71 37 95
71 39 68
71 41 62
71 42 43
71 43 84
71 44 68
71 45 62
71 47 81
71 48 50
71 49 39
71 53 21
71 54 46
71 57 20
71 58 34
71 59 24
71 60 93
71 61 90
71 62 41
71 64 49
71 65 28
71 66 20
71 67 40
71 68 84
71 69 31
71 70 17
71 72 84
71 73 82
71 75 39
71 77 41
71 78 60
71 79 36
71 80 48
71 82 31
71 t 75
72 1 67
72 2 48
72 4 62
72 5 31
72 6 41
72 7 46
72 9 94
72 10 61
72 11 81
72 15 72
72 16 48
72 18 24
72 19 58
72 20 93
72 21 66
72 23 20
72 24 52
72 25 24
72 26 68
72 27 72
72 28 40
72 29 87
72 31 55
72 32 41
72 33 68
72 34 61
72 35 80
72 36 91
72 37 24
72 38 87
72 39 39
72 40 18
72 41 88
72 42 46
72 44 26
72 47 43
72 48 83
72 50 71
72 51 51
72 52 25
72 53 64
72 54 43
72 56 76
72 58 43
72 60 53
72 61 46
72 62 45
72 63 72
72 65 89
72 66 51
72 67 90
72 68 26
72 69 78
72 70 31
72 71 84
72 73 27
72 74 37
72 75 32
72 76 77
72 77 83
72 78 85
72 80 20
72 81 37
72 82 37
72 t 63
73 1 63
73 2 67
73 3 17
73 7 25
73 10 17
73 12 37
73 13 18
73 14 21
73 16 49
73 18 68
73 20 49
73 21 27
73 22 76
73 24 17
73 27 53
73 29 91
73 30 25
73 32 20
73 33 50
73 35 45
73 36 81
73 38 28
73 39 90
73 40 57
73 42 83
73 43 84
73 45 92
73 46 64
73 47 34
73 48 44
73 50 82
73 51 59
73 52 80
73 54 77
73 56 91
73 57 38
73 58 62
73 59 93
73 61 94
73 62 54
73 63 93
73 65 83
73 66 49
73 67 21
73 68 17
73 69 61
73 70 90
73 71 82
73 72 27
73 74 46
73 75 95
73 77 95
73 78 95
73 79 86
73 81 22
73 t 74
74 1 87
74 3 26
74 4 30
74 6 76
74 7 81
74 8 92
74 9 91
74 10 73
74 12 19
74 14 44
74 15 89
74 16 63
74 17 27
74 18 50
74 19 56
74 20 35
74 21 46
74 22 27
74 23 92
74 24 41
74 25 95
74 29 37
74 30 39
74 31 89
74 32 93
74 33 96
74 35 43
74 36 26
74 37 23
74 38 48
74 39 20
74 40 31
74 41 52
74 42 54
74 43 57
74 45 33
74 46 45
74 48 49
74 49 47
74 50 95
74 51 45
74 52 89
74 56 63
74 58 43
74 60 43
74 62 34
74 63 58
74 64 55
74 65 38
74 66 59
74 67 59
74 68 56
74 69 84
74 70 64
74 72 37
74 73 46
74 75 47
74 77 83
74 78 71
74 79 29
74 80 55
74 81 63
74 82 61
74 t 55
75 3 50
75 4 89
75 5 53
75 6 59
75 10 75
75 12 85
75 13 44
75 14 60
75 16 87
75 17 53
75 18 24
75 20 79
75 22 28
75 23 20
75 25 88
75 26 76
75 27 92
75 28 94
75 31 76
75 33 67
75 35 57
75 36 79
75 38 44
75 39 86
75 40 20
75 41 18
75 42 24
75 44 54
75 46 37
75 47 76
75 48 82
75 49 46
75 50 81
75 52 62
75 53 50
75 54 57
75 55 91
75 58 95
75 59 64
75 62 53
75 63 64
75 64 25
75 65 24
75 66 82
75 67 82
75 68 63
75 70 94
75 71 39
75 72 32
75 73 95
75 74 47
75 76 89
75 77 65
75 79 25
75 80 19
75 81 61
75 82 19
75 t 19
76 1 81
76 2 89
76 3 68
76 4 69
76 5 60
76 6 70
76 7 81
76 8 51
76 10 83
76 11 36
76 13 69
76 14 61
76 15 17
76 16 44
76 18 18
76 19 30
76 21 88
76 22 28
76 23 58
76 24 71
76 27 71
76 28 32
76 29 25
76 30 63
76 31 39
76 33 27
76 34 24
76 36 55
76 37 94
76 38 51
76 41 54
76 45 79
76 46 40
76 47 80
76 48 29
76 49 27
76 50 28
76 51 72
76 52 32
76 53 21
76 55 95
76 59 87
76 60 35
76 61 88
76 62 62
76 64 79
76 65 45
76 66 75
76 67 24
76 68 94
76 69 74
76 70 67
76 72 77
76 75 89
76 78 73
76 79 71
76 82 64
77 1 94
77 2 27
77 3 37
77 5 58
77 6 23
77 7 25
77 10 42
77 12 43
77 13 48
77 14 56
77 16 17
77 17 55
77 18 26
77 19 31
77 20 34
77 21 23
77 22 93
77 23 91
77 24 59
77 26 35
77 28 74
77 29 30
77 30 88
77 31 69
77 32 25
77 33 53
77 34 91
77 35 59
77 36 25
77 38 43
77 40 86
77 41 26
77 42 56
77 43 61
77 44 35
77 47 77
77 48 91
77 49 96
77 50 66
77 52 88
77 53 44
77 54 64
77 55 22
77 56 47
77 58 70
77 59 71
77 60 60
77 61 57
77 62 79
77 64 55
77 65 37
77 67 71
77 68 29
77 69 45
77 70 48
77 71 41
77 72 83
77 73 95
77 74 83
77 75 65
77 78 79
77 79 69
77 81 44
77 82 18
77 t 33
78 1 55
78 2 25
78 3 39
78 4 76
78 5 91
78 6 23
78 7 58
78 8 77
78 9 18
78 10 47
78 12 65
78 16 26
78 17 96
78 18 26
78 19 37
78 21 22
78 22 28
78 23 27
78 24 55
78 25 32
78 27 40
78 28 61
78 29 85
78 30 61
78 31 59
78 32 26
78 33 41
78 34 48
78 36 21
78 38 56
78 39 60
78 40 83
78 41 54
78 42 33
78 43 18
78 44 52
78 45 57
78 46 40
78 47 31
78 48 51
78 49 91
78 50 34
78 51 63
78 52 48
78 53 30
78 54 89
78 55 83
78 56 49
78 57 74
78 59 40
78 60 51
78 61 88
78 62 37
78 63 45
78 64 61
78 65 83
78 66 67
78 67 40
78 68 83
78 70 56
78 71 60
78 72 85
78 73 95
78 74 71
78 76 73
78 77 79
78 79 31
78 81 81
78 82 96
78 t 92
79 2 64
79 4 84
79 6 78
79 7 95
79 8 78
79 9 84
79 10 87
79 12 82
79 14 40
79 16 58
79 17 56
79 18 37
79 19 18
79 20 45
79 21 17
79 22 75
79 23 53
79 27 64
79 28 42
79 29 43
79 31 45
79 32 79
79 33 17
79 34 94
79 35 46
79 36 20
79 37 40
79 38 76
79 39 50
79 40 21
79 41 88
79 42 52
79 43 69
79 44 38
79 46 37
79 47 42
79 48 69
79 49 92
79 50 40
79 51 75
79 52 37
79 53 64
79 54 27
79 55 76
79 56 68
79 57 89
79 58 41
79 59 89
79 61 50
79 62 91
79 63 81
79 64 76
79 65 60
79 68 40
79 71 36
79 73 86
79 74 29
79 75 25
79 76 71
79 77 69
79 78 31
79 80 25
79 82 56
79 t 58
80 1 95
80 2 27
80 4 80
80 5 54
80 6 26
80 7 28
80 10 79
80 11 90
80 12 47
80 13 96
80 14 52
80 15 31
80 16 29
80 17 65
80 19 76
80 20 57
80 22 40
80 23 59
80 24 27
80 26 44
80 27 56
80 28 75
80 29 92
80 30 39
80 31 77
80 32 22
80 34 94
80 35 67
80 37 26
80 38 30
80 39 52
80 43 68
80 44 19
80 47 56
80 48 83
80 49 85
80 51 74
80 52 27
80 53 76
80 54 38
80 55 26
80 56 51
80 57 76
80 58 62
80 59 18
80 60 47
80 61 71
80 62 52
80 63 25
80 64 20
80 65 85
80 66 19
80 67 90
80 68 36
80 70 96
80 71 48
80 72 20
80 74 55
80 75 19
80 79 25
80 81 91
80 82 56
80 t 26
81 2 60
81 5 79
81 6 77
81 7 18
81 9 25
81 10 55
81 12 47
81 13 57
81 14 73
81 18 93
81 20 48
81 22 55
81 25 39
81 26 25
81 27 54
81 29 30
81 30 27
81 31 70
81 33 69
81 34 79
81 35 52
81 36 76
81 37 67
81 38 71
81 39 93
81 41 65
81 42 85
81 43 88
81 44 86
81 46 88
81 47 19
81 48 77
81 49 83
81 50 75
81 51 94
81 52 84
81 53 41
81 54 55
81 55 21
81 56 88
81 58 43
81 61 92
81 62 89
81 63 44
81 64 20
81 65 57
81 68 40
81 69 67
81 70 72
81 72 37
81 73 22
81 74 63
81 75 61
81 77 44
81 78 81
81 80 91
81 t 56
82 2 34
82 4 40
82 5 49
82 6 66
82 7 80
82 8 32
82 9 29
82 10 17
82 11 24
82 12 25
82 13 41
82 14 88
82 15 59
82 16 76
82 18 59
82 19 86
82 20 82
82 21 57
82 23 18
82 24 21
82 25 96
82 26 51
82 27 33
82 29 75
82 30 74
82 31 95
82 32 47
82 33 87
82 35 23
82 36 20
82 37 69
82 38 36
82 39 21
82 40 87
82 41 88
82 42 46
82 43 53
82 44 44
82 45 55
82 46 35
82 48 90
82 49 53
82 50 42
82 51 32
82 53 23
82 56 44
82 57 34
82 59 48
82 60 34
82 61 84
82 62 79
82 63 88
82 64 53
82 65 91
82 66 22
82 67 67
82 68 66
82 69 81
82 70 33
82 71 31
82 72 37
82 74 61
82 75 19
82 76 64
82 77 18
82 78 96
82 79 56
82 80 56
82 t 65
