s 1 78
s 4 31
s 9 54
s 10 70
s 11 28
s 14 13
s 18 60
s 19 23
s 21 84
s 23 54
s 25 103
s 27 45
s 28 27
s 34 104
s 40 74
s 42 102
s 43 149
s 44 13
s 45 71
s 46 15
s 51 49
s 52 114
s 53 142
s 55 160
s 56 66
s 58 82
s 59 89
s t 95
1 2 34
1 4 159
1 5 73
1 9 41
1 10 13
1 13 122
1 15 51
1 26 89
1 27 37
1 30 150
1 31 94
1 32 57
1 33 91
1 34 73
1 35 153
1 38 58
1 42 132
1 45 111
1 50 56
1 52 142
1 53 152
1 59 83
1 60 143
1 62 123
1 t 43
2 1 34
2 6 131
2 7 63
2 8 24
2 9 49
2 10 16
2 11 68
2 13 86
2 15 89
2 20 61
2 21 99
2 22 34
2 32 120
2 33 124
2 35 52
2 36 117
2 38 77
2 41 159
2 44 101
2 47 31
2 49 21
2 50 54
2 52 158
2 54 44
2 57 9
2 61 16
2 62 111
3 11 33
3 13 140
3 15 93
3 18 115
3 20 119
3 21 7
3 24 9
3 25 27
3 26 94
3 29 32
3 36 57
3 38 149
3 41 78
3 42 142
3 43 112
3 45 28
3 47 125
3 49 154
3 52 48
3 55 59
3 56 51
3 57 90
3 58 139
3 60 60
3 61 144
4 1 159
4 7 33
4 9 41
4 12 8
4 14 100
4 15 68
4 16 11
4 19 159
4 20 139
4 21 29
4 22 72
4 27 62
4 28 71
4 29 100
4 30 72
4 32 151
4 35 113
4 40 107
4 42 34
4 43 134
4 44 113
4 45 44
4 47 113
4 48 24
4 50 90
4 51 113
4 54 32
4 55 152
4 56 149
4 57 78
4 59 5
4 60 50
4 61 102
5 1 73
5 6 27
5 7 32
5 10 55
5 12 89
5 14 75
5 16 101
5 17 36
5 18 75
5 22 73
5 23 8
5 25 159
5 28 81
5 30 158
5 32 120
5 33 13
5 36 56
5 37 111
5 41 110
5 44 96
5 45 116
5 51 96
5 53 113
5 55 83
5 61 56
5 62 107
6 2 131
6 5 27
6 7 65
6 8 58
6 9 129
6 10 42
6 13 74
6 15 93
6 22 65
6 24 33
6 27 147
6 32 137
6 33 27
6 36 83
6 40 18
6 47 53
6 49 86
6 50 3
6 52 139
6 54 30
6 57 57
6 61 110
7 2 63
7 4 33
7 5 32
7 6 65
7 8 49
7 9 157
7 13 73
7 14 155
7 21 110
7 27 17
7 29 7
7 31 22
7 32 148
7 33 155
7 38 139
7 41 134
7 42 34
7 44 78
7 47 70
7 50 11
7 52 90
7 53 72
7 54 58
7 56 25
7 58 112
7 59 78
7 60 153
7 62 100
8 2 24
8 6 58
8 7 49
8 11 20
8 13 131
8 15 143
8 16 19
8 18 136
8 19 42
8 20 36
8 22 115
8 24 30
8 26 89
8 27 17
8 28 22
8 31 115
8 32 136
8 34 128
8 36 128
8 37 46
8 38 90
8 39 78
8 40 113
8 43 49
8 46 2
8 47 131
8 49 31
8 50 126
8 54 119
8 55 21
8 57 155
8 59 30
8 61 14
9 1 41
9 2 49
9 4 41
9 6 129
9 7 157
9 10 57
9 12 47
9 15 33
9 17 129
9 20 103
9 21 144
9 23 128
9 25 104
9 26 11
9 27 50
9 29 69
9 30 73
9 31 145
9 36 51
9 41 56
9 42 112
9 43 39
9 48 42
9 49 146
9 52 64
9 53 8
9 56 11
9 58 24
9 60 119
9 62 7
10 1 13
10 2 16
10 5 55
10 6 42
10 9 57
10 12 34
10 13 146
10 14 66
10 16 104
10 17 127
10 18 35
10 23 55
10 26 103
10 27 60
10 28 54
10 31 82
10 32 149
10 33 91
10 35 95
10 36 61
10 38 134
10 39 93
10 40 82
10 41 38
10 43 119
10 44 14
10 46 140
10 48 83
10 50 116
10 51 120
10 53 99
10 55 151
10 56 68
10 57 17
10 58 73
10 62 105
10 t 60
11 2 68
11 3 33
11 8 20
11 12 9
11 13 128
11 15 68
11 17 151
11 23 113
11 27 31
11 28 89
11 29 136
11 30 19
11 32 142
11 33 29
11 34 159
11 35 159
11 37 83
11 40 75
11 41 71
11 43 134
11 46 34
11 49 17
11 51 37
11 53 3
11 54 75
11 57 51
11 59 59
11 60 132
11 62 128
11 t 116
12 4 8
12 5 89
12 9 47
12 10 34
12 11 9
12 13 96
12 15 149
12 16 100
12 18 136
12 19 23
12 21 135
12 22 102
12 23 137
12 25 149
12 26 109
12 28 141
12 29 31
12 30 92
12 31 10
12 33 58
12 34 103
12 37 45
12 38 88
12 43 53
12 45 131
12 46 156
12 47 99
12 52 54
12 53 86
12 54 126
12 57 49
12 59 21
12 60 147
12 62 91
12 t 45
13 1 122
13 2 86
13 3 140
13 6 74
13 7 73
13 8 131
13 10 146
13 11 128
13 12 96
13 14 143
13 15 120
13 17 101
13 18 83
13 20 102
13 23 89
13 25 43
13 26 85
13 28 140
13 29 150
13 32 72
13 33 68
13 34 136
13 37 97
13 40 159
13 45 62
13 46 6
13 47 128
13 50 51
13 57 47
13 58 67
13 60 36
13 62 65
13 t 125
14 4 100
14 5 75
14 7 155
14 10 66
14 13 143
14 15 61
14 16 92
14 18 64
14 19 132
14 24 102
14 30 54
14 34 54
14 36 88
14 37 18
14 43 54
14 45 42
14 46 26
14 48 127
14 51 96
14 52 129
14 53 43
14 54 159
14 55 63
14 59 64
14 61 67
14 62 130
15 1 51
15 2 89
15 3 93
15 4 68
15 6 93
15 8 143
15 9 33
15 11 68
15 12 149
15 13 120
15 14 61
15 17 76
15 18 124
15 20 42
15 21 54
15 23 135
15 25 29
15 26 137
15 30 48
15 31 142
15 32 26
15 34 135
15 35 15
15 36 96
15 38 140
15 40 52
15 42 149
15 43 25
15 45 94
15 47 40
15 48 148
15 49 92
15 51 92
15 54 105
15 59 135
16 4 11
16 5 101
16 8 19
16 10 104
16 12 100
16 14 92
16 17 94
16 19 14
16 20 83
16 22 146
16 23 122
16 24 127
16 26 36
16 27 53
16 29 74
16 31 79
16 34 15
16 35 69
16 38 83
16 39 17
16 41 148
16 43 81
16 44 127
16 45 41
16 46 77
16 47 8
16 49 8
16 51 71
16 57 150
16 60 150
16 62 136
16 t 45
17 5 36
17 9 129
17 10 127
17 11 151
17 13 101
17 15 76
17 16 94
17 18 71
17 19 125
17 20 107
17 21 151
17 23 134
17 25 92
17 26 53
17 28 65
17 31 52
17 32 113
17 33 148
17 34 47
17 36 106
17 38 66
17 40 59
17 41 105
17 43 118
17 44 98
17 45 76
17 47 121
17 49 68
17 53 90
17 57 106
17 58 149
17 59 101
17 60 39
17 62 124
18 3 115
18 5 75
18 8 136
18 10 35
18 12 136
18 13 83
18 14 64
18 15 124
18 17 71
18 19 90
18 20 48
18 21 107
18 24 95
18 27 30
18 28 11
18 31 4
18 34 31
18 37 20
18 41 44
18 45 14
18 47 42
18 48 107
18 51 129
18 53 118
18 55 37
18 56 116
18 58 47
18 59 24
18 60 100
18 61 85
18 t 59
19 4 159
19 8 42
19 12 23
19 14 132
19 16 14
19 17 125
19 18 90
19 22 144
19 26 143
19 27 39
19 28 156
19 29 115
19 32 126
19 33 127
19 36 67
19 38 4
19 40 34
19 41 3
19 42 27
19 44 4
19 45 160
19 49 51
19 53 80
19 56 150
19 57 7
19 58 141
19 59 17
19 60 137
19 61 82
19 t 97
20 2 61
20 3 119
20 4 139
20 8 36
20 9 103
20 13 102
20 15 42
20 16 83
20 17 107
20 18 48
20 21 160
20 26 124
20 30 66
20 31 115
20 32 104
20 33 36
20 36 48
20 37 86
20 38 17
20 39 129
20 42 159
20 43 85
20 45 140
20 47 123
20 48 5
20 49 58
20 51 155
20 53 123
20 54 142
20 55 49
20 59 130
20 60 43
20 61 45
20 t 105
21 2 99
21 3 7
21 4 29
21 7 110
21 9 144
21 12 135
21 15 54
21 17 151
21 18 107
21 20 160
21 22 33
21 23 124
21 24 8
21 25 100
21 29 77
21 31 49
21 33 103
21 36 87
21 37 111
21 40 62
21 42 8
21 43 97
21 44 22
21 46 19
21 48 88
21 54 13
21 55 72
21 56 39
21 57 105
21 61 127
21 62 52
22 2 34
22 4 72
22 5 73
22 6 65
22 8 115
22 12 102
22 16 146
22 19 144
22 21 33
22 23 62
22 27 160
22 28 53
22 31 63
22 33 13
22 35 74
22 37 4
22 38 96
22 39 149
22 50 60
22 51 5
22 55 144
22 59 34
22 60 53
22 62 94
22 t 143
23 5 8
23 9 128
23 10 55
23 11 113
23 12 137
23 13 89
23 15 135
23 16 122
23 17 134
23 21 124
23 22 62
23 25 115
23 28 35
23 29 32
23 33 92
23 34 131
23 35 84
23 36 107
23 37 65
23 38 85
23 40 70
23 41 95
23 45 121
23 47 96
23 48 136
23 49 98
23 54 117
23 62 19
23 t 98
24 3 9
24 6 33
24 8 30
24 14 102
24 16 127
24 18 95
24 21 8
24 25 2
24 28 78
24 29 22
24 31 19
24 32 51
24 35 128
24 36 13
24 38 132
24 39 80
24 40 30
24 43 92
24 44 64
24 46 16
24 47 65
24 50 86
24 52 120
24 53 84
24 58 67
24 t 157
25 3 27
25 5 159
25 9 104
25 12 149
25 13 43
25 15 29
25 17 92
25 21 100
25 23 115
25 24 2
25 27 71
25 29 119
25 30 48
25 33 6
25 34 114
25 35 53
25 37 155
25 38 95
25 41 103
25 43 147
25 44 128
25 46 88
25 47 94
25 49 146
25 50 104
25 51 4
25 52 62
25 54 45
25 56 134
25 57 160
26 1 89
26 3 94
26 8 89
26 9 11
26 10 103
26 12 109
26 13 85
26 15 137
26 16 36
26 17 53
26 19 143
26 20 124
26 27 13
26 28 132
26 30 30
26 31 110
26 34 25
26 35 40
26 36 108
26 37 81
26 38 84
26 39 124
26 40 144
26 41 78
26 42 152
26 43 139
26 48 95
26 51 102
26 53 95
26 54 8
26 55 66
26 58 75
26 61 91
26 t 93
27 1 37
27 4 62
27 6 147
27 7 17
27 8 17
27 9 50
27 10 60
27 11 31
27 16 53
27 18 30
27 19 39
27 22 160
27 25 71
27 26 13
27 30 92
27 31 113
27 32 5
27 35 112
27 39 146
27 40 50
27 41 137
27 43 151
27 46 135
27 47 108
27 52 98
27 55 159
27 56 126
27 57 80
27 60 130
27 t 124
28 4 71
28 5 81
28 8 22
28 10 54
28 11 89
28 12 141
28 13 140
28 17 65
28 18 11
28 19 156
28 22 53
28 23 35
28 24 78
28 26 132
28 33 137
28 36 45
28 38 40
28 40 15
28 42 76
28 43 105
28 46 61
28 47 71
28 48 108
28 49 47
28 50 62
28 51 114
28 59 99
28 61 103
28 62 10
28 t 78
29 3 32
29 4 100
29 7 7
29 9 69
29 11 136
29 12 31
29 13 150
29 16 74
29 19 115
29 21 77
29 23 32
29 24 22
29 25 119
29 35 160
29 36 130
29 37 140
29 38 91
29 40 10
29 44 118
29 45 47
29 48 147
29 49 133
29 51 16
29 52 82
29 53 9
29 56 24
29 60 104
30 1 150
30 4 72
30 5 158
30 9 73
30 11 19
30 12 92
30 14 54
30 15 48
30 20 66
30 25 48
30 26 30
30 27 92
30 31 110
30 34 81
30 36 53
30 40 78
30 41 22
30 42 142
30 45 2
30 49 33
30 50 91
30 51 100
30 55 13
30 57 107
30 58 113
30 60 15
30 t 14
31 1 94
31 7 22
31 8 115
31 9 145
31 10 82
31 12 10
31 15 142
31 16 79
31 17 52
31 18 4
31 20 115
31 21 49
31 22 63
31 24 19
31 26 110
31 27 113
31 30 110
31 32 104
31 35 63
31 36 93
31 42 131
31 44 14
31 45 105
31 50 145
31 55 135
31 56 73
31 58 95
31 61 55
31 62 68
31 t 137
32 1 57
32 2 120
32 4 151
32 5 120
32 6 137
32 7 148
32 8 136
32 10 149
32 11 142
32 13 72
32 15 26
32 17 113
32 19 126
32 20 104
32 24 51
32 27 5
32 31 104
32 34 107
32 35 2
32 37 119
32 40 72
32 43 117
32 45 137
32 48 82
32 50 72
32 51 143
32 52 21
32 56 156
32 58 130
32 60 142
32 62 9
33 1 91
33 2 124
33 5 13
33 6 27
33 7 155
33 10 91
33 11 29
33 12 58
33 13 68
33 17 148
33 19 127
33 20 36
33 21 103
33 22 13
33 23 92
33 25 6
33 28 137
33 34 109
33 35 42
33 36 64
33 39 44
33 40 27
33 41 99
33 42 140
33 46 109
33 49 152
33 50 107
33 51 69
33 52 158
33 53 62
33 56 18
33 59 62
33 60 21
34 1 73
34 8 128
34 11 159
34 12 103
34 13 136
34 14 54
34 15 135
34 16 15
34 17 47
34 18 31
34 23 131
34 25 114
34 26 25
34 30 81
34 32 107
34 33 109
34 39 71
34 41 92
34 45 142
34 46 49
34 49 74
34 52 56
34 55 93
34 57 132
34 60 142
34 62 35
34 t 92
35 1 153
35 2 52
35 4 113
35 10 95
35 11 159
35 15 15
35 16 69
35 22 74
35 23 84
35 24 128
35 25 53
35 26 40
35 27 112
35 29 160
35 31 63
35 32 2
35 33 42
35 40 129
35 41 84
35 44 147
35 53 159
35 55 152
35 57 22
35 61 28
36 2 117
36 3 57
36 5 56
36 6 83
36 8 128
36 9 51
36 10 61
36 14 88
36 15 96
36 17 106
36 19 67
36 20 48
36 21 87
36 23 107
36 24 13
36 26 108
36 28 45
36 29 130
36 30 53
36 31 93
36 33 64
36 37 6
36 43 64
36 44 61
36 47 123
36 48 62
36 51 150
36 54 88
36 55 38
36 60 71
37 5 111
37 8 46
37 11 83
37 12 45
37 13 97
37 14 18
37 18 20
37 20 86
37 21 111
37 22 4
37 23 65
37 25 155
37 26 81
37 29 140
37 32 119
37 36 6
37 40 122
37 41 18
37 46 90
37 47 145
37 49 37
37 50 33
37 52 57
37 53 94
37 54 103
37 56 17
37 57 94
37 58 139
37 t 81
38 1 58
38 2 77
38 3 149
38 7 139
38 8 90
38 10 134
38 12 88
38 15 140
38 16 83
38 17 66
38 19 4
38 20 17
38 22 96
38 23 85
38 24 132
38 25 95
38 26 84
38 28 40
38 29 91
38 39 93
38 42 86
38 43 92
38 45 35
38 46 133
38 47 15
38 49 77
38 50 84
38 55 62
38 56 30
38 57 160
38 t 21
39 8 78
39 10 93
39 16 17
39 20 129
39 22 149
39 24 80
39 26 124
39 27 146
39 33 44
39 34 71
39 38 93
39 41 32
39 43 30
39 45 105
39 46 31
39 50 42
39 52 118
39 58 95
39 59 154
39 60 146
39 61 148
39 62 125
40 4 107
40 6 18
40 8 113
40 10 82
40 11 75
40 13 159
40 15 52
40 17 59
40 19 34
40 21 62
40 23 70
40 24 30
40 26 144
40 27 50
40 28 15
40 29 10
40 30 78
40 32 72
40 33 27
40 35 129
40 37 122
40 41 160
40 42 13
40 43 61
40 45 157
40 46 110
40 49 32
40 51 100
40 53 42
40 55 116
40 56 11
40 61 148
40 t 103
41 2 159
41 3 78
41 5 110
41 7 134
41 9 56
41 10 38
41 11 71
41 16 148
41 17 105
41 18 44
41 19 3
41 23 95
41 25 103
41 26 78
41 27 137
41 30 22
41 33 99
41 34 92
41 35 84
41 37 18
41 39 32
41 40 160
41 42 120
41 43 148
41 44 60
41 46 144
41 51 9
41 58 151
41 59 29
41 60 105
41 61 135
41 62 106
41 t 123
42 1 132
42 3 142
42 4 34
42 7 34
42 9 112
42 15 149
42 19 27
42 20 159
42 21 8
42 26 152
42 28 76
42 30 142
42 31 131
42 33 140
42 38 86
42 40 13
42 41 120
42 43 135
42 45 120
42 48 126
42 49 146
42 51 140
42 53 89
42 54 65
42 55 41
42 56 73
42 59 118
42 61 154
43 3 112
43 4 134
43 8 49
43 9 39
43 10 119
43 11 134
43 12 53
43 14 54
43 15 25
43 16 81
43 17 118
43 20 85
43 21 97
43 24 92
43 25 147
43 26 139
43 27 151
43 28 105
43 32 117
43 36 64
43 38 92
43 39 30
43 40 61
43 41 148
43 42 135
43 44 8
43 48 158
43 50 92
43 52 78
43 53 3
43 54 147
43 55 119
43 56 155
43 57 106
44 2 101
44 4 113
44 5 96
44 7 78
44 10 14
44 16 127
44 17 98
44 19 4
44 21 22
44 24 64
44 25 128
44 29 118
44 31 14
44 35 147
44 36 61
44 41 60
44 43 8
44 46 137
44 50 101
44 51 94
44 52 155
44 55 131
44 56 118
44 61 93
44 62 160
45 1 111
45 3 28
45 4 44
45 5 116
45 12 131
45 13 62
45 14 42
45 15 94
45 16 41
45 17 76
45 18 14
45 19 160
45 20 140
45 23 121
45 29 47
45 30 2
45 31 105
45 32 137
45 34 142
45 38 35
45 39 105
45 40 157
45 42 120
45 46 157
45 47 41
45 48 51
45 49 21
45 51 87
45 52 16
45 53 115
45 55 109
45 57 142
45 58 24
45 61 155
46 8 2
46 10 140
46 11 34
46 12 156
46 13 6
46 14 26
46 16 77
46 21 19
46 24 16
46 25 88
46 27 135
46 28 61
46 33 109
46 34 49
46 37 90
46 38 133
46 39 31
46 40 110
46 41 144
46 44 137
46 45 157
46 47 66
46 49 95
46 50 127
46 53 139
46 57 83
47 2 31
47 3 125
47 4 113
47 6 53
47 7 70
47 8 131
47 12 99
47 13 128
47 15 40
47 16 8
47 17 121
47 18 42
47 20 123
47 23 96
47 24 65
47 25 94
47 27 108
47 28 71
47 36 123
47 37 145
47 38 15
47 45 41
47 46 66
47 50 38
47 52 112
47 54 10
47 56 18
47 57 50
47 59 20
47 61 46
47 62 54
48 4 24
48 9 42
48 10 83
48 14 127
48 15 148
48 18 107
48 20 5
48 21 88
48 23 136
48 26 95
48 28 108
48 29 147
48 32 82
48 36 62
48 42 126
48 43 158
48 45 51
48 50 15
48 51 123
48 52 22
48 53 8
48 54 36
48 55 68
48 56 151
48 58 48
48 60 62
48 62 20
49 2 21
49 3 154
49 6 86
49 8 31
49 9 146
49 11 17
49 15 92
49 16 8
49 17 68
49 19 51
49 20 58
49 23 98
49 25 146
49 28 47
49 29 133
49 30 33
49 33 152
49 34 74
49 37 37
49 38 77
49 40 32
49 42 146
49 45 21
49 46 95
49 52 115
49 53 130
49 54 78
49 55 152
49 56 35
49 57 110
49 58 128
49 59 35
49 60 28
49 62 141
49 t 97
50 1 56
50 2 54
50 4 90
50 6 3
50 7 11
50 8 126
50 10 116
50 13 51
50 22 60
50 24 86
50 25 104
50 28 62
50 30 91
50 31 145
50 32 72
50 33 107
50 37 33
50 38 84
50 39 42
50 43 92
50 44 101
50 46 127
50 47 38
50 48 15
50 51 8
50 52 66
50 53 129
50 54 122
50 55 136
50 58 38
50 60 134
50 61 80
50 t 124
51 4 113
51 5 96
51 10 120
51 11 37
51 14 96
51 15 92
51 16 71
51 18 129
51 20 155
51 22 5
51 25 4
51 26 102
51 28 114
51 29 16
51 30 100
51 32 143
51 33 69
51 36 150
51 40 100
51 41 9
51 42 140
51 44 94
51 45 87
51 48 123
51 50 8
51 53 108
51 54 107
51 56 43
51 57 13
51 58 57
51 61 134
52 1 142
52 2 158
52 3 48
52 6 139
52 7 90
52 9 64
52 12 54
52 14 129
52 24 120
52 25 62
52 27 98
52 29 82
52 32 21
52 33 158
52 34 56
52 37 57
52 39 118
52 43 78
52 44 155
52 45 16
52 47 112
52 48 22
52 49 115
52 50 66
52 53 87
52 54 153
52 56 104
52 57 94
52 58 50
52 59 50
52 60 120
53 1 152
53 5 113
53 7 72
53 9 8
53 10 99
53 11 3
53 12 86
53 14 43
53 17 90
53 18 118
53 19 80
53 20 123
53 24 84
53 26 95
53 29 9
53 33 62
53 35 159
53 37 94
53 40 42
53 42 89
53 43 3
53 45 115
53 46 139
53 48 8
53 49 130
53 50 129
53 51 108
53 52 87
53 56 23
53 57 25
53 59 120
53 61 4
53 62 145
53 t 116
54 2 44
54 4 32
54 6 30
54 7 58
54 8 119
54 11 75
54 12 126
54 14 159
54 15 105
54 20 142
54 21 13
54 23 117
54 25 45
54 26 8
54 36 88
54 37 103
54 42 65
54 43 147
54 47 10
54 48 36
54 49 78
54 50 122
54 51 107
54 52 153
54 55 64
54 56 60
54 59 39
54 61 88
54 62 79
54 t 111
55 3 59
55 4 152
55 5 83
55 8 21
55 10 151
55 14 63
55 18 37
55 20 49
55 21 72
55 22 144
55 26 66
55 27 159
55 30 13
55 31 135
55 34 93
55 35 152
55 36 38
55 38 62
55 40 116
55 42 41
55 43 119
55 44 131
55 45 109
55 48 68
55 49 152
55 50 136
55 54 64
55 57 59
55 58 95
55 59 97
55 62 54
55 t 112
56 3 51
56 4 149
56 7 25
56 9 11
56 10 68
56 18 116
56 19 150
56 21 39
56 25 134
56 27 126
56 29 24
56 31 73
56 32 156
56 33 18
56 37 17
56 38 30
56 40 11
56 42 73
56 43 155
56 44 118
56 47 18
56 48 151
56 49 35
56 51 43
56 52 104
56 53 23
56 54 60
56 57 70
56 58 31
56 59 66
56 60 46
56 61 103
57 2 9
57 3 90
57 4 78
57 6 57
57 8 155
57 10 17
57 11 51
57 12 49
57 13 47
57 16 150
57 17 106
57 19 7
57 21 105
57 25 160
57 27 80
57 30 107
57 34 132
57 35 22
57 37 94
57 38 160
57 43 106
57 45 142
57 46 83
57 47 50
57 49 110
57 51 13
57 52 94
57 53 25
57 55 59
57 56 70
57 59 80
57 60 65
57 62 7
57 t 65
58 3 139
58 7 112
58 9 24
58 10 73
58 13 67
58 17 149
58 18 47
58 19 141
58 24 67
58 26 75
58 30 113
58 31 95
58 32 130
58 37 139
58 39 95
58 41 151
58 45 24
58 48 48
58 49 128
58 50 38
58 51 57
58 52 50
58 55 95
58 56 31
58 61 58
58 62 142
59 1 83
59 4 5
59 7 78
59 8 30
59 11 59
59 12 21
59 14 64
59 15 135
59 17 101
59 18 24
59 19 17
59 20 130
59 22 34
59 28 99
59 33 62
59 39 154
59 41 29
59 42 118
59 47 20
59 49 35
59 52 50
59 53 120
59 54 39
59 55 97
59 56 66
59 57 80
59 60 151
60 1 143
60 3 60
60 4 50
60 7 153
60 9 119
60 11 132
60 12 147
60 13 36
60 16 150
60 17 39
60 18 100
60 19 137
60 20 43
60 22 53
60 27 130
60 29 104
60 30 15
60 32 142
60 33 21
60 34 142
60 36 71
60 39 146
60 41 105
60 48 62
60 49 28
60 50 134
60 52 120
60 56 46
60 57 65
60 59 151
60 61 18
60 t 23
61 2 16
61 3 144
61 4 102
61 5 56
61 6 110
61 8 14
61 14 67
61 18 85
61 19 82
61 20 45
61 21 127
61 26 91
61 28 103
61 31 55
61 35 28
61 39 148
61 40 148
61 41 135
61 42 154
61 44 93
61 45 155
61 47 46
61 50 80
61 51 134
61 53 4
61 54 88
61 56 103
61 58 58
61 60 18
61 62 147
62 1 123
62 2 111
62 5 107
62 7 100
62 9 7
62 10 105
62 11 128
62 12 91
62 13 65
62 14 130
62 16 136
62 17 124
62 21 52
62 22 94
62 23 19
62 28 10
62 31 68
62 32 9
62 34 35
62 39 125
62 41 106
62 44 160
62 47 54
62 48 20
62 49 141
62 53 145
62 54 79
62 55 54
62 57 7
62 58 142
62 61 147
62 t 59
